#	Freq	Err	Trans
    5.49900E+02    2.17612E+02    3.10565E-95
    5.50000E+02    2.23390E+02    9.61276E-98
    5.50100E+02    2.29420E+02    2.31366E-100
    5.50200E+02    2.35712E+02    4.27979E-100
    5.50300E+02    2.42280E+02    6.01481E-100
    5.50400E+02    2.49140E+02    6.30906E-100
    5.50500E+02    2.56307E+02    4.86748E-100
    5.50600E+02    2.63794E+02    2.72798E-100
    5.50700E+02    2.71623E+02    1.08588E-100
    5.50800E+02    2.79820E+02    2.98959E-100
    5.50900E+02    2.88433E+02    5.43204E-100
    5.51000E+02    2.97678E+02    5.25000E-100
    5.51100E+02    3.06747E+02    6.04884E-100
    5.51200E+02    3.16511E+02    3.47720E-100
    5.51300E+02    3.26822E+02    1.15590E-100
    5.51400E+02    3.37638E+02    2.32208E-100
    5.51500E+02    3.48916E+02    2.93430E-100
    5.51600E+02    3.60766E+02    2.09493E-100
    5.51700E+02    3.73206E+02    8.28914E-100
    5.51800E+02    3.86307E+02    1.69503E-100
    5.51900E+02    4.00061E+02    1.80193E-100
    5.52000E+02    4.14525E+02    9.42497E-100
    5.52100E+02    4.29750E+02    2.30127E-100
    5.52200E+02    4.45771E+02    2.53556E-100
    5.52300E+02    4.62653E+02    1.18082E-100
    5.52400E+02    4.80488E+02    2.12090E-100
    5.52500E+02    4.99310E+02    1.42109E-100
    5.52600E+02    5.19208E+02    3.24077E-100
    5.52700E+02    5.40247E+02    2.36424E-100
    5.52800E+02    5.62546E+02    4.88894E-100
    5.52900E+02    5.86164E+02    2.70592E-100
    5.53000E+02    6.11225E+02    3.53563E-100
    5.53100E+02    6.37819E+02    9.97563E-100
    5.53200E+02    6.66065E+02    5.38889E-100
    5.53300E+02    6.96116E+02    4.79146E-100
    5.53400E+02    7.28090E+02    6.23242E-100
    5.53500E+02    7.62135E+02    0.00000E+00
    5.53600E+02    7.98434E+02    0.00000E+00
    5.53700E+02    8.37107E+02    0.00000E+00
    5.53800E+02    8.78423E+02    0.00000E+00
    5.53900E+02    9.22562E+02    0.00000E+00
    5.54000E+02    9.69734E+02    0.00000E+00
    5.54100E+02    1.02021E+03    0.00000E+00
    5.54200E+02    1.07420E+03    0.00000E+00
    5.54300E+02    1.13206E+03    0.00000E+00
    5.54400E+02    1.19403E+03    0.00000E+00
    5.54500E+02    1.26044E+03    0.00000E+00
    5.54600E+02    1.33163E+03    0.00000E+00
    5.54700E+02    1.40798E+03    0.00000E+00
    5.54800E+02    1.48982E+03    0.00000E+00
    5.54900E+02    1.57754E+03    0.00000E+00
    5.55000E+02    1.67150E+03    0.00000E+00
    5.55100E+02    1.77207E+03    0.00000E+00
    5.55200E+02    1.87959E+03    0.00000E+00
    5.55300E+02    1.99438E+03    0.00000E+00
    5.55400E+02    2.11667E+03    0.00000E+00
    5.55500E+02    2.24661E+03    0.00000E+00
    5.55600E+02    2.38420E+03    0.00000E+00
    5.55700E+02    2.52929E+03    0.00000E+00
    5.55800E+02    2.68149E+03    0.00000E+00
    5.55900E+02    2.84014E+03    0.00000E+00
    5.56000E+02    3.00414E+03    0.00000E+00
    5.56100E+02    3.17212E+03    0.00000E+00
    5.56200E+02    3.34191E+03    0.00000E+00
    5.56300E+02    3.51049E+03    0.00000E+00
    5.56400E+02    3.67488E+03    0.00000E+00
    5.56500E+02    3.83057E+03    0.00000E+00
    5.56600E+02    3.97216E+03    0.00000E+00
    5.56700E+02    4.09278E+03    0.00000E+00
    5.56800E+02    4.18514E+03    0.00000E+00
    5.56900E+02    4.23822E+03    0.00000E+00
    5.57000E+02    4.23011E+03    0.00000E+00
    5.57100E+02    4.16770E+03    0.00000E+00
    5.57200E+02    4.06929E+03    0.00000E+00
    5.57300E+02    3.94478E+03    0.00000E+00
    5.57400E+02    3.80107E+03    0.00000E+00
    5.57500E+02    3.64447E+03    0.00000E+00
    5.57600E+02    3.48036E+03    0.00000E+00
    5.57700E+02    3.31265E+03    0.00000E+00
    5.57800E+02    3.14435E+03    0.00000E+00
    5.57900E+02    2.97848E+03    0.00000E+00
    5.58000E+02    2.81668E+03    0.00000E+00
    5.58100E+02    2.66037E+03    0.00000E+00
    5.58200E+02    2.51060E+03    0.00000E+00
    5.58300E+02    2.36794E+03    0.00000E+00
    5.58400E+02    2.23272E+03    0.00000E+00
    5.58500E+02    2.10504E+03    0.00000E+00
    5.58600E+02    1.98491E+03    0.00000E+00
    5.58700E+02    1.87214E+03    0.00000E+00
    5.58800E+02    1.76644E+03    0.00000E+00
    5.58900E+02    1.66759E+03    0.00000E+00
    5.59000E+02    1.57518E+03    0.00000E+00
    5.59100E+02    1.48890E+03    0.00000E+00
    5.59200E+02    1.40835E+03    0.00000E+00
    5.59300E+02    1.33316E+03    0.00000E+00
    5.59400E+02    1.26299E+03    0.00000E+00
    5.59500E+02    1.19751E+03    0.00000E+00
    5.59600E+02    1.13636E+03    0.00000E+00
    5.59700E+02    1.07928E+03    0.00000E+00
    5.59800E+02    1.02600E+03    0.00000E+00
    5.59900E+02    9.76057E+02    0.00000E+00
    5.60000E+02    9.29325E+02    0.00000E+00
    5.60100E+02    8.85600E+02    0.00000E+00
    5.60200E+02    8.44641E+02    0.00000E+00
    5.60300E+02    8.06236E+02    0.00000E+00
    5.60400E+02    7.70201E+02    0.00000E+00
    5.60500E+02    7.36358E+02    1.59929E-100
    5.60600E+02    7.04553E+02    1.03855E-100
    5.60700E+02    6.74640E+02    1.01792E-100
    5.60800E+02    6.46496E+02    1.69893E-100
    5.60900E+02    6.19973E+02    5.61065E-100
    5.61000E+02    5.94950E+02    4.13382E-100
    5.61100E+02    5.71338E+02    7.43479E-100
    5.61200E+02    5.49045E+02    3.57164E-100
    5.61300E+02    5.27982E+02    5.01462E-100
    5.61400E+02    5.08030E+02    2.31999E-100
    5.61500E+02    4.89158E+02    3.64372E-100
    5.61600E+02    4.71275E+02    2.12723E-100
    5.61700E+02    4.54323E+02    4.89702E-100
    5.61800E+02    4.38241E+02    4.72570E-100
    5.61900E+02    4.22969E+02    2.02774E-100
    5.62000E+02    4.08446E+02    4.11166E-100
    5.62100E+02    3.94644E+02    4.05591E-100
    5.62200E+02    3.81502E+02    2.06845E-100
    5.62300E+02    3.68990E+02    5.61666E-100
    5.62400E+02    3.57079E+02    8.36960E-100
    5.62500E+02    3.45707E+02    7.26763E-100
    5.62600E+02    3.34875E+02    3.67685E-100
    5.62700E+02    3.24524E+02    1.15035E-100
    5.62800E+02    3.14624E+02    2.29380E-100
    5.62900E+02    3.05171E+02    2.92390E-100
    5.63000E+02    2.96146E+02    2.42995E-100
    5.63100E+02    2.87496E+02    1.38754E-100
    5.63200E+02    2.79211E+02    5.49752E-100
    5.63300E+02    2.71279E+02    1.53107E-100
    5.63400E+02    2.63680E+02    3.05706E-100
    5.63500E+02    2.56384E+02    4.50842E-100
    5.63600E+02    2.49378E+02    4.97268E-100
    5.63700E+02    2.42656E+02    4.13052E-100
    5.63800E+02    2.36201E+02    2.62535E-100
    5.63900E+02    2.29996E+02    1.30058E-100
    5.64000E+02    2.24034E+02    5.05164E-98
    5.64100E+02    2.18297E+02    1.56672E-95
    5.64200E+02    2.12776E+02    3.91450E-93
    5.64300E+02    2.07459E+02    7.97306E-91
    5.64400E+02    2.02341E+02    1.33208E-88
    5.64500E+02    1.97407E+02    1.84935E-86
    5.64600E+02    1.92652E+02    2.14964E-84
    5.64700E+02    1.88064E+02    2.11197E-82
    5.64800E+02    1.83639E+02    1.76434E-80
    5.64900E+02    1.79370E+02    1.26075E-78
    5.65000E+02    1.75245E+02    7.80036E-77
    5.65100E+02    1.71264E+02    4.17779E-75
    5.65200E+02    1.67416E+02    1.96019E-73
    5.65300E+02    1.63697E+02    8.07967E-72
    5.65400E+02    1.60102E+02    2.94175E-70
    5.65500E+02    1.56626E+02    9.51379E-69
    5.65600E+02    1.53267E+02    2.73645E-67
    5.65700E+02    1.50084E+02    6.59681E-66
    5.65800E+02    1.46858E+02    1.66077E-64
    5.65900E+02    1.43800E+02    3.53674E-63
    5.66000E+02    1.40850E+02    6.75785E-62
    5.66100E+02    1.38008E+02    1.15902E-60
    5.66200E+02    1.35319E+02    1.70547E-59
    5.66300E+02    1.33279E+02    1.31155E-58
    5.66400E+02    1.29988E+02    3.52428E-57
    5.66500E+02    1.27380E+02    4.78146E-56
    5.66600E+02    1.24912E+02    5.64350E-55
    5.66700E+02    1.22627E+02    5.54168E-54
    5.66800E+02    1.20242E+02    6.02103E-53
    5.66900E+02    1.17958E+02    5.90609E-52
    5.67000E+02    1.15702E+02    5.64028E-51
    5.67100E+02    1.13546E+02    4.87180E-50
    5.67200E+02    1.11458E+02    3.93093E-49
    5.67300E+02    1.09431E+02    2.98481E-48
    5.67400E+02    1.07462E+02    2.13622E-47
    5.67500E+02    1.05547E+02    1.45083E-46
    5.67600E+02    1.03683E+02    9.35204E-46
    5.67700E+02    1.01872E+02    5.72327E-45
    5.67800E+02    1.00113E+02    3.32377E-44
    5.67900E+02    9.83874E+01    1.86598E-43
    5.68000E+02    9.67129E+01    9.95645E-43
    5.68100E+02    9.50818E+01    5.08727E-42
    5.68200E+02    9.34931E+01    2.49139E-41
    5.68300E+02    9.19437E+01    1.17312E-40
    5.68400E+02    9.04335E+01    5.31170E-40
    5.68500E+02    8.89624E+01    2.31267E-39
    5.68600E+02    8.75245E+01    9.74083E-39
    5.68700E+02    8.61257E+01    3.94516E-38
    5.68800E+02    8.47575E+01    1.54991E-37
    5.68900E+02    8.34248E+01    5.87584E-37
    5.69000E+02    8.21225E+01    2.16091E-36
    5.69100E+02    8.08535E+01    7.68736E-36
    5.69200E+02    7.96113E+01    2.66217E-35
    5.69300E+02    7.84003E+01    8.93702E-35
    5.69400E+02    7.72184E+01    2.91399E-34
    5.69500E+02    7.60606E+01    9.27470E-34
    5.69600E+02    7.49317E+01    2.86802E-33
    5.69700E+02    7.38300E+01    8.63041E-33
    5.69800E+02    7.27560E+01    2.52629E-32
    5.69900E+02    7.17137E+01    7.16342E-32
    5.70000E+02    7.07252E+01    1.92499E-31
    5.70100E+02    7.00626E+01    3.73433E-31
    5.70200E+02    6.87248E+01    1.42292E-30
    5.70300E+02    6.77194E+01    3.88908E-30
    5.70400E+02    6.67633E+01    1.01176E-29
    5.70500E+02    6.58369E+01    2.55498E-29
    5.70600E+02    6.49334E+01    6.30627E-29
    5.70700E+02    6.40539E+01    1.51959E-28
    5.70800E+02    6.32108E+01    3.53101E-28
    5.70900E+02    6.24419E+01    7.61763E-28
    5.71000E+02    6.23830E+01    8.08009E-28
    5.71100E+02    6.07910E+01    3.96999E-27
    5.71200E+02    5.99098E+01    9.58287E-27
    5.71300E+02    5.91013E+01    2.15100E-26
    5.71400E+02    5.83246E+01    4.67688E-26
    5.71500E+02    5.75652E+01    9.99439E-26
    5.71600E+02    5.68263E+01    2.09248E-25
    5.71700E+02    5.61007E+01    4.32294E-25
    5.71800E+02    5.53909E+01    8.79089E-25
    5.71900E+02    5.46937E+01    1.76542E-24
    5.72000E+02    5.40118E+01    3.49131E-24
    5.72100E+02    5.33452E+01    6.79966E-24
    5.72200E+02    5.26879E+01    1.31204E-23
    5.72300E+02    5.20459E+01    2.49308E-23
    5.72400E+02    5.14165E+01    4.67834E-23
    5.72500E+02    5.08000E+01    8.66641E-23
    5.72600E+02    5.01944E+01    1.58797E-22
    5.72700E+02    4.96087E+01    2.85243E-22
    5.72800E+02    4.90510E+01    4.98218E-22
    5.72900E+02    4.85604E+01    8.13735E-22
    5.73000E+02    4.78942E+01    1.58416E-21
    5.73100E+02    4.73245E+01    2.80048E-21
    5.73200E+02    4.67769E+01    4.84207E-21
    5.73300E+02    4.62427E+01    8.26094E-21
    5.73400E+02    4.57219E+01    1.39069E-20
    5.73500E+02    4.52230E+01    2.29034E-20
    5.73600E+02    4.48959E+01    3.17642E-20
    5.73700E+02    4.42189E+01    6.25132E-20
    5.73800E+02    4.37101E+01    1.03981E-19
    5.73900E+02    4.32240E+01    1.69074E-19
    5.74000E+02    4.27504E+01    2.71471E-19
    5.74100E+02    4.22844E+01    4.32639E-19
    5.74200E+02    4.18282E+01    6.82706E-19
    5.74300E+02    4.13796E+01    1.06927E-18
    5.74400E+02    4.09435E+01    1.65379E-18
    5.74500E+02    4.05353E+01    2.48745E-18
    5.74600E+02    4.00984E+01    3.85006E-18
    5.74700E+02    3.96599E+01    5.96927E-18
    5.74800E+02    3.92413E+01    9.07230E-18
    5.74900E+02    3.88344E+01    1.36286E-17
    5.75000E+02    3.84344E+01    2.03306E-17
    5.75100E+02    3.80409E+01    3.01346E-17
    5.75200E+02    3.76535E+01    4.43919E-17
    5.75300E+02    3.72723E+01    6.49906E-17
    5.75400E+02    3.68973E+01    9.45636E-17
    5.75500E+02    3.65283E+01    1.36760E-16
    5.75600E+02    3.61655E+01    1.96570E-16
    5.75700E+02    3.58090E+01    2.80768E-16
    5.75800E+02    3.54583E+01    3.98706E-16
    5.75900E+02    3.51111E+01    5.64199E-16
    5.76000E+02    3.47704E+01    7.93208E-16
    5.76100E+02    3.44367E+01    1.10747E-15
    5.76200E+02    3.41109E+01    1.53399E-15
    5.76300E+02    3.37960E+01    2.10169E-15
    5.76400E+02    3.35017E+01    2.82088E-15
    5.76500E+02    3.33650E+01    3.23428E-15
    5.76600E+02    3.28939E+01    5.18052E-15
    5.76700E+02    3.25440E+01    7.35041E-15
    5.76800E+02    3.22334E+01    1.00277E-14
    5.76900E+02    3.19265E+01    1.36294E-14
    5.77000E+02    3.16327E+01    1.82858E-14
    5.77100E+02    3.13400E+01    2.45021E-14
    5.77200E+02    3.10540E+01    3.26139E-14
    5.77300E+02    3.07742E+01    4.31467E-14
    5.77400E+02    3.04955E+01    5.70137E-14
    5.77500E+02    3.02221E+01    7.49392E-14
    5.77600E+02    2.99528E+01    9.81011E-14
    5.77700E+02    2.96875E+01    1.27906E-13
    5.77800E+02    2.94265E+01    1.66055E-13
    5.77900E+02    2.91738E+01    2.13782E-13
    5.78000E+02    2.89142E+01    2.77142E-13
    5.78100E+02    2.86629E+01    3.56352E-13
    5.78200E+02    2.84155E+01    4.56372E-13
    5.78300E+02    2.81715E+01    5.82476E-13
    5.78400E+02    2.79309E+01    7.40908E-13
    5.78500E+02    2.76937E+01    9.39260E-13
    5.78600E+02    2.74608E+01    1.18554E-12
    5.78700E+02    2.72291E+01    1.49473E-12
    5.78800E+02    2.70011E+01    1.87753E-12
    5.78900E+02    2.67763E+01    2.35077E-12
    5.79000E+02    2.65546E+01    2.93417E-12
    5.79100E+02    2.63359E+01    3.65128E-12
    5.79200E+02    2.61200E+01    4.53117E-12
    5.79300E+02    2.59071E+01    5.60635E-12
    5.79400E+02    2.56969E+01    6.91782E-12
    5.79500E+02    2.54894E+01    8.51297E-12
    5.79600E+02    2.52847E+01    1.04473E-11
    5.79700E+02    2.50826E+01    1.27866E-11
    5.79800E+02    2.48830E+01    1.56115E-11
    5.79900E+02    2.46863E+01    1.90061E-11
    5.80000E+02    2.44937E+01    2.30416E-11
    5.80100E+02    2.43000E+01    2.79681E-11
    5.80200E+02    2.41109E+01    3.37884E-11
    5.80300E+02    2.39237E+01    4.07454E-11
    5.80400E+02    2.37395E+01    4.89861E-11
    5.80500E+02    2.35566E+01    5.88183E-11
    5.80600E+02    2.33765E+01    7.04226E-11
    5.80700E+02    2.31987E+01    8.41290E-11
    5.80800E+02    2.30230E+01    1.00284E-10
    5.80900E+02    2.28499E+01    1.19238E-10
    5.81000E+02    2.26793E+01    1.41419E-10
    5.81100E+02    2.25103E+01    1.67464E-10
    5.81200E+02    2.23436E+01    1.97835E-10
    5.81300E+02    2.21817E+01    2.32592E-10
    5.81400E+02    2.20176E+01    2.74067E-10
    5.81500E+02    2.18578E+01    3.21573E-10
    5.81600E+02    2.17004E+01    3.76407E-10
    5.81700E+02    2.15467E+01    4.38920E-10
    5.81800E+02    2.13984E+01    5.09065E-10
    5.81900E+02    2.12567E+01    5.86577E-10
    5.82000E+02    2.11369E+01    6.61253E-10
    5.82100E+02    2.11320E+01    6.64471E-10
    5.82200E+02    2.09534E+01    7.94434E-10
    5.82300E+02    2.07432E+01    9.80263E-10
    5.82400E+02    2.05269E+01    1.21698E-09
    5.82500E+02    2.03636E+01    1.43288E-09
    5.82600E+02    2.02135E+01    1.66493E-09
    5.82700E+02    2.00688E+01    1.92419E-09
    5.82800E+02    1.99274E+01    2.21636E-09
    5.82900E+02    1.97891E+01    2.54499E-09
    5.83000E+02    1.96534E+01    2.91492E-09
    5.83100E+02    1.95199E+01    3.33145E-09
    5.83200E+02    1.93905E+01    3.79170E-09
    5.83300E+02    1.92678E+01    4.28629E-09
    5.83400E+02    1.91721E+01    4.71702E-09
    5.83500E+02    1.91221E+01    4.95900E-09
    5.83600E+02    1.88928E+01    6.23659E-09
    5.83700E+02    1.87511E+01    7.18632E-09
    5.83800E+02    1.86220E+01    8.17627E-09
    5.83900E+02    1.85050E+01    9.19117E-09
    5.84000E+02    1.83743E+01    1.04745E-08
    5.84100E+02    1.82525E+01    1.18310E-08
    5.84200E+02    1.81330E+01    1.33333E-08
    5.84300E+02    1.80152E+01    1.50007E-08
    5.84400E+02    1.78988E+01    1.68521E-08
    5.84500E+02    1.77838E+01    1.89059E-08
    5.84600E+02    1.76710E+01    2.11635E-08
    5.84700E+02    1.75577E+01    2.37030E-08
    5.84800E+02    1.74459E+01    2.65051E-08
    5.84900E+02    1.73357E+01    2.95934E-08
    5.85000E+02    1.72268E+01    3.29994E-08
    5.85100E+02    1.71191E+01    3.67501E-08
    5.85200E+02    1.70124E+01    4.08882E-08
    5.85300E+02    1.69073E+01    4.54196E-08
    5.85400E+02    1.68028E+01    5.04229E-08
    5.85500E+02    1.66994E+01    5.59165E-08
    5.85600E+02    1.65973E+01    6.19249E-08
    5.85700E+02    1.64967E+01    6.84848E-08
    5.85800E+02    1.63964E+01    7.57052E-08
    5.85900E+02    1.62970E+01    8.36170E-08
    5.86000E+02    1.61991E+01    9.22146E-08
    5.86100E+02    1.61021E+01    1.01607E-07
    5.86200E+02    1.60059E+01    1.11878E-07
    5.86300E+02    1.59108E+01    1.23032E-07
    5.86400E+02    1.58169E+01    1.35148E-07
    5.86500E+02    1.57238E+01    1.48330E-07
    5.86600E+02    1.56316E+01    1.62655E-07
    5.86700E+02    1.55404E+01    1.78188E-07
    5.86800E+02    1.54511E+01    1.94831E-07
    5.86900E+02    1.53604E+01    2.13332E-07
    5.87000E+02    1.52724E+01    2.32963E-07
    5.87100E+02    1.51839E+01    2.54509E-07
    5.87200E+02    1.50970E+01    2.77634E-07
    5.87300E+02    1.50108E+01    3.02624E-07
    5.87400E+02    1.49257E+01    3.29501E-07
    5.87500E+02    1.48413E+01    3.58527E-07
    5.87600E+02    1.47578E+01    3.89747E-07
    5.87700E+02    1.46753E+01    4.23262E-07
    5.87800E+02    1.45935E+01    4.59345E-07
    5.87900E+02    1.45122E+01    4.98254E-07
    5.88000E+02    1.44317E+01    5.39992E-07
    5.88100E+02    1.43525E+01    5.84520E-07
    5.88200E+02    1.42735E+01    6.32560E-07
    5.88300E+02    1.41956E+01    6.83808E-07
    5.88400E+02    1.41188E+01    7.38370E-07
    5.88500E+02    1.40419E+01    7.97372E-07
    5.88600E+02    1.39660E+01    8.60308E-07
    5.88700E+02    1.38910E+01    9.27254E-07
    5.88800E+02    1.38169E+01    9.98647E-07
    5.88900E+02    1.37439E+01    1.07426E-06
    5.89000E+02    1.36724E+01    1.15389E-06
    5.89100E+02    1.36177E+01    1.21876E-06
    5.89200E+02    1.35292E+01    1.33145E-06
    5.89300E+02    1.34561E+01    1.43242E-06
    5.89400E+02    1.33855E+01    1.53731E-06
    5.89500E+02    1.33156E+01    1.64854E-06
    5.89600E+02    1.32466E+01    1.76637E-06
    5.89700E+02    1.31785E+01    1.89082E-06
    5.89800E+02    1.31109E+01    2.02298E-06
    5.89900E+02    1.30447E+01    2.16151E-06
    5.90000E+02    1.29793E+01    2.30769E-06
    5.90100E+02    1.29157E+01    2.45918E-06
    5.90200E+02    1.28569E+01    2.60801E-06
    5.90300E+02    1.28249E+01    2.69282E-06
    5.90400E+02    1.27451E+01    2.91656E-06
    5.90500E+02    1.26630E+01    3.16612E-06
    5.90600E+02    1.25964E+01    3.38419E-06
    5.90700E+02    1.25337E+01    3.60319E-06
    5.90800E+02    1.24741E+01    3.82432E-06
    5.90900E+02    1.24207E+01    4.03401E-06
    5.91000E+02    1.24259E+01    4.01318E-06
    5.91100E+02    1.23101E+01    4.50582E-06
    5.91200E+02    1.22746E+01    4.66873E-06
    5.91300E+02    1.22110E+01    4.97518E-06
    5.91400E+02    1.21204E+01    5.44703E-06
    5.91500E+02    1.20550E+01    5.81513E-06
    5.91600E+02    1.19948E+01    6.17618E-06
    5.91700E+02    1.19362E+01    6.54871E-06
    5.91800E+02    1.18791E+01    6.93414E-06
    5.91900E+02    1.18230E+01    7.33422E-06
    5.92000E+02    1.17676E+01    7.75177E-06
    5.92100E+02    1.17133E+01    8.18428E-06
    5.92200E+02    1.16601E+01    8.63124E-06
    5.92300E+02    1.16091E+01    9.08286E-06
    5.92400E+02    1.15629E+01    9.51250E-06
    5.92500E+02    1.15274E+01    9.85592E-06
    5.92600E+02    1.15821E+01    9.33130E-06
    5.92700E+02    1.14588E+01    1.05558E-05
    5.92800E+02    1.13600E+01    1.16524E-05
    5.92900E+02    1.12969E+01    1.24110E-05
    5.93000E+02    1.12410E+01    1.31253E-05
    5.93100E+02    1.11880E+01    1.38388E-05
    5.93200E+02    1.11368E+01    1.45662E-05
    5.93300E+02    1.10861E+01    1.53239E-05
    5.93400E+02    1.10367E+01    1.61001E-05
    5.93500E+02    1.09876E+01    1.69094E-05
    5.93600E+02    1.09389E+01    1.77531E-05
    5.93700E+02    1.08911E+01    1.86228E-05
    5.93800E+02    1.08435E+01    1.95320E-05
    5.93900E+02    1.07967E+01    2.04667E-05
    5.94000E+02    1.07505E+01    2.14339E-05
    5.94100E+02    1.07046E+01    2.24404E-05
    5.94200E+02    1.06606E+01    2.34504E-05
    5.94300E+02    1.06169E+01    2.44988E-05
    5.94400E+02    1.05715E+01    2.56373E-05
    5.94500E+02    1.05281E+01    2.67736E-05
    5.94600E+02    1.04858E+01    2.79290E-05
    5.94700E+02    1.04459E+01    2.90663E-05
    5.94800E+02    1.04105E+01    3.01148E-05
    5.94900E+02    1.03857E+01    3.08698E-05
    5.95000E+02    1.04067E+01    3.02306E-05
    5.95100E+02    1.05568E+01    2.60160E-05
    5.95200E+02    1.02865E+01    3.40894E-05
    5.95300E+02    1.02084E+01    3.68577E-05
    5.95400E+02    1.01545E+01    3.89012E-05
    5.95500E+02    1.01079E+01    4.07548E-05
    5.95600E+02    1.00642E+01    4.25753E-05
    5.95700E+02    1.00221E+01    4.44061E-05
    5.95800E+02    9.98154E+00    4.62459E-05
    5.95900E+02    9.94153E+00    4.81336E-05
    5.96000E+02    9.90228E+00    5.00605E-05
    5.96100E+02    9.86356E+00    5.20366E-05
    5.96200E+02    9.82540E+00    5.40608E-05
    5.96300E+02    9.78770E+00    5.61378E-05
    5.96400E+02    9.75048E+00    5.82666E-05
    5.96500E+02    9.71376E+00    6.04457E-05
    5.96600E+02    9.67749E+00    6.26784E-05
    5.96700E+02    9.64173E+00    6.49603E-05
    5.96800E+02    9.60673E+00    6.72745E-05
    5.96900E+02    9.57193E+00    6.96567E-05
    5.97000E+02    9.53765E+00    7.20861E-05
    5.97100E+02    9.50384E+00    7.45646E-05
    5.97200E+02    9.47061E+00    7.70845E-05
    5.97300E+02    9.43787E+00    7.96500E-05
    5.97400E+02    9.40571E+00    8.22528E-05
    5.97500E+02    9.37446E+00    8.48642E-05
    5.97600E+02    9.34324E+00    8.75556E-05
    5.97700E+02    9.31294E+00    9.02493E-05
    5.97800E+02    9.28334E+00    9.29602E-05
    5.97900E+02    9.25449E+00    9.56812E-05
    5.98000E+02    9.22632E+00    9.84144E-05
    5.98100E+02    9.19900E+00    1.01141E-04
    5.98200E+02    9.17191E+00    1.03918E-04
    5.98300E+02    9.14562E+00    1.06687E-04
    5.98400E+02    9.12016E+00    1.09437E-04
    5.98500E+02    9.09558E+00    1.12160E-04
    5.98600E+02    9.07191E+00    1.14848E-04
    5.98700E+02    9.04906E+00    1.17501E-04
    5.98800E+02    9.02680E+00    1.20147E-04
    5.98900E+02    9.00562E+00    1.22719E-04
    5.99000E+02    8.98489E+00    1.25289E-04
    5.99100E+02    8.96485E+00    1.27825E-04
    5.99200E+02    8.94533E+00    1.30345E-04
    5.99300E+02    8.92621E+00    1.32861E-04
    5.99400E+02    8.90724E+00    1.35405E-04
    5.99500E+02    8.88797E+00    1.38040E-04
    5.99600E+02    8.86924E+00    1.40649E-04
    5.99700E+02    8.84878E+00    1.43557E-04
    5.99800E+02    8.82921E+00    1.46394E-04
    5.99900E+02    8.81743E+00    1.48129E-04
    6.00000E+02    8.82725E+00    1.46681E-04
    6.00100E+02    8.74632E+00    1.59046E-04
    6.00200E+02    8.70291E+00    1.66102E-04
    6.00300E+02    8.66281E+00    1.72897E-04
    6.00400E+02    8.62294E+00    1.79930E-04
    6.00500E+02    8.58322E+00    1.87222E-04
    6.00600E+02    8.54391E+00    1.94727E-04
    6.00700E+02    8.50544E+00    2.02364E-04
    6.00800E+02    8.46640E+00    2.10420E-04
    6.00900E+02    8.42890E+00    2.18462E-04
    6.01000E+02    8.39285E+00    2.26481E-04
    6.01100E+02    8.35501E+00    2.35215E-04
    6.01200E+02    8.31813E+00    2.44052E-04
    6.01300E+02    8.28269E+00    2.52855E-04
    6.01400E+02    8.24872E+00    2.61594E-04
    6.01500E+02    8.21486E+00    2.70602E-04
    6.01600E+02    8.18181E+00    2.79695E-04
    6.01700E+02    8.14959E+00    2.88853E-04
    6.01800E+02    8.11756E+00    2.98254E-04
    6.01900E+02    8.08634E+00    3.07714E-04
    6.02000E+02    8.05597E+00    3.17203E-04
    6.02100E+02    8.02458E+00    3.27318E-04
    6.02200E+02    7.99599E+00    3.36811E-04
    6.02300E+02    7.96711E+00    3.46678E-04
    6.02400E+02    7.93962E+00    3.56343E-04
    6.02500E+02    7.91389E+00    3.65629E-04
    6.02600E+02    7.88590E+00    3.76007E-04
    6.02700E+02    7.85924E+00    3.86169E-04
    6.02800E+02    7.83543E+00    3.95473E-04
    6.02900E+02    7.80693E+00    4.06905E-04
    6.03000E+02    7.78173E+00    4.17290E-04
    6.03100E+02    7.75723E+00    4.27638E-04
    6.03200E+02    7.73159E+00    4.38746E-04
    6.03300E+02    7.70702E+00    4.49659E-04
    6.03400E+02    7.68318E+00    4.60508E-04
    6.03500E+02    7.66006E+00    4.71279E-04
    6.03600E+02    7.63659E+00    4.82473E-04
    6.03700E+02    7.61377E+00    4.93607E-04
    6.03800E+02    7.59109E+00    5.04933E-04
    6.03900E+02    7.56879E+00    5.16318E-04
    6.04000E+02    7.54701E+00    5.27687E-04
    6.04100E+02    7.52511E+00    5.39371E-04
    6.04200E+02    7.50393E+00    5.50913E-04
    6.04300E+02    7.48255E+00    5.62821E-04
    6.04400E+02    7.46187E+00    5.74581E-04
    6.04500E+02    7.44124E+00    5.86558E-04
    6.04600E+02    7.42103E+00    5.98532E-04
    6.04700E+02    7.40096E+00    6.10666E-04
    6.04800E+02    7.38093E+00    6.23018E-04
    6.04900E+02    7.35294E+00    6.40704E-04
    6.05000E+02    7.33377E+00    6.53110E-04
    6.05100E+02    7.31457E+00    6.65770E-04
    6.05200E+02    7.29581E+00    6.78373E-04
    6.05300E+02    7.27714E+00    6.91161E-04
    6.05400E+02    7.25921E+00    7.03662E-04
    6.05500E+02    7.24148E+00    7.16254E-04
    6.05600E+02    7.22309E+00    7.29544E-04
    6.05700E+02    7.20618E+00    7.41984E-04
    6.05800E+02    7.18892E+00    7.54905E-04
    6.05900E+02    7.17126E+00    7.68357E-04
    6.06000E+02    7.15499E+00    7.80953E-04
    6.06100E+02    7.13772E+00    7.94564E-04
    6.06200E+02    7.12138E+00    8.07651E-04
    6.06300E+02    7.10527E+00    8.20770E-04
    6.06400E+02    7.08923E+00    8.34040E-04
    6.06500E+02    7.07353E+00    8.47240E-04
    6.06600E+02    7.05811E+00    8.60400E-04
    6.06700E+02    7.04320E+00    8.73331E-04
    6.06800E+02    7.02796E+00    8.86740E-04
    6.06900E+02    7.01321E+00    8.99911E-04
    6.07000E+02    6.99912E+00    9.12682E-04
    6.07100E+02    6.98575E+00    9.24965E-04
    6.07200E+02    6.98558E+00    9.25127E-04
    6.07300E+02    6.95955E+00    9.49526E-04
    6.07400E+02    6.94497E+00    9.63471E-04
    6.07500E+02    6.93154E+00    9.76494E-04
    6.07600E+02    6.91977E+00    9.88058E-04
    6.07700E+02    6.91012E+00    9.97642E-04
    6.07800E+02    6.91235E+00    9.95414E-04
    6.07900E+02    6.89972E+00    1.00806E-03
    6.08000E+02    6.87363E+00    1.03472E-03
    6.08100E+02    6.85902E+00    1.04994E-03
    6.08200E+02    6.84673E+00    1.06292E-03
    6.08300E+02    6.83512E+00    1.07534E-03
    6.08400E+02    6.82509E+00    1.08618E-03
    6.08500E+02    6.81399E+00    1.09831E-03
    6.08600E+02    6.80379E+00    1.10957E-03
    6.08700E+02    6.79410E+00    1.12037E-03
    6.08800E+02    6.78518E+00    1.13041E-03
    6.08900E+02    6.77651E+00    1.14024E-03
    6.09000E+02    6.76845E+00    1.14947E-03
    6.09100E+02    6.76209E+00    1.15681E-03
    6.09200E+02    6.75484E+00    1.16523E-03
    6.09300E+02    6.74960E+00    1.17135E-03
    6.09400E+02    6.74717E+00    1.17420E-03
    6.09500E+02    6.74950E+00    1.17146E-03
    6.09600E+02    6.76870E+00    1.14919E-03
    6.09700E+02    6.90347E+00    1.00429E-03
    6.09800E+02    6.81038E+00    1.10228E-03
    6.09900E+02    6.74984E+00    1.17107E-03
    6.10000E+02    6.74012E+00    1.18250E-03
    6.10100E+02    6.75289E+00    1.16750E-03
    6.10200E+02    6.81897E+00    1.09284E-03
    6.10300E+02    6.99472E+00    9.16709E-04
    6.10400E+02    7.08699E+00    8.35907E-04
    6.10500E+02    6.78666E+00    1.12873E-03
    6.10600E+02    6.72580E+00    1.19956E-03
    6.10700E+02    6.70303E+00    1.22719E-03
    6.10800E+02    6.69376E+00    1.23862E-03
    6.10900E+02    6.69029E+00    1.24293E-03
    6.11000E+02    6.69495E+00    1.23714E-03
    6.11100E+02    6.71545E+00    1.21204E-03
    6.11200E+02    6.79798E+00    1.11602E-03
    6.11300E+02    7.00073E+00    9.11215E-04
    6.11400E+02    6.74164E+00    1.18071E-03
    6.11500E+02    6.69939E+00    1.23166E-03
    6.11600E+02    6.68590E+00    1.24839E-03
    6.11700E+02    6.68122E+00    1.25425E-03
    6.11800E+02    6.68010E+00    1.25566E-03
    6.11900E+02    6.68137E+00    1.25406E-03
    6.12000E+02    6.68459E+00    1.25002E-03
    6.12100E+02    6.68898E+00    1.24455E-03
    6.12200E+02    6.69463E+00    1.23754E-03
    6.12300E+02    6.70211E+00    1.22831E-03
    6.12400E+02    6.71480E+00    1.21283E-03
    6.12500E+02    6.71767E+00    1.20935E-03
    6.12600E+02    6.72674E+00    1.19843E-03
    6.12700E+02    6.73723E+00    1.18593E-03
    6.12800E+02    6.74877E+00    1.17232E-03
    6.12900E+02    6.76145E+00    1.15755E-03
    6.13000E+02    6.77584E+00    1.14101E-03
    6.13100E+02    6.79050E+00    1.12441E-03
    6.13200E+02    6.80665E+00    1.10639E-03
    6.13300E+02    6.82413E+00    1.08723E-03
    6.13400E+02    6.84285E+00    1.06706E-03
    6.13500E+02    6.86309E+00    1.04567E-03
    6.13600E+02    6.88487E+00    1.02315E-03
    6.13700E+02    6.90822E+00    9.99536E-04
    6.13800E+02    6.93312E+00    9.74955E-04
    6.13900E+02    6.95986E+00    9.49231E-04
    6.14000E+02    6.98854E+00    9.22389E-04
    6.14100E+02    7.01915E+00    8.94588E-04
    6.14200E+02    7.05171E+00    8.65930E-04
    6.14300E+02    7.08658E+00    8.36251E-04
    6.14400E+02    7.12456E+00    8.05087E-04
    6.14500E+02    7.16617E+00    7.72276E-04
    6.14600E+02    7.21487E+00    7.35569E-04
    6.14700E+02    7.28819E+00    6.83563E-04
    6.14800E+02    7.41450E+00    6.02455E-04
    6.14900E+02    7.36438E+00    6.33416E-04
    6.15000E+02    7.40329E+00    6.09242E-04
    6.15100E+02    7.45425E+00    5.78977E-04
    6.15200E+02    7.51180E+00    5.46597E-04
    6.15300E+02    7.57476E+00    5.13245E-04
    6.15400E+02    7.64040E+00    4.80634E-04
    6.15500E+02    7.71160E+00    4.47607E-04
    6.15600E+02    7.78747E+00    4.14900E-04
    6.15700E+02    7.86841E+00    3.82642E-04
    6.15800E+02    7.95497E+00    3.50915E-04
    6.15900E+02    8.04753E+00    3.19891E-04
    6.16000E+02    8.14657E+00    2.89728E-04
    6.16100E+02    8.25415E+00    2.60176E-04
    6.16200E+02    8.37603E+00    2.30322E-04
    6.16300E+02    8.53141E+00    1.97176E-04
    6.16400E+02    8.61642E+00    1.81108E-04
    6.16500E+02    8.74643E+00    1.59028E-04
    6.16600E+02    8.88986E+00    1.37779E-04
    6.16700E+02    9.04500E+00    1.17979E-04
    6.16800E+02    9.21177E+00    9.98576E-05
    6.16900E+02    9.39123E+00    8.34528E-05
    6.17000E+02    9.58431E+00    6.87998E-05
    6.17100E+02    9.79266E+00    5.58602E-05
    6.17200E+02    1.00210E+01    4.44549E-05
    6.17300E+02    1.03237E+01    3.28451E-05
    6.17400E+02    1.05329E+01    2.66456E-05
    6.17500E+02    1.07938E+01    2.05258E-05
    6.17600E+02    1.10928E+01    1.52216E-05
    6.17700E+02    1.14185E+01    1.09907E-05
    6.17800E+02    1.17700E+01    7.73332E-06
    6.17900E+02    1.21523E+01    5.27614E-06
    6.18000E+02    1.25679E+01    3.48214E-06
    6.18100E+02    1.30199E+01    2.21583E-06
    6.18200E+02    1.35120E+01    1.35460E-06
    6.18300E+02    1.40473E+01    7.93085E-07
    6.18400E+02    1.46314E+01    4.42261E-07
    6.18500E+02    1.52692E+01    2.33704E-07
    6.18600E+02    1.59659E+01    1.16440E-07
    6.18700E+02    1.67281E+01    5.43366E-08
    6.18800E+02    1.75615E+01    2.36124E-08
    6.18900E+02    1.84742E+01    9.47897E-09
    6.19000E+02    1.94715E+01    3.49653E-09
    6.19100E+02    2.05626E+01    1.17429E-09
    6.19200E+02    2.17543E+01    3.56622E-10
    6.19300E+02    2.30544E+01    9.71886E-11
    6.19400E+02    2.44689E+01    2.36213E-11
    6.19500E+02    2.60027E+01    5.09515E-12
    6.19600E+02    2.76571E+01    9.74258E-13
    6.19700E+02    2.94299E+01    1.65480E-13
    6.19800E+02    3.13137E+01    2.51548E-14
    6.19900E+02    3.32959E+01    3.46544E-15
    6.20000E+02    3.53461E+01    4.46046E-16
    6.20100E+02    3.74250E+01    5.57855E-17
    6.20200E+02    3.94782E+01    7.15851E-18
    6.20300E+02    4.14331E+01    1.01350E-18
    6.20400E+02    4.31991E+01    1.73321E-19
    6.20500E+02    4.46685E+01    3.98752E-20
    6.20600E+02    4.57559E+01    1.34424E-20
    6.20700E+02    4.65109E+01    6.31769E-21
    6.20800E+02    4.61631E+01    8.94614E-21
    6.20900E+02    4.48737E+01    3.24782E-20
    6.21000E+02    4.33075E+01    1.55516E-19
    6.21100E+02    4.15242E+01    9.25243E-19
    6.21200E+02    3.95631E+01    6.57618E-18
    6.21300E+02    3.75021E+01    5.16477E-17
    6.21400E+02    3.54150E+01    4.16367E-16
    6.21500E+02    3.33539E+01    3.27038E-15
    6.21600E+02    3.13601E+01    2.40144E-14
    6.21700E+02    2.94619E+01    1.60267E-13
    6.21800E+02    2.76677E+01    9.64019E-13
    6.21900E+02    2.59939E+01    5.14056E-12
    6.22000E+02    2.44402E+01    2.43085E-11
    6.22100E+02    2.30053E+01    1.02077E-10
    6.22200E+02    2.16844E+01    3.82465E-10
    6.22300E+02    2.04692E+01    1.28930E-09
    6.22400E+02    1.93556E+01    3.92629E-09
    6.22500E+02    1.83354E+01    1.08900E-08
    6.22600E+02    1.74008E+01    2.77278E-08
    6.22700E+02    1.65449E+01    6.52597E-08
    6.22800E+02    1.57605E+01    1.42988E-07
    6.22900E+02    1.50415E+01    2.93478E-07
    6.23000E+02    1.43817E+01    5.67691E-07
    6.23100E+02    1.37760E+01    1.04034E-06
    6.23200E+02    1.32197E+01    1.81446E-06
    6.23300E+02    1.27091E+01    3.02352E-06
    6.23400E+02    1.22417E+01    4.82496E-06
    6.23500E+02    1.18199E+01    7.35691E-06
    6.23600E+02    1.14705E+01    1.04338E-05
    6.23700E+02    1.13744E+01    1.14858E-05
    6.23800E+02    1.07250E+01    2.19882E-05
    6.23900E+02    1.03633E+01    3.15714E-05
    6.24000E+02    1.00502E+01    4.31765E-05
    6.24100E+02    9.76414E+00    5.74762E-05
    6.24200E+02    9.49972E+00    7.48727E-05
    6.24300E+02    9.25419E+00    9.57096E-05
    6.24400E+02    9.02493E+00    1.20371E-04
    6.24500E+02    8.81036E+00    1.49179E-04
    6.24600E+02    8.60958E+00    1.82350E-04
    6.24700E+02    8.42139E+00    2.20109E-04
    6.24800E+02    8.24483E+00    2.62613E-04
    6.24900E+02    8.07851E+00    3.10133E-04
    6.25000E+02    7.92276E+00    3.62401E-04
    6.25100E+02    7.77694E+00    4.19295E-04
    6.25200E+02    7.64119E+00    4.80255E-04
    6.25300E+02    7.52574E+00    5.39029E-04
    6.25400E+02    7.42895E+00    5.93809E-04
    6.25500E+02    7.26974E+00    6.96293E-04
    6.25600E+02    7.15024E+00    7.84676E-04
    6.25700E+02    7.04072E+00    8.75500E-04
    6.25800E+02    6.93834E+00    9.69880E-04
    6.25900E+02    6.84253E+00    1.06740E-03
    6.26000E+02    6.74887E+00    1.17220E-03
    6.26100E+02    6.66095E+00    1.27992E-03
    6.26200E+02    6.57727E+00    1.39165E-03
    6.26300E+02    6.49751E+00    1.50718E-03
    6.26400E+02    6.42158E+00    1.62609E-03
    6.26500E+02    6.34899E+00    1.74851E-03
    6.26600E+02    6.27956E+00    1.87423E-03
    6.26700E+02    6.21354E+00    2.00214E-03
    6.26800E+02    6.14903E+00    2.13555E-03
    6.26900E+02    6.08816E+00    2.26957E-03
    6.27000E+02    6.02970E+00    2.40623E-03
    6.27100E+02    5.97357E+00    2.54514E-03
    6.27200E+02    5.92017E+00    2.68473E-03
    6.27300E+02    5.86879E+00    2.82630E-03
    6.27400E+02    5.82000E+00    2.96759E-03
    6.27500E+02    5.77332E+00    3.10943E-03
    6.27600E+02    5.72973E+00    3.24794E-03
    6.27700E+02    5.69083E+00    3.37677E-03
    6.27800E+02    5.64881E+00    3.52170E-03
    6.27900E+02    5.59914E+00    3.70103E-03
    6.28000E+02    5.55518E+00    3.86736E-03
    6.28100E+02    5.51388E+00    4.03044E-03
    6.28200E+02    5.47697E+00    4.18196E-03
    6.28300E+02    5.44148E+00    4.33307E-03
    6.28400E+02    5.39935E+00    4.51950E-03
    6.28500E+02    5.36322E+00    4.68580E-03
    6.28600E+02    5.32866E+00    4.85054E-03
    6.28700E+02    5.29555E+00    5.01384E-03
    6.28800E+02    5.26354E+00    5.17696E-03
    6.28900E+02    5.23298E+00    5.33760E-03
    6.29000E+02    5.20213E+00    5.50483E-03
    6.29100E+02    5.17276E+00    5.66891E-03
    6.29200E+02    5.14421E+00    5.83306E-03
    6.29300E+02    5.11670E+00    5.99579E-03
    6.29400E+02    5.09027E+00    6.15638E-03
    6.29500E+02    5.06404E+00    6.31997E-03
    6.29600E+02    5.03848E+00    6.48359E-03
    6.29700E+02    5.01449E+00    6.64099E-03
    6.29800E+02    4.98972E+00    6.80756E-03
    6.29900E+02    4.96620E+00    6.96959E-03
    6.30000E+02    4.94394E+00    7.12647E-03
    6.30100E+02    4.92235E+00    7.28199E-03
    6.30200E+02    4.89925E+00    7.45214E-03
    6.30300E+02    4.87809E+00    7.61153E-03
    6.30400E+02    4.85747E+00    7.77015E-03
    6.30500E+02    4.83690E+00    7.93158E-03
    6.30600E+02    4.81748E+00    8.08716E-03
    6.30700E+02    4.79798E+00    8.24642E-03
    6.30800E+02    4.77899E+00    8.40448E-03
    6.30900E+02    4.76071E+00    8.55954E-03
    6.31000E+02    4.74287E+00    8.71360E-03
    6.31100E+02    4.72551E+00    8.86622E-03
    6.31200E+02    4.70856E+00    9.01777E-03
    6.31300E+02    4.69153E+00    9.17260E-03
    6.31400E+02    4.67556E+00    9.32032E-03
    6.31500E+02    4.66014E+00    9.46518E-03
    6.31600E+02    4.64516E+00    9.60798E-03
    6.31700E+02    4.63160E+00    9.73913E-03
    6.31800E+02    4.62002E+00    9.85258E-03
    6.31900E+02    4.61178E+00    9.93416E-03
    6.32000E+02    4.61036E+00    9.94821E-03
    6.32100E+02    4.64941E+00    9.56720E-03
    6.32200E+02    4.77420E+00    8.44482E-03
    6.32300E+02    4.58592E+00    1.01943E-02
    6.32400E+02    4.54500E+00    1.06202E-02
    6.32500E+02    4.52219E+00    1.08652E-02
    6.32600E+02    4.50477E+00    1.10561E-02
    6.32700E+02    4.48941E+00    1.12273E-02
    6.32800E+02    4.47575E+00    1.13817E-02
    6.32900E+02    4.46287E+00    1.15293E-02
    6.33000E+02    4.45068E+00    1.16706E-02
    6.33100E+02    4.43968E+00    1.17998E-02
    6.33200E+02    4.43162E+00    1.18953E-02
    6.33300E+02    4.43442E+00    1.18619E-02
    6.33400E+02    4.42605E+00    1.19617E-02
    6.33500E+02    4.39706E+00    1.23134E-02
    6.33600E+02    4.38428E+00    1.24718E-02
    6.33700E+02    4.37073E+00    1.26421E-02
    6.33800E+02    4.36063E+00    1.27703E-02
    6.33900E+02    4.35130E+00    1.28901E-02
    6.34000E+02    4.34325E+00    1.29942E-02
    6.34100E+02    4.33768E+00    1.30668E-02
    6.34200E+02    4.33765E+00    1.30672E-02
    6.34300E+02    4.35562E+00    1.28344E-02
    6.34400E+02    4.45023E+00    1.16758E-02
    6.34500E+02    4.52726E+00    1.08103E-02
    6.34600E+02    4.33807E+00    1.30618E-02
    6.34700E+02    4.29209E+00    1.36764E-02
    6.34800E+02    4.26913E+00    1.39939E-02
    6.34900E+02    4.25345E+00    1.42152E-02
    6.35000E+02    4.24055E+00    1.43997E-02
    6.35100E+02    4.22929E+00    1.45628E-02
    6.35200E+02    4.21885E+00    1.47156E-02
    6.35300E+02    4.20983E+00    1.48489E-02
    6.35400E+02    4.19934E+00    1.50055E-02
    6.35500E+02    4.19021E+00    1.51431E-02
    6.35600E+02    4.18106E+00    1.52824E-02
    6.35700E+02    4.17224E+00    1.54177E-02
    6.35800E+02    4.16353E+00    1.55526E-02
    6.35900E+02    4.15512E+00    1.56839E-02
    6.36000E+02    4.14689E+00    1.58135E-02
    6.36100E+02    4.13930E+00    1.59341E-02
    6.36200E+02    4.13080E+00    1.60700E-02
    6.36300E+02    4.12270E+00    1.62007E-02
    6.36400E+02    4.11497E+00    1.63265E-02
    6.36500E+02    4.10694E+00    1.64580E-02
    6.36600E+02    4.09945E+00    1.65819E-02
    6.36700E+02    4.09214E+00    1.67034E-02
    6.36800E+02    4.08429E+00    1.68350E-02
    6.36900E+02    4.07706E+00    1.69573E-02
    6.37000E+02    4.06997E+00    1.70779E-02
    6.37100E+02    4.06271E+00    1.72024E-02
    6.37200E+02    4.05557E+00    1.73257E-02
    6.37300E+02    4.04877E+00    1.74438E-02
    6.37400E+02    4.04202E+00    1.75619E-02
    6.37500E+02    4.03535E+00    1.76795E-02
    6.37600E+02    4.02908E+00    1.77908E-02
    6.37700E+02    4.02237E+00    1.79105E-02
    6.37800E+02    4.01622E+00    1.80209E-02
    6.37900E+02    4.01021E+00    1.81295E-02
    6.38000E+02    4.00450E+00    1.82335E-02
    6.38100E+02    3.99885E+00    1.83368E-02
    6.38200E+02    3.99394E+00    1.84269E-02
    6.38300E+02    3.98988E+00    1.85020E-02
    6.38400E+02    3.98712E+00    1.85531E-02
    6.38500E+02    3.98884E+00    1.85212E-02
    6.38600E+02    3.99006E+00    1.84987E-02
    6.38700E+02    4.00101E+00    1.82972E-02
    6.38800E+02    4.05454E+00    1.73434E-02
    6.38900E+02    4.60842E+00    9.96752E-03
    6.39000E+02    4.05032E+00    1.74169E-02
    6.39100E+02    3.97910E+00    1.87025E-02
    6.39200E+02    3.95346E+00    1.91882E-02
    6.39300E+02    3.94102E+00    1.94284E-02
    6.39400E+02    3.93055E+00    1.96329E-02
    6.39500E+02    3.92157E+00    1.98099E-02
    6.39600E+02    3.91498E+00    1.99410E-02
    6.39700E+02    3.90831E+00    2.00743E-02
    6.39800E+02    3.90377E+00    2.01658E-02
    6.39900E+02    3.90262E+00    2.01890E-02
    6.40000E+02    3.91428E+00    1.99549E-02
    6.40100E+02    4.03432E+00    1.76976E-02
    6.40200E+02    3.90142E+00    2.02132E-02
    6.40300E+02    3.90289E+00    2.01834E-02
    6.40400E+02    3.87440E+00    2.07668E-02
    6.40500E+02    3.86411E+00    2.09816E-02
    6.40600E+02    3.85811E+00    2.11078E-02
    6.40700E+02    3.85091E+00    2.12605E-02
    6.40800E+02    3.84561E+00    2.13733E-02
    6.40900E+02    3.84032E+00    2.14866E-02
    6.41000E+02    3.83556E+00    2.15892E-02
    6.41100E+02    3.83108E+00    2.16862E-02
    6.41200E+02    3.82718E+00    2.17709E-02
    6.41300E+02    3.82373E+00    2.18462E-02
    6.41400E+02    3.82267E+00    2.18693E-02
    6.41500E+02    3.83552E+00    2.15900E-02
    6.41600E+02    3.82247E+00    2.18737E-02
    6.41700E+02    3.81096E+00    2.21270E-02
    6.41800E+02    3.80622E+00    2.22320E-02
    6.41900E+02    3.80499E+00    2.22595E-02
    6.42000E+02    3.80588E+00    2.22396E-02
    6.42100E+02    3.81530E+00    2.20312E-02
    6.42200E+02    3.84537E+00    2.13784E-02
    6.42300E+02    3.99268E+00    1.84502E-02
    6.42400E+02    3.98565E+00    1.85803E-02
    6.42500E+02    3.83132E+00    2.16809E-02
    6.42600E+02    3.79344E+00    2.25179E-02
    6.42700E+02    3.77615E+00    2.29108E-02
    6.42800E+02    3.76552E+00    2.31555E-02
    6.42900E+02    3.75790E+00    2.33327E-02
    6.43000E+02    3.75184E+00    2.34746E-02
    6.43100E+02    3.74672E+00    2.35950E-02
    6.43200E+02    3.74239E+00    2.36975E-02
    6.43300E+02    3.73931E+00    2.37704E-02
    6.43400E+02    3.73432E+00    2.38894E-02
    6.43500E+02    3.73053E+00    2.39801E-02
    6.43600E+02    3.72505E+00    2.41120E-02
    6.43700E+02    3.72021E+00    2.42289E-02
    6.43800E+02    3.71625E+00    2.43251E-02
    6.43900E+02    3.71272E+00    2.44110E-02
    6.44000E+02    3.70968E+00    2.44853E-02
    6.44100E+02    3.70689E+00    2.45537E-02
    6.44200E+02    3.70444E+00    2.46141E-02
    6.44300E+02    3.70333E+00    2.46414E-02
    6.44400E+02    3.70450E+00    2.46124E-02
    6.44500E+02    3.70957E+00    2.44881E-02
    6.44600E+02    3.72437E+00    2.41284E-02
    6.44700E+02    3.77531E+00    2.29299E-02
    6.44800E+02    4.23598E+00    1.44657E-02
    6.44900E+02    3.77894E+00    2.28469E-02
    6.45000E+02    3.71222E+00    2.44233E-02
    6.45100E+02    3.69007E+00    2.49701E-02
    6.45200E+02    3.67839E+00    2.52635E-02
    6.45300E+02    3.67282E+00    2.54047E-02
    6.45400E+02    3.67230E+00    2.54179E-02
    6.45500E+02    3.66673E+00    2.55599E-02
    6.45600E+02    3.68083E+00    2.52022E-02
    6.45700E+02    3.70620E+00    2.45707E-02
    6.45800E+02    3.65793E+00    2.57859E-02
    6.45900E+02    3.65037E+00    2.59816E-02
    6.46000E+02    3.64653E+00    2.60816E-02
    6.46100E+02    3.63783E+00    2.63093E-02
    6.46200E+02    3.63372E+00    2.64176E-02
    6.46300E+02    3.63382E+00    2.64152E-02
    6.46400E+02    3.62820E+00    2.65639E-02
    6.46500E+02    3.62615E+00    2.66184E-02
    6.46600E+02    3.62027E+00    2.67756E-02
    6.46700E+02    3.61691E+00    2.68657E-02
    6.46800E+02    3.61383E+00    2.69484E-02
    6.46900E+02    3.61170E+00    2.70060E-02
    6.47000E+02    3.60957E+00    2.70635E-02
    6.47100E+02    3.60852E+00    2.70920E-02
    6.47200E+02    3.60807E+00    2.71042E-02
    6.47300E+02    3.60914E+00    2.70750E-02
    6.47400E+02    3.60971E+00    2.70596E-02
    6.47500E+02    3.61526E+00    2.69099E-02
    6.47600E+02    3.62836E+00    2.65596E-02
    6.47700E+02    3.66616E+00    2.55744E-02
    6.47800E+02    3.87167E+00    2.08235E-02
    6.47900E+02    3.78435E+00    2.27237E-02
    6.48000E+02    3.64299E+00    2.61739E-02
    6.48100E+02    3.60596E+00    2.71613E-02
    6.48200E+02    3.58947E+00    2.76130E-02
    6.48300E+02    3.57995E+00    2.78771E-02
    6.48400E+02    3.57349E+00    2.80579E-02
    6.48500E+02    3.56848E+00    2.81986E-02
    6.48600E+02    3.56402E+00    2.83246E-02
    6.48700E+02    3.56034E+00    2.84290E-02
    6.48800E+02    3.55719E+00    2.85188E-02
    6.48900E+02    3.55403E+00    2.86092E-02
    6.49000E+02    3.55103E+00    2.86950E-02
    6.49100E+02    3.54869E+00    2.87623E-02
    6.49200E+02    3.54591E+00    2.88423E-02
    6.49300E+02    3.54320E+00    2.89207E-02
    6.49400E+02    3.54061E+00    2.89956E-02
    6.49500E+02    3.53825E+00    2.90642E-02
    6.49600E+02    3.53602E+00    2.91290E-02
    6.49700E+02    3.53390E+00    2.91908E-02
    6.49800E+02    3.53197E+00    2.92472E-02
    6.49900E+02    3.53013E+00    2.93010E-02
    6.50000E+02    3.52853E+00    2.93480E-02
    6.50100E+02    3.52667E+00    2.94025E-02
    6.50200E+02    3.52537E+00    2.94408E-02
    6.50300E+02    3.52448E+00    2.94671E-02
    6.50400E+02    3.52445E+00    2.94680E-02
    6.50500E+02    3.52701E+00    2.93926E-02
    6.50600E+02    3.53261E+00    2.92286E-02
    6.50700E+02    3.56992E+00    2.81582E-02
    6.50800E+02    3.54751E+00    2.87963E-02
    6.50900E+02    3.53077E+00    2.92823E-02
    6.51000E+02    3.52943E+00    2.93216E-02
    6.51100E+02    3.53399E+00    2.91883E-02
    6.51200E+02    3.54784E+00    2.87867E-02
    6.51300E+02    3.58363E+00    2.77746E-02
    6.51400E+02    3.71133E+00    2.44451E-02
    6.51500E+02    4.04339E+00    1.75380E-02
    6.51600E+02    3.73558E+00    2.38593E-02
    6.51700E+02    3.58115E+00    2.78437E-02
    6.51800E+02    3.54395E+00    2.88989E-02
    6.51900E+02    3.52055E+00    2.95832E-02
    6.52000E+02    3.50885E+00    2.99314E-02
    6.52100E+02    3.50251E+00    3.01218E-02
    6.52200E+02    3.50131E+00    3.01579E-02
    6.52300E+02    3.49752E+00    3.02723E-02
    6.52400E+02    3.49110E+00    3.04675E-02
    6.52500E+02    3.48835E+00    3.05512E-02
    6.52600E+02    3.48657E+00    3.06057E-02
    6.52700E+02    3.48534E+00    3.06434E-02
    6.52800E+02    3.48503E+00    3.06529E-02
    6.52900E+02    3.48419E+00    3.06787E-02
    6.53000E+02    3.48426E+00    3.06765E-02
    6.53100E+02    3.48525E+00    3.06460E-02
    6.53200E+02    3.48743E+00    3.05794E-02
    6.53300E+02    3.49174E+00    3.04479E-02
    6.53400E+02    3.50102E+00    3.01666E-02
    6.53500E+02    3.51695E+00    2.96899E-02
    6.53600E+02    3.55122E+00    2.86896E-02
    6.53700E+02    3.69637E+00    2.48133E-02
    6.53800E+02    3.81292E+00    2.20837E-02
    6.53900E+02    3.57379E+00    2.80494E-02
    6.54000E+02    3.52912E+00    2.93308E-02
    6.54100E+02    3.51664E+00    2.96990E-02
    6.54200E+02    3.51544E+00    2.97348E-02
    6.54300E+02    3.52189E+00    2.95434E-02
    6.54400E+02    3.53809E+00    2.90689E-02
    6.54500E+02    3.57186E+00    2.81035E-02
    6.54600E+02    3.65586E+00    2.58392E-02
    6.54700E+02    4.14655E+00    1.58189E-02
    6.54800E+02    3.95871E+00    1.90878E-02
    6.54900E+02    3.99821E+00    1.83484E-02
    6.55000E+02    4.42005E+00    1.20337E-02
    6.55100E+02    4.32018E+00    1.32975E-02
    6.55200E+02    4.71667E+00    8.94494E-03
    6.55300E+02    4.50062E+00    1.11022E-02
    6.55400E+02    3.79809E+00    2.24135E-02
    6.55500E+02    3.76545E+00    2.31572E-02
    6.55600E+02    4.35121E+00    1.28912E-02
    6.55700E+02    3.79819E+00    2.24114E-02
    6.55800E+02    3.86669E+00    2.09274E-02
    6.55900E+02    4.23318E+00    1.45062E-02
    6.56000E+02    4.54130E+00    1.06595E-02
    6.56100E+02    3.90829E+00    2.00747E-02
    6.56200E+02    4.22491E+00    1.46267E-02
    6.56300E+02    4.09440E+00    1.66657E-02
    6.56400E+02    4.35187E+00    1.28827E-02
    6.56500E+02    3.94219E+00    1.94057E-02
    6.56600E+02    3.64893E+00    2.60189E-02
    6.56700E+02    3.57272E+00    2.80792E-02
    6.56800E+02    3.53531E+00    2.91496E-02
    6.56900E+02    3.51474E+00    2.97556E-02
    6.57000E+02    3.50320E+00    3.01009E-02
    6.57100E+02    3.49670E+00    3.02972E-02
    6.57200E+02    3.49225E+00    3.04323E-02
    6.57300E+02    3.49157E+00    3.04531E-02
    6.57400E+02    3.50055E+00    3.01807E-02
    6.57500E+02    3.58471E+00    2.77447E-02
    6.57600E+02    3.50918E+00    2.99213E-02
    6.57700E+02    3.49618E+00    3.03129E-02
    6.57800E+02    3.49905E+00    3.02262E-02
    6.57900E+02    3.52337E+00    2.95000E-02
    6.58000E+02    3.66416E+00    2.56256E-02
    6.58100E+02    3.59762E+00    2.73887E-02
    6.58200E+02    3.50743E+00    2.99738E-02
    6.58300E+02    3.48428E+00    3.06758E-02
    6.58400E+02    3.47352E+00    3.10077E-02
    6.58500E+02    3.46751E+00    3.11945E-02
    6.58600E+02    3.46363E+00    3.13158E-02
    6.58700E+02    3.46450E+00    3.12888E-02
    6.58800E+02    3.50610E+00    3.00138E-02
    6.58900E+02    3.46033E+00    3.14195E-02
    6.59000E+02    3.44667E+00    3.18516E-02
    6.59100E+02    3.44843E+00    3.17954E-02
    6.59200E+02    3.43463E+00    3.22374E-02
    6.59300E+02    3.42874E+00    3.24279E-02
    6.59400E+02    3.42446E+00    3.25669E-02
    6.59500E+02    3.42068E+00    3.26903E-02
    6.59600E+02    3.41676E+00    3.28187E-02
    6.59700E+02    3.41336E+00    3.29303E-02
    6.59800E+02    3.41024E+00    3.30332E-02
    6.59900E+02    3.40742E+00    3.31265E-02
    6.60000E+02    3.40459E+00    3.32203E-02
    6.60100E+02    3.40221E+00    3.32995E-02
    6.60200E+02    3.39982E+00    3.33792E-02
    6.60300E+02    3.39742E+00    3.34595E-02
    6.60400E+02    3.39533E+00    3.35295E-02
    6.60500E+02    3.39348E+00    3.35916E-02
    6.60600E+02    3.39186E+00    3.36460E-02
    6.60700E+02    3.39055E+00    3.36900E-02
    6.60800E+02    3.38960E+00    3.37223E-02
    6.60900E+02    3.38934E+00    3.37308E-02
    6.61000E+02    3.39000E+00    3.37087E-02
    6.61100E+02    3.39179E+00    3.36484E-02
    6.61200E+02    3.39722E+00    3.34661E-02
    6.61300E+02    3.41398E+00    3.29099E-02
    6.61400E+02    3.48952E+00    3.05155E-02
    6.61500E+02    3.52627E+00    2.94146E-02
    6.61600E+02    3.41571E+00    3.28530E-02
    6.61700E+02    3.39222E+00    3.36341E-02
    6.61800E+02    3.38293E+00    3.39479E-02
    6.61900E+02    3.37789E+00    3.41194E-02
    6.62000E+02    3.37468E+00    3.42292E-02
    6.62100E+02    3.37231E+00    3.43103E-02
    6.62200E+02    3.37052E+00    3.43717E-02
    6.62300E+02    3.36902E+00    3.44234E-02
    6.62400E+02    3.36789E+00    3.44624E-02
    6.62500E+02    3.36667E+00    3.45043E-02
    6.62600E+02    3.36579E+00    3.45348E-02
    6.62700E+02    3.36552E+00    3.45441E-02
    6.62800E+02    3.36989E+00    3.43934E-02
    6.62900E+02    3.36470E+00    3.45723E-02
    6.63000E+02    3.36274E+00    3.46402E-02
    6.63100E+02    3.36177E+00    3.46740E-02
    6.63200E+02    3.36100E+00    3.47007E-02
    6.63300E+02    3.36031E+00    3.47244E-02
    6.63400E+02    3.35979E+00    3.47426E-02
    6.63500E+02    3.35929E+00    3.47598E-02
    6.63600E+02    3.35905E+00    3.47683E-02
    6.63700E+02    3.35875E+00    3.47786E-02
    6.63800E+02    3.35829E+00    3.47947E-02
    6.63900E+02    3.35801E+00    3.48044E-02
    6.64000E+02    3.35795E+00    3.48066E-02
    6.64100E+02    3.35763E+00    3.48177E-02
    6.64200E+02    3.35765E+00    3.48168E-02
    6.64300E+02    3.35810E+00    3.48013E-02
    6.64400E+02    3.35993E+00    3.47377E-02
    6.64500E+02    3.37179E+00    3.43283E-02
    6.64600E+02    3.35966E+00    3.47470E-02
    6.64700E+02    3.35892E+00    3.47729E-02
    6.64800E+02    3.35927E+00    3.47605E-02
    6.64900E+02    3.36031E+00    3.47243E-02
    6.65000E+02    3.36296E+00    3.46326E-02
    6.65100E+02    3.36594E+00    3.45297E-02
    6.65200E+02    3.37128E+00    3.43456E-02
    6.65300E+02    3.37342E+00    3.42722E-02
    6.65400E+02    3.38594E+00    3.38459E-02
    6.65500E+02    3.41115E+00    3.30032E-02
    6.65600E+02    3.50161E+00    3.01487E-02
    6.65700E+02    3.74405E+00    2.36580E-02
    6.65800E+02    3.45364E+00    3.16303E-02
    6.65900E+02    3.40865E+00    3.30858E-02
    6.66000E+02    3.38411E+00    3.39079E-02
    6.66100E+02    3.37968E+00    3.40583E-02
    6.66200E+02    3.38094E+00    3.40155E-02
    6.66300E+02    3.38376E+00    3.39196E-02
    6.66400E+02    3.38228E+00    3.39700E-02
    6.66500E+02    3.40352E+00    3.32559E-02
    6.66600E+02    3.52178E+00    2.95467E-02
    6.66700E+02    3.44658E+00    3.18545E-02
    6.66800E+02    3.39967E+00    3.33842E-02
    6.66900E+02    3.37536E+00    3.42058E-02
    6.67000E+02    3.36968E+00    3.44007E-02
    6.67100E+02    3.36767E+00    3.44698E-02
    6.67200E+02    3.36373E+00    3.46060E-02
    6.67300E+02    3.36609E+00    3.45244E-02
    6.67400E+02    3.36875E+00    3.44327E-02
    6.67500E+02    3.36901E+00    3.44237E-02
    6.67600E+02    3.36270E+00    3.46417E-02
    6.67700E+02    3.37331E+00    3.42759E-02
    6.67800E+02    3.36454E+00    3.45779E-02
    6.67900E+02    3.37017E+00    3.43840E-02
    6.68000E+02    3.36221E+00    3.46587E-02
    6.68100E+02    3.36026E+00    3.47264E-02
    6.68200E+02    3.36002E+00    3.47347E-02
    6.68300E+02    3.36019E+00    3.47288E-02
    6.68400E+02    3.36060E+00    3.47145E-02
    6.68500E+02    3.36116E+00    3.46950E-02
    6.68600E+02    3.36178E+00    3.46736E-02
    6.68700E+02    3.36258E+00    3.46457E-02
    6.68800E+02    3.36351E+00    3.46137E-02
    6.68900E+02    3.36470E+00    3.45722E-02
    6.69000E+02    3.36613E+00    3.45229E-02
    6.69100E+02    3.36793E+00    3.44610E-02
    6.69200E+02    3.37032E+00    3.43788E-02
    6.69300E+02    3.37364E+00    3.42646E-02
    6.69400E+02    3.37876E+00    3.40898E-02
    6.69500E+02    3.38773E+00    3.37854E-02
    6.69600E+02    3.40784E+00    3.31128E-02
    6.69700E+02    3.44196E+00    3.20019E-02
    6.69800E+02    3.60591E+00    2.71627E-02
    6.69900E+02    3.67354E+00    2.53866E-02
    6.70000E+02    3.45379E+00    3.16255E-02
    6.70100E+02    3.41146E+00    3.29932E-02
    6.70200E+02    3.39508E+00    3.35378E-02
    6.70300E+02    3.38711E+00    3.38062E-02
    6.70400E+02    3.38274E+00    3.39544E-02
    6.70500E+02    3.38092E+00    3.40162E-02
    6.70600E+02    3.38015E+00    3.40422E-02
    6.70700E+02    3.38021E+00    3.40402E-02
    6.70800E+02    3.38086E+00    3.40182E-02
    6.70900E+02    3.38243E+00    3.39647E-02
    6.71000E+02    3.38401E+00    3.39111E-02
    6.71100E+02    3.38680E+00    3.38168E-02
    6.71200E+02    3.39110E+00    3.36715E-02
    6.71300E+02    3.39817E+00    3.34344E-02
    6.71400E+02    3.41142E+00    3.29943E-02
    6.71500E+02    3.44198E+00    3.20014E-02
    6.71600E+02    3.55124E+00    2.86891E-02
    6.71700E+02    3.71171E+00    2.44358E-02
    6.71800E+02    3.58827E+00    2.76460E-02
    6.71900E+02    3.44443E+00    3.19230E-02
    6.72000E+02    3.41601E+00    3.28431E-02
    6.72100E+02    3.40411E+00    3.32364E-02
    6.72200E+02    3.39919E+00    3.34002E-02
    6.72300E+02    3.39709E+00    3.34707E-02
    6.72400E+02    3.39665E+00    3.34852E-02
    6.72500E+02    3.39789E+00    3.34437E-02
    6.72600E+02    3.40159E+00    3.33201E-02
    6.72700E+02    3.41458E+00    3.28902E-02
    6.72800E+02    3.52525E+00    2.94445E-02
    6.72900E+02    3.41345E+00    3.29275E-02
    6.73000E+02    3.40383E+00    3.32455E-02
    6.73100E+02    3.40795E+00    3.31088E-02
    6.73200E+02    3.40138E+00    3.33273E-02
    6.73300E+02    3.40147E+00    3.33242E-02
    6.73400E+02    3.40273E+00    3.32822E-02
    6.73500E+02    3.40490E+00    3.32101E-02
    6.73600E+02    3.40863E+00    3.30865E-02
    6.73700E+02    3.41596E+00    3.28447E-02
    6.73800E+02    3.43649E+00    3.21774E-02
    6.73900E+02    3.59116E+00    2.75664E-02
    6.74000E+02    3.45247E+00    3.16673E-02
    6.74100E+02    3.42354E+00    3.25969E-02
    6.74200E+02    3.41622E+00    3.28363E-02
    6.74300E+02    3.41388E+00    3.29133E-02
    6.74400E+02    3.41326E+00    3.29337E-02
    6.74500E+02    3.41350E+00    3.29257E-02
    6.74600E+02    3.41408E+00    3.29068E-02
    6.74700E+02    3.41491E+00    3.28795E-02
    6.74800E+02    3.41593E+00    3.28457E-02
    6.74900E+02    3.41725E+00    3.28025E-02
    6.75000E+02    3.41847E+00    3.27626E-02
    6.75100E+02    3.42108E+00    3.26771E-02
    6.75200E+02    3.42122E+00    3.26725E-02
    6.75300E+02    3.42259E+00    3.26277E-02
    6.75400E+02    3.42418E+00    3.25758E-02
    6.75500E+02    3.42597E+00    3.25177E-02
    6.75600E+02    3.42803E+00    3.24509E-02
    6.75700E+02    3.43059E+00    3.23679E-02
    6.75800E+02    3.43404E+00    3.22565E-02
    6.75900E+02    3.44062E+00    3.20449E-02
    6.76000E+02    3.46263E+00    3.13473E-02
    6.76100E+02    3.47961E+00    3.08195E-02
    6.76200E+02    3.44774E+00    3.18175E-02
    6.76300E+02    3.44273E+00    3.19773E-02
    6.76400E+02    3.44195E+00    3.20023E-02
    6.76500E+02    3.44252E+00    3.19841E-02
    6.76600E+02    3.44382E+00    3.19424E-02
    6.76700E+02    3.44560E+00    3.18856E-02
    6.76800E+02    3.44834E+00    3.17983E-02
    6.76900E+02    3.46307E+00    3.13334E-02
    6.77000E+02    3.45537E+00    3.15755E-02
    6.77100E+02    3.47089E+00    3.10893E-02
    6.77200E+02    3.46754E+00    3.11938E-02
    6.77300E+02    3.45833E+00    3.14822E-02
    6.77400E+02    3.45768E+00    3.15027E-02
    6.77500E+02    3.45853E+00    3.14760E-02
    6.77600E+02    3.45986E+00    3.14341E-02
    6.77700E+02    3.46145E+00    3.13843E-02
    6.77800E+02    3.46315E+00    3.13309E-02
    6.77900E+02    3.46507E+00    3.12708E-02
    6.78000E+02    3.46675E+00    3.12184E-02
    6.78100E+02    3.46864E+00    3.11594E-02
    6.78200E+02    3.47066E+00    3.10964E-02
    6.78300E+02    3.47301E+00    3.10234E-02
    6.78400E+02    3.47971E+00    3.08164E-02
    6.78500E+02    3.47717E+00    3.08946E-02
    6.78600E+02    3.47859E+00    3.08507E-02
    6.78700E+02    3.48058E+00    3.07896E-02
    6.78800E+02    3.48269E+00    3.07247E-02
    6.78900E+02    3.48502E+00    3.06531E-02
    6.79000E+02    3.48868E+00    3.05410E-02
    6.79100E+02    3.49249E+00    3.04250E-02
    6.79200E+02    3.49146E+00    3.04563E-02
    6.79300E+02    3.49313E+00    3.04057E-02
    6.79400E+02    3.49514E+00    3.03444E-02
    6.79500E+02    3.49726E+00    3.02802E-02
    6.79600E+02    3.49947E+00    3.02133E-02
    6.79700E+02    3.50187E+00    3.01408E-02
    6.79800E+02    3.50506E+00    3.00451E-02
    6.79900E+02    3.50618E+00    3.00115E-02
    6.80000E+02    3.50837E+00    2.99457E-02
    6.80100E+02    3.51064E+00    2.98776E-02
    6.80200E+02    3.51295E+00    2.98088E-02
    6.80300E+02    3.51543E+00    2.97349E-02
    6.80400E+02    3.51775E+00    2.96662E-02
    6.80500E+02    3.52007E+00    2.95973E-02
    6.80600E+02    3.52246E+00    2.95267E-02
    6.80700E+02    3.52487E+00    2.94556E-02
    6.80800E+02    3.52733E+00    2.93831E-02
    6.80900E+02    3.52980E+00    2.93106E-02
    6.81000E+02    3.53228E+00    2.92382E-02
    6.81100E+02    3.53482E+00    2.91640E-02
    6.81200E+02    3.53736E+00    2.90899E-02
    6.81300E+02    3.53992E+00    2.90157E-02
    6.81400E+02    3.54256E+00    2.89391E-02
    6.81500E+02    3.54522E+00    2.88622E-02
    6.81600E+02    3.54806E+00    2.87804E-02
    6.81700E+02    3.55056E+00    2.87085E-02
    6.81800E+02    3.55324E+00    2.86318E-02
    6.81900E+02    3.55630E+00    2.85444E-02
    6.82000E+02    3.55911E+00    2.84642E-02
    6.82100E+02    3.56167E+00    2.83913E-02
    6.82200E+02    3.56482E+00    2.83020E-02
    6.82300E+02    3.56776E+00    2.82189E-02
    6.82400E+02    3.57012E+00    2.81526E-02
    6.82500E+02    3.57293E+00    2.80736E-02
    6.82600E+02    3.57586E+00    2.79913E-02
    6.82700E+02    3.57893E+00    2.79056E-02
    6.82800E+02    3.58204E+00    2.78188E-02
    6.82900E+02    3.58526E+00    2.77295E-02
    6.83000E+02    3.58829E+00    2.76455E-02
    6.83100E+02    3.59195E+00    2.75445E-02
    6.83200E+02    3.59616E+00    2.74288E-02
    6.83300E+02    3.60103E+00    2.72956E-02
    6.83400E+02    3.60809E+00    2.71037E-02
    6.83500E+02    3.62222E+00    2.67233E-02
    6.83600E+02    3.68361E+00    2.51320E-02
    6.83700E+02    3.66158E+00    2.56918E-02
    6.83800E+02    3.62985E+00    2.65202E-02
    6.83900E+02    3.62478E+00    2.66549E-02
    6.84000E+02    3.62637E+00    2.66127E-02
    6.84100E+02    3.63264E+00    2.64462E-02
    6.84200E+02    3.65873E+00    2.57653E-02
    6.84300E+02    3.65507E+00    2.58597E-02
    6.84400E+02    3.63933E+00    2.62701E-02
    6.84500E+02    3.63801E+00    2.63045E-02
    6.84600E+02    3.63938E+00    2.62687E-02
    6.84700E+02    3.64171E+00    2.62076E-02
    6.84800E+02    3.64447E+00    2.61353E-02
    6.84900E+02    3.64741E+00    2.60585E-02
    6.85000E+02    3.65056E+00    2.59766E-02
    6.85100E+02    3.65376E+00    2.58937E-02
    6.85200E+02    3.65704E+00    2.58088E-02
    6.85300E+02    3.66043E+00    2.57213E-02
    6.85400E+02    3.66389E+00    2.56327E-02
    6.85500E+02    3.66747E+00    2.55409E-02
    6.85600E+02    3.67224E+00    2.54194E-02
    6.85700E+02    3.67474E+00    2.53559E-02
    6.85800E+02    3.67845E+00    2.52622E-02
    6.85900E+02    3.68464E+00    2.51061E-02
    6.86000E+02    3.68553E+00    2.50839E-02
    6.86100E+02    3.68902E+00    2.49966E-02
    6.86200E+02    3.69269E+00    2.49048E-02
    6.86300E+02    3.69635E+00    2.48139E-02
    6.86400E+02    3.70012E+00    2.47205E-02
    6.86500E+02    3.70403E+00    2.46240E-02
    6.86600E+02    3.70828E+00    2.45198E-02
    6.86700E+02    3.71211E+00    2.44259E-02
    6.86800E+02    3.71566E+00    2.43393E-02
    6.86900E+02    3.71959E+00    2.42439E-02
    6.87000E+02    3.72354E+00    2.41484E-02
    6.87100E+02    3.72758E+00    2.40510E-02
    6.87200E+02    3.73166E+00    2.39529E-02
    6.87300E+02    3.73581E+00    2.38538E-02
    6.87400E+02    3.74002E+00    2.37537E-02
    6.87500E+02    3.74415E+00    2.36556E-02
    6.87600E+02    3.74843E+00    2.35547E-02
    6.87700E+02    3.75292E+00    2.34491E-02
    6.87800E+02    3.75703E+00    2.33530E-02
    6.87900E+02    3.76144E+00    2.32502E-02
    6.88000E+02    3.76585E+00    2.31478E-02
    6.88100E+02    3.77036E+00    2.30438E-02
    6.88200E+02    3.77489E+00    2.29396E-02
    6.88300E+02    3.77953E+00    2.28335E-02
    6.88400E+02    3.78418E+00    2.27274E-02
    6.88500E+02    3.78891E+00    2.26202E-02
    6.88600E+02    3.79374E+00    2.25113E-02
    6.88700E+02    3.79859E+00    2.24024E-02
    6.88800E+02    3.80357E+00    2.22909E-02
    6.88900E+02    3.80864E+00    2.21783E-02
    6.89000E+02    3.81377E+00    2.20648E-02
    6.89100E+02    3.81897E+00    2.19504E-02
    6.89200E+02    3.82431E+00    2.18335E-02
    6.89300E+02    3.82993E+00    2.17111E-02
    6.89400E+02    3.83529E+00    2.15950E-02
    6.89500E+02    3.84095E+00    2.14733E-02
    6.89600E+02    3.84678E+00    2.13483E-02
    6.89700E+02    3.85302E+00    2.12155E-02
    6.89800E+02    3.85910E+00    2.10870E-02
    6.89900E+02    3.86516E+00    2.09595E-02
    6.90000E+02    3.87159E+00    2.08253E-02
    6.90100E+02    3.87827E+00    2.06866E-02
    6.90200E+02    3.88520E+00    2.05437E-02
    6.90300E+02    3.89244E+00    2.03955E-02
    6.90400E+02    3.90003E+00    2.02413E-02
    6.90500E+02    3.90787E+00    2.00832E-02
    6.90600E+02    3.91627E+00    1.99151E-02
    6.90700E+02    3.92566E+00    1.97291E-02
    6.90800E+02    3.93579E+00    1.95303E-02
    6.90900E+02    3.94357E+00    1.93789E-02
    6.91000E+02    3.95357E+00    1.91861E-02
    6.91100E+02    3.96507E+00    1.89667E-02
    6.91200E+02    3.97736E+00    1.87350E-02
    6.91300E+02    3.99711E+00    1.83686E-02
    6.91400E+02    4.01478E+00    1.80470E-02
    6.91500E+02    4.01849E+00    1.79801E-02
    6.91600E+02    4.02945E+00    1.77840E-02
    6.91700E+02    4.04620E+00    1.74887E-02
    6.91800E+02    4.04987E+00    1.74247E-02
    6.91900E+02    4.06284E+00    1.72001E-02
    6.92000E+02    4.08368E+00    1.68454E-02
    6.92100E+02    4.09274E+00    1.66934E-02
    6.92200E+02    4.12299E+00    1.61961E-02
    6.92300E+02    4.23087E+00    1.45397E-02
    6.92400E+02    4.37908E+00    1.25368E-02
    6.92500E+02    4.14830E+00    1.57912E-02
    6.92600E+02    4.10691E+00    1.64585E-02
    6.92700E+02    4.09206E+00    1.67047E-02
    6.92800E+02    4.08623E+00    1.68024E-02
    6.92900E+02    4.08431E+00    1.68347E-02
    6.93000E+02    4.08590E+00    1.68081E-02
    6.93100E+02    4.09142E+00    1.67155E-02
    6.93200E+02    4.10372E+00    1.65112E-02
    6.93300E+02    4.13392E+00    1.60199E-02
    6.93400E+02    4.24233E+00    1.43741E-02
    6.93500E+02    4.45000E+00    1.16785E-02
    6.93600E+02    4.17016E+00    1.54499E-02
    6.93700E+02    4.12316E+00    1.61933E-02
    6.93800E+02    4.10822E+00    1.64369E-02
    6.93900E+02    4.10350E+00    1.65148E-02
    6.94000E+02    4.10297E+00    1.65236E-02
    6.94100E+02    4.10478E+00    1.64937E-02
    6.94200E+02    4.10817E+00    1.64378E-02
    6.94300E+02    4.11311E+00    1.63568E-02
    6.94400E+02    4.12034E+00    1.62390E-02
    6.94500E+02    4.13119E+00    1.60638E-02
    6.94600E+02    4.15332E+00    1.57122E-02
    6.94700E+02    4.23199E+00    1.45234E-02
    6.94800E+02    4.28859E+00    1.37243E-02
    6.94900E+02    4.17566E+00    1.53651E-02
    6.95000E+02    4.15826E+00    1.56348E-02
    6.95100E+02    4.15632E+00    1.56651E-02
    6.95200E+02    4.15726E+00    1.56503E-02
    6.95300E+02    4.16112E+00    1.55901E-02
    6.95400E+02    4.16537E+00    1.55239E-02
    6.95500E+02    4.17050E+00    1.54446E-02
    6.95600E+02    4.17642E+00    1.53534E-02
    6.95700E+02    4.18304E+00    1.52521E-02
    6.95800E+02    4.19110E+00    1.51296E-02
    6.95900E+02    4.20247E+00    1.49585E-02
    6.96000E+02    4.22363E+00    1.46454E-02
    6.96100E+02    4.33764E+00    1.30674E-02
    6.96200E+02    4.23088E+00    1.45396E-02
    6.96300E+02    4.22512E+00    1.46236E-02
    6.96400E+02    4.22776E+00    1.45850E-02
    6.96500E+02    4.23257E+00    1.45150E-02
    6.96600E+02    4.23826E+00    1.44326E-02
    6.96700E+02    4.24466E+00    1.43406E-02
    6.96800E+02    4.25140E+00    1.42443E-02
    6.96900E+02    4.25856E+00    1.41427E-02
    6.97000E+02    4.26639E+00    1.40323E-02
    6.97100E+02    4.28169E+00    1.38193E-02
    6.97200E+02    4.28022E+00    1.38396E-02
    6.97300E+02    4.28689E+00    1.37476E-02
    6.97400E+02    4.29505E+00    1.36358E-02
    6.97500E+02    4.31235E+00    1.34021E-02
    6.97600E+02    4.30943E+00    1.34412E-02
    6.97700E+02    4.31649E+00    1.33466E-02
    6.97800E+02    4.32303E+00    1.32596E-02
    6.97900E+02    4.33022E+00    1.31647E-02
    6.98000E+02    4.33791E+00    1.30638E-02
    6.98100E+02    4.34562E+00    1.29635E-02
    6.98200E+02    4.35326E+00    1.28648E-02
    6.98300E+02    4.36148E+00    1.27594E-02
    6.98400E+02    4.36956E+00    1.26568E-02
    6.98500E+02    4.37783E+00    1.25525E-02
    6.98600E+02    4.38688E+00    1.24395E-02
    6.98700E+02    4.39718E+00    1.23120E-02
    6.98800E+02    4.40806E+00    1.21788E-02
    6.98900E+02    4.42903E+00    1.19261E-02
    6.99000E+02    4.48055E+00    1.13272E-02
    6.99100E+02    4.43815E+00    1.18177E-02
    6.99200E+02    4.43932E+00    1.18040E-02
    6.99300E+02    4.44576E+00    1.17282E-02
    6.99400E+02    4.45312E+00    1.16422E-02
    6.99500E+02    4.46125E+00    1.15480E-02
    6.99600E+02    4.46998E+00    1.14476E-02
    6.99700E+02    4.47866E+00    1.13486E-02
    6.99800E+02    4.48782E+00    1.12451E-02
    6.99900E+02    4.49725E+00    1.11396E-02
    7.00000E+02    4.50700E+00    1.10315E-02
    7.00100E+02    4.51732E+00    1.09183E-02
    7.00200E+02    4.52799E+00    1.08024E-02
    7.00300E+02    4.53996E+00    1.06739E-02
    7.00400E+02    4.55386E+00    1.05265E-02
    7.00500E+02    4.57052E+00    1.03525E-02
    7.00600E+02    4.59610E+00    1.00911E-02
    7.00700E+02    4.65076E+00    9.55433E-03
    7.00800E+02    4.83040E+00    7.98330E-03
    7.00900E+02    4.86773E+00    7.69079E-03
    7.01000E+02    4.67884E+00    9.28978E-03
    7.01100E+02    4.64882E+00    9.57294E-03
    7.01200E+02    4.64834E+00    9.57752E-03
    7.01300E+02    4.67220E+00    9.35167E-03
    7.01400E+02    4.70629E+00    9.03821E-03
    7.01500E+02    4.77029E+00    8.47790E-03
    7.01600E+02    4.68299E+00    9.25134E-03
    7.01700E+02    4.67643E+00    9.31215E-03
    7.01800E+02    4.68057E+00    9.27369E-03
    7.01900E+02    4.68760E+00    9.20879E-03
    7.02000E+02    4.69591E+00    9.13255E-03
    7.02100E+02    4.70525E+00    9.04765E-03
    7.02200E+02    4.71448E+00    8.96457E-03
    7.02300E+02    4.72425E+00    8.87739E-03
    7.02400E+02    4.73370E+00    8.79385E-03
    7.02500E+02    4.74393E+00    8.70436E-03
    7.02600E+02    4.75439E+00    8.61380E-03
    7.02700E+02    4.76746E+00    8.50191E-03
    7.02800E+02    4.77521E+00    8.43627E-03
    7.02900E+02    4.78562E+00    8.34897E-03
    7.03000E+02    4.79595E+00    8.26313E-03
    7.03100E+02    4.80647E+00    8.17668E-03
    7.03200E+02    4.81714E+00    8.08989E-03
    7.03300E+02    4.82798E+00    8.00267E-03
    7.03400E+02    4.83876E+00    7.91684E-03
    7.03500E+02    4.84981E+00    7.82984E-03
    7.03600E+02    4.86103E+00    7.74253E-03
    7.03700E+02    4.87230E+00    7.65571E-03
    7.03800E+02    4.88378E+00    7.56833E-03
    7.03900E+02    4.89503E+00    7.48369E-03
    7.04000E+02    4.90654E+00    7.39804E-03
    7.04100E+02    4.91842E+00    7.31065E-03
    7.04200E+02    4.92994E+00    7.22696E-03
    7.04300E+02    4.94192E+00    7.14085E-03
    7.04400E+02    4.95368E+00    7.05740E-03
    7.04500E+02    4.96553E+00    6.97426E-03
    7.04600E+02    4.97774E+00    6.88964E-03
    7.04700E+02    4.98994E+00    6.80607E-03
    7.04800E+02    5.00217E+00    6.72337E-03
    7.04900E+02    5.01441E+00    6.64152E-03
    7.05000E+02    5.02694E+00    6.55884E-03
    7.05100E+02    5.03959E+00    6.47641E-03
    7.05200E+02    5.05211E+00    6.39585E-03
    7.05300E+02    5.06498E+00    6.31402E-03
    7.05400E+02    5.07791E+00    6.23293E-03
    7.05500E+02    5.09100E+00    6.15187E-03
    7.05600E+02    5.10390E+00    6.07301E-03
    7.05700E+02    5.11716E+00    5.99304E-03
    7.05800E+02    5.13046E+00    5.91387E-03
    7.05900E+02    5.14384E+00    5.83521E-03
    7.06000E+02    5.15799E+00    5.75328E-03
    7.06100E+02    5.17079E+00    5.68006E-03
    7.06200E+02    5.18445E+00    5.60303E-03
    7.06300E+02    5.19814E+00    5.52684E-03
    7.06400E+02    5.21182E+00    5.45175E-03
    7.06500E+02    5.22576E+00    5.37625E-03
    7.06600E+02    5.24021E+00    5.29914E-03
    7.06700E+02    5.25443E+00    5.22431E-03
    7.06800E+02    5.26884E+00    5.14956E-03
    7.06900E+02    5.28314E+00    5.07644E-03
    7.07000E+02    5.29767E+00    5.00322E-03
    7.07100E+02    5.31290E+00    4.92761E-03
    7.07200E+02    5.32746E+00    4.85639E-03
    7.07300E+02    5.34268E+00    4.78304E-03
    7.07400E+02    5.35710E+00    4.71455E-03
    7.07500E+02    5.37268E+00    4.64168E-03
    7.07600E+02    5.38810E+00    4.57065E-03
    7.07700E+02    5.40387E+00    4.49914E-03
    7.07800E+02    5.42042E+00    4.42530E-03
    7.07900E+02    5.43766E+00    4.34965E-03
    7.08000E+02    5.45873E+00    4.25895E-03
    7.08100E+02    5.50057E+00    4.08442E-03
    7.08200E+02    5.51002E+00    4.04602E-03
    7.08300E+02    5.50638E+00    4.06078E-03
    7.08400E+02    5.51889E+00    4.01028E-03
    7.08500E+02    5.53294E+00    3.95435E-03
    7.08600E+02    5.54950E+00    3.88942E-03
    7.08700E+02    5.56559E+00    3.82732E-03
    7.08800E+02    5.58194E+00    3.76524E-03
    7.08900E+02    5.59903E+00    3.70146E-03
    7.09000E+02    5.61636E+00    3.63784E-03
    7.09100E+02    5.63392E+00    3.57453E-03
    7.09200E+02    5.65206E+00    3.51028E-03
    7.09300E+02    5.67075E+00    3.44529E-03
    7.09400E+02    5.69093E+00    3.37644E-03
    7.09500E+02    5.71480E+00    3.29682E-03
    7.09600E+02    5.76289E+00    3.14202E-03
    7.09700E+02    5.76825E+00    3.12522E-03
    7.09800E+02    5.76855E+00    3.12430E-03
    7.09900E+02    5.78307E+00    3.07924E-03
    7.10000E+02    5.80042E+00    3.02628E-03
    7.10100E+02    5.81902E+00    2.97050E-03
    7.10200E+02    5.83816E+00    2.91421E-03
    7.10300E+02    5.85759E+00    2.85812E-03
    7.10400E+02    5.87755E+00    2.80163E-03
    7.10500E+02    5.89803E+00    2.74484E-03
    7.10600E+02    5.91843E+00    2.68943E-03
    7.10700E+02    5.93960E+00    2.63309E-03
    7.10800E+02    5.96105E+00    2.57719E-03
    7.10900E+02    5.98280E+00    2.52175E-03
    7.11000E+02    6.00627E+00    2.46326E-03
    7.11100E+02    6.02796E+00    2.41041E-03
    7.11200E+02    6.05193E+00    2.35332E-03
    7.11300E+02    6.07804E+00    2.29267E-03
    7.11400E+02    6.11270E+00    2.21457E-03
    7.11500E+02    6.24060E+00    1.94869E-03
    7.11600E+02    6.15886E+00    2.11466E-03
    7.11700E+02    6.17402E+00    2.08284E-03
    7.11800E+02    6.19683E+00    2.03588E-03
    7.11900E+02    6.22103E+00    1.98721E-03
    7.12000E+02    6.24693E+00    1.93639E-03
    7.12100E+02    6.27370E+00    1.88525E-03
    7.12200E+02    6.30153E+00    1.83349E-03
    7.12300E+02    6.33039E+00    1.78134E-03
    7.12400E+02    6.36011E+00    1.72918E-03
    7.12500E+02    6.39078E+00    1.67695E-03
    7.12600E+02    6.42261E+00    1.62441E-03
    7.12700E+02    6.45585E+00    1.57130E-03
    7.12800E+02    6.49055E+00    1.51771E-03
    7.12900E+02    6.52727E+00    1.46299E-03
    7.13000E+02    6.56459E+00    1.40941E-03
    7.13100E+02    6.60471E+00    1.35398E-03
    7.13200E+02    6.64749E+00    1.29727E-03
    7.13300E+02    6.69276E+00    1.23985E-03
    7.13400E+02    6.74140E+00    1.18099E-03
    7.13500E+02    6.79238E+00    1.12230E-03
    7.13600E+02    6.84844E+00    1.06111E-03
    7.13700E+02    6.90974E+00    9.98014E-04
    7.13800E+02    6.97695E+00    9.33146E-04
    7.13900E+02    7.05151E+00    8.66098E-04
    7.14000E+02    7.13461E+00    7.97034E-04
    7.14100E+02    7.22861E+00    7.25531E-04
    7.14200E+02    7.33607E+00    6.51605E-04
    7.14300E+02    7.46210E+00    5.74449E-04
    7.14400E+02    7.60514E+00    4.97888E-04
    7.14500E+02    7.77306E+00    4.20923E-04
    7.14600E+02    7.97607E+00    3.43587E-04
    7.14700E+02    8.22435E+00    2.68046E-04
    7.14800E+02    8.53251E+00    1.96960E-04
    7.14900E+02    8.92468E+00    1.33065E-04
    7.15000E+02    9.44053E+00    7.94385E-05
    7.15100E+02    1.01513E+01    3.90249E-05
    7.15200E+02    1.12117E+01    1.35150E-05
    7.15300E+02    1.30947E+01    2.05604E-06
    7.15400E+02    1.89284E+01    6.01849E-09
    7.15500E+02    1.28123E+01    2.72695E-06
    7.15600E+02    1.11553E+01    1.42987E-05
    7.15700E+02    1.02119E+01    3.67323E-05
    7.15800E+02    9.58810E+00    6.85394E-05
    7.15900E+02    9.14631E+00    1.06612E-04
    7.16000E+02    8.82123E+00    1.47567E-04
    7.16100E+02    8.57641E+00    1.88500E-04
    7.16200E+02    8.38946E+00    2.27249E-04
    7.16300E+02    8.24506E+00    2.62553E-04
    7.16400E+02    8.13353E+00    2.93531E-04
    7.16500E+02    8.04787E+00    3.19784E-04
    7.16600E+02    7.98206E+00    3.41537E-04
    7.16700E+02    7.93462E+00    3.58128E-04
    7.16800E+02    7.91575E+00    3.64949E-04
    7.16900E+02    7.87572E+00    3.79854E-04
    7.17000E+02    7.84925E+00    3.90044E-04
    7.17100E+02    7.83578E+00    3.95333E-04
    7.17200E+02    7.82993E+00    3.97654E-04
    7.17300E+02    7.82929E+00    3.97909E-04
    7.17400E+02    7.83335E+00    3.96295E-04
    7.17500E+02    7.84151E+00    3.93074E-04
    7.17600E+02    7.85338E+00    3.88436E-04
    7.17700E+02    7.86869E+00    3.82536E-04
    7.17800E+02    7.88772E+00    3.75326E-04
    7.17900E+02    7.91133E+00    3.66569E-04
    7.18000E+02    7.94182E+00    3.55557E-04
    7.18100E+02    7.98770E+00    3.39614E-04
    7.18200E+02    8.09174E+00    3.06058E-04
    7.18300E+02    8.81603E+00    1.48337E-04
    7.18400E+02    8.14227E+00    2.90976E-04
    7.18500E+02    8.08715E+00    3.07464E-04
    7.18600E+02    8.09091E+00    3.06310E-04
    7.18700E+02    8.10922E+00    3.00753E-04
    7.18800E+02    8.13361E+00    2.93506E-04
    7.18900E+02    8.16215E+00    2.85250E-04
    7.19000E+02    8.19164E+00    2.76960E-04
    7.19100E+02    8.22339E+00    2.68303E-04
    7.19200E+02    8.25695E+00    2.59450E-04
    7.19300E+02    8.29245E+00    2.50400E-04
    7.19400E+02    8.33074E+00    2.40993E-04
    7.19500E+02    8.37440E+00    2.30698E-04
    7.19600E+02    8.43039E+00    2.18137E-04
    7.19700E+02    8.53641E+00    1.96193E-04
    7.19800E+02    9.03913E+00    1.18674E-04
    7.19900E+02    8.59089E+00    1.85791E-04
    7.20000E+02    8.57250E+00    1.89238E-04
    7.20100E+02    8.59249E+00    1.85494E-04
    7.20200E+02    8.62298E+00    1.79924E-04
    7.20300E+02    8.65807E+00    1.73719E-04
    7.20400E+02    8.69548E+00    1.67340E-04
    7.20500E+02    8.73525E+00    1.60816E-04
    7.20600E+02    8.77434E+00    1.54651E-04
    7.20700E+02    8.81489E+00    1.48505E-04
    7.20800E+02    8.85637E+00    1.42471E-04
    7.20900E+02    8.89813E+00    1.36645E-04
    7.21000E+02    8.94101E+00    1.30909E-04
    7.21100E+02    8.98430E+00    1.25363E-04
    7.21200E+02    9.02860E+00    1.19930E-04
    7.21300E+02    9.07289E+00    1.14735E-04
    7.21400E+02    9.11788E+00    1.09687E-04
    7.21500E+02    9.16369E+00    1.04776E-04
    7.21600E+02    9.21043E+00    9.99910E-05
    7.21700E+02    9.25789E+00    9.53563E-05
    7.21800E+02    9.30473E+00    9.09929E-05
    7.21900E+02    9.35242E+00    8.67548E-05
    7.22000E+02    9.40101E+00    8.26403E-05
    7.22100E+02    9.45050E+00    7.86506E-05
    7.22200E+02    9.50022E+00    7.48356E-05
    7.22300E+02    9.55081E+00    7.11439E-05
    7.22400E+02    9.60223E+00    6.75777E-05
    7.22500E+02    9.65452E+00    6.41348E-05
    7.22600E+02    9.70760E+00    6.08193E-05
    7.22700E+02    9.76177E+00    5.76126E-05
    7.22800E+02    9.81774E+00    5.44764E-05
    7.22900E+02    9.87650E+00    5.13679E-05
    7.23000E+02    9.94974E+00    4.77399E-05
    7.23100E+02    1.00059E+01    4.51327E-05
    7.23200E+02    1.00900E+01    4.14916E-05
    7.23300E+02    1.02543E+01    3.52053E-05
    7.23400E+02    1.05780E+01    2.54691E-05
    7.23500E+02    1.02980E+01    3.37002E-05
    7.23600E+02    1.02993E+01    3.36567E-05
    7.23700E+02    1.03377E+01    3.23876E-05
    7.23800E+02    1.03872E+01    3.08259E-05
    7.23900E+02    1.04421E+01    2.91781E-05
    7.24000E+02    1.04992E+01    2.75575E-05
    7.24100E+02    1.05582E+01    2.59808E-05
    7.24200E+02    1.06187E+01    2.44542E-05
    7.24300E+02    1.06803E+01    2.29933E-05
    7.24400E+02    1.07434E+01    2.15871E-05
    7.24500E+02    1.08062E+01    2.02729E-05
    7.24600E+02    1.08705E+01    1.90115E-05
    7.24700E+02    1.09352E+01    1.78200E-05
    7.24800E+02    1.10012E+01    1.66810E-05
    7.24900E+02    1.10678E+01    1.56063E-05
    7.25000E+02    1.11354E+01    1.45860E-05
    7.25100E+02    1.12038E+01    1.36230E-05
    7.25200E+02    1.12730E+01    1.27112E-05
    7.25300E+02    1.13429E+01    1.18532E-05
    7.25400E+02    1.14139E+01    1.10405E-05
    7.25500E+02    1.14872E+01    1.02606E-05
    7.25600E+02    1.15584E+01    9.55569E-06
    7.25700E+02    1.16316E+01    8.88063E-06
    7.25800E+02    1.17060E+01    8.24461E-06
    7.25900E+02    1.17813E+01    7.64659E-06
    7.26000E+02    1.18575E+01    7.08516E-06
    7.26100E+02    1.19349E+01    6.55772E-06
    7.26200E+02    1.20134E+01    6.06250E-06
    7.26300E+02    1.20933E+01    5.59693E-06
    7.26400E+02    1.21753E+01    5.15623E-06
    7.26500E+02    1.22618E+01    4.72901E-06
    7.26600E+02    1.23701E+01    4.24365E-06
    7.26700E+02    1.24461E+01    3.93300E-06
    7.26800E+02    1.25092E+01    3.69268E-06
    7.26900E+02    1.25895E+01    3.40769E-06
    7.27000E+02    1.26755E+01    3.12665E-06
    7.27100E+02    1.27754E+01    2.82943E-06
    7.27200E+02    1.28485E+01    2.62999E-06
    7.27300E+02    1.29349E+01    2.41238E-06
    7.27400E+02    1.30240E+01    2.20668E-06
    7.27500E+02    1.31151E+01    2.01450E-06
    7.27600E+02    1.32078E+01    1.83630E-06
    7.27700E+02    1.33005E+01    1.67370E-06
    7.27800E+02    1.33948E+01    1.52305E-06
    7.27900E+02    1.34907E+01    1.38379E-06
    7.28000E+02    1.35879E+01    1.25562E-06
    7.28100E+02    1.36860E+01    1.13831E-06
    7.28200E+02    1.37862E+01    1.02978E-06
    7.28300E+02    1.38875E+01    9.30552E-07
    7.28400E+02    1.39885E+01    8.41142E-07
    7.28500E+02    1.40919E+01    7.58515E-07
    7.28600E+02    1.41967E+01    6.83040E-07
    7.28700E+02    1.43031E+01    6.14102E-07
    7.28800E+02    1.44109E+01    5.51346E-07
    7.28900E+02    1.45200E+01    4.94345E-07
    7.29000E+02    1.46305E+01    4.42653E-07
    7.29100E+02    1.47429E+01    3.95570E-07
    7.29200E+02    1.48564E+01    3.53137E-07
    7.29300E+02    1.49719E+01    3.14611E-07
    7.29400E+02    1.50892E+01    2.79800E-07
    7.29500E+02    1.52079E+01    2.48480E-07
    7.29600E+02    1.53281E+01    2.20336E-07
    7.29700E+02    1.54507E+01    1.94917E-07
    7.29800E+02    1.55764E+01    1.71897E-07
    7.29900E+02    1.57080E+01    1.50690E-07
    7.30000E+02    1.58940E+01    1.25116E-07
    7.30100E+02    1.59680E+01    1.16192E-07
    7.30200E+02    1.60918E+01    1.02660E-07
    7.30300E+02    1.62214E+01    9.01831E-08
    7.30400E+02    1.63551E+01    7.88992E-08
    7.30500E+02    1.64931E+01    6.87316E-08
    7.30600E+02    1.66423E+01    5.92036E-08
    7.30700E+02    1.67748E+01    5.18555E-08
    7.30800E+02    1.69196E+01    4.48667E-08
    7.30900E+02    1.70687E+01    3.86509E-08
    7.31000E+02    1.72228E+01    3.31319E-08
    7.31100E+02    1.73861E+01    2.81395E-08
    7.31200E+02    1.75682E+01    2.34554E-08
    7.31300E+02    1.76809E+01    2.09554E-08
    7.31400E+02    1.78211E+01    1.82141E-08
    7.31500E+02    1.79686E+01    1.57164E-08
    7.31600E+02    1.81209E+01    1.34957E-08
    7.31700E+02    1.82768E+01    1.15479E-08
    7.31800E+02    1.84363E+01    9.84476E-09
    7.31900E+02    1.85990E+01    8.36685E-09
    7.32000E+02    1.87643E+01    7.09217E-09
    7.32100E+02    1.89330E+01    5.99125E-09
    7.32200E+02    1.91041E+01    5.04882E-09
    7.32300E+02    1.92785E+01    4.24071E-09
    7.32400E+02    1.94556E+01    3.55250E-09
    7.32500E+02    1.96361E+01    2.96591E-09
    7.32600E+02    1.98197E+01    2.46831E-09
    7.32700E+02    2.00050E+01    2.05079E-09
    7.32800E+02    2.01940E+01    1.69765E-09
    7.32900E+02    2.03862E+01    1.40086E-09
    7.33000E+02    2.05812E+01    1.15262E-09
    7.33100E+02    2.07797E+01    9.45097E-10
    7.33200E+02    2.09817E+01    7.72280E-10
    7.33300E+02    2.11868E+01    6.29086E-10
    7.33400E+02    2.13952E+01    5.10696E-10
    7.33500E+02    2.16076E+01    4.12972E-10
    7.33600E+02    2.18235E+01    3.32801E-10
    7.33700E+02    2.20429E+01    2.67246E-10
    7.33800E+02    2.22663E+01    2.13721E-10
    7.33900E+02    2.24945E+01    1.70115E-10
    7.34000E+02    2.27280E+01    1.34695E-10
    7.34100E+02    2.29672E+01    1.06039E-10
    7.34200E+02    2.32179E+01    8.25268E-11
    7.34300E+02    2.35030E+01    6.20569E-11
    7.34400E+02    2.39755E+01    3.86870E-11
    7.34500E+02    2.39851E+01    3.83176E-11
    7.34600E+02    2.42082E+01    3.06568E-11
    7.34700E+02    2.44580E+01    2.38805E-11
    7.34800E+02    2.47196E+01    1.83833E-11
    7.34900E+02    2.49947E+01    1.39618E-11
    7.35000E+02    2.53584E+01    9.70528E-12
    7.35100E+02    2.55444E+01    8.05753E-12
    7.35200E+02    2.58152E+01    6.14632E-12
    7.35300E+02    2.60991E+01    4.62725E-12
    7.35400E+02    2.63902E+01    3.45830E-12
    7.35500E+02    2.66879E+01    2.56800E-12
    7.35600E+02    2.69907E+01    1.89707E-12
    7.35700E+02    2.72993E+01    1.39343E-12
    7.35800E+02    2.76143E+01    1.01687E-12
    7.35900E+02    2.79349E+01    7.37932E-13
    7.36000E+02    2.82616E+01    5.32257E-13
    7.36100E+02    2.85949E+01    3.81394E-13
    7.36200E+02    2.89346E+01    2.71551E-13
    7.36300E+02    2.92818E+01    1.91898E-13
    7.36400E+02    2.96392E+01    1.34229E-13
    7.36500E+02    3.00184E+01    9.18660E-14
    7.36600E+02    3.03623E+01    6.51357E-14
    7.36700E+02    3.07331E+01    4.49544E-14
    7.36800E+02    3.11130E+01    3.07467E-14
    7.36900E+02    3.14998E+01    2.08833E-14
    7.37000E+02    3.18972E+01    1.40348E-14
    7.37100E+02    3.23010E+01    9.37235E-15
    7.37200E+02    3.27149E+01    6.19565E-15
    7.37300E+02    3.31358E+01    4.06726E-15
    7.37400E+02    3.35639E+01    2.65091E-15
    7.37500E+02    3.40012E+01    1.71182E-15
    7.37600E+02    3.44508E+01    1.09196E-15
    7.37700E+02    3.49066E+01    6.92237E-16
    7.37800E+02    3.53716E+01    4.34804E-16
    7.37900E+02    3.58489E+01    2.69780E-16
    7.38000E+02    3.63355E+01    1.65840E-16
    7.38100E+02    3.68311E+01    1.01028E-16
    7.38200E+02    3.73392E+01    6.07854E-17
    7.38300E+02    3.78594E+01    3.61315E-17
    7.38400E+02    3.83889E+01    2.12767E-17
    7.38500E+02    3.89308E+01    1.23752E-17
    7.38600E+02    3.94850E+01    7.10995E-18
    7.38700E+02    4.00516E+01    4.03475E-18
    7.38800E+02    4.06335E+01    2.25469E-18
    7.38900E+02    4.12248E+01    1.24818E-18
    7.39000E+02    4.18316E+01    6.80392E-19
    7.39100E+02    4.24539E+01    3.65184E-19
    7.39200E+02    4.30888E+01    1.93534E-19
    7.39300E+02    4.37394E+01    1.00972E-19
    7.39400E+02    4.44056E+01    5.18679E-20
    7.39500E+02    4.50868E+01    2.62464E-20
    7.39600E+02    4.57871E+01    1.30294E-20
    7.39700E+02    4.65007E+01    6.38266E-21
    7.39800E+02    4.72369E+01    3.05685E-21
    7.39900E+02    4.79907E+01    1.43851E-21
    7.40000E+02    4.87721E+01    6.58458E-22
    7.40100E+02    4.95731E+01    2.95581E-22
    7.40200E+02    5.04163E+01    1.27195E-22
    7.40300E+02    5.13779E+01    4.86249E-23
    7.40400E+02    5.23941E+01    1.76005E-23
    7.40500E+02    5.29912E+01    9.68756E-24
    7.40600E+02    5.38342E+01    4.16952E-24
    7.40700E+02    5.47357E+01    1.69267E-24
    7.40800E+02    5.56690E+01    6.65676E-25
    7.40900E+02    5.66348E+01    2.53406E-25
    7.41000E+02    5.76279E+01    9.38641E-26
    7.41100E+02    5.86476E+01    3.38597E-26
    7.41200E+02    5.96994E+01    1.18268E-26
    7.41300E+02    6.07808E+01    4.01101E-27
    7.41400E+02    6.18915E+01    1.32093E-27
    7.41500E+02    6.30360E+01    4.20560E-28
    7.41600E+02    6.42121E+01    1.29735E-28
    7.41700E+02    6.54210E+01    3.87272E-29
    7.41800E+02    6.66687E+01    1.11210E-29
    7.41900E+02    6.79553E+01    3.07190E-30
    7.42000E+02    6.92780E+01    8.18334E-31
    7.42100E+02    7.06441E+01    2.08763E-31
    7.42200E+02    7.20594E+01    5.06995E-32
    7.42300E+02    7.35242E+01    1.17174E-32
    7.42400E+02    7.49978E+01    2.68441E-33
    7.42500E+02    7.65377E+01    5.75563E-34
    7.42600E+02    7.81326E+01    1.16802E-34
    7.42700E+02    7.97781E+01    2.25315E-35
    7.42800E+02    8.14854E+01    4.08623E-36
    7.42900E+02    8.32371E+01    7.08870E-37
    7.43000E+02    8.50553E+01    1.15068E-37
    7.43100E+02    8.69437E+01    1.74114E-38
    7.43200E+02    8.89009E+01    2.45934E-39
    7.43300E+02    9.08915E+01    3.35991E-40
    7.43400E+02    9.29737E+01    4.18811E-41
    7.43500E+02    9.51302E+01    4.84710E-42
    7.43600E+02    9.73647E+01    5.18879E-43
    7.43700E+02    9.96838E+01    5.10341E-44
    7.43800E+02    1.02085E+02    4.62528E-45
    7.43900E+02    1.04577E+02    3.82773E-46
    7.44000E+02    1.07162E+02    2.88362E-47
    7.44100E+02    1.09845E+02    1.97195E-48
    7.44200E+02    1.12627E+02    1.22099E-49
    7.44300E+02    1.15514E+02    6.80842E-51
    7.44400E+02    1.18506E+02    3.41498E-52
    7.44500E+02    1.21609E+02    1.53371E-53
    7.44600E+02    1.24823E+02    6.16818E-55
    7.44700E+02    1.28156E+02    2.20141E-56
    7.44800E+02    1.31600E+02    7.02883E-58
    7.44900E+02    1.35165E+02    1.98804E-59
    7.45000E+02    1.38844E+02    5.02249E-61
    7.45100E+02    1.42638E+02    1.13036E-62
    7.45200E+02    1.46544E+02    2.27397E-64
    7.45300E+02    1.50556E+02    4.11612E-66
    7.45400E+02    1.54659E+02    6.79770E-68
    7.45500E+02    1.58873E+02    1.00491E-69
    7.45600E+02    1.63236E+02    1.28070E-71
    7.45700E+02    1.67763E+02    1.38471E-73
    7.45800E+02    1.72481E+02    1.23713E-75
    7.45900E+02    1.77415E+02    8.90857E-78
    7.46000E+02    1.82523E+02    5.38631E-80
    7.46100E+02    1.87898E+02    2.49481E-82
    7.46200E+02    1.93540E+02    8.84483E-85
    7.46300E+02    1.99466E+02    2.36059E-87
    7.46400E+02    2.05698E+02    4.63764E-90
    7.46500E+02    2.12344E+02    6.03071E-93
    7.46600E+02    2.19144E+02    6.71616E-96
    7.46700E+02    2.26396E+02    4.75800E-99
    7.46800E+02    2.34130E+02    2.08279E-100
    7.46900E+02    2.42401E+02    5.32687E-100
    7.47000E+02    2.50569E+02    1.51103E-100
    7.47100E+02    2.59460E+02    2.07878E-100
    7.47200E+02    2.68882E+02    1.68305E-100
    7.47300E+02    2.78849E+02    7.89817E-100
    7.47400E+02    2.89373E+02    2.12375E-100
    7.47500E+02    3.00506E+02    3.10283E-100
    7.47600E+02    3.12286E+02    2.37648E-100
    7.47700E+02    3.24778E+02    8.92892E-100
    7.47800E+02    3.37997E+02    1.62169E-100
    7.47900E+02    3.52001E+02    1.34280E-100
    7.48000E+02    3.66879E+02    4.64058E-100
    7.48100E+02    3.82689E+02    6.31190E-100
    7.48200E+02    3.99462E+02    3.28010E-100
    7.48300E+02    4.17313E+02    5.80054E-100
    7.48400E+02    4.36304E+02    3.27667E-100
    7.48500E+02    4.56576E+02    5.14651E-100
    7.48600E+02    4.78178E+02    2.13688E-100
    7.48700E+02    5.01603E+02    1.43483E-100
    7.48800E+02    5.25802E+02    4.43755E-100
    7.48900E+02    5.52005E+02    1.85090E-100
    7.49000E+02    5.80114E+02    1.14725E-100
    7.49100E+02    6.10246E+02    9.40428E-100
    7.49200E+02    6.42544E+02    8.84549E-100
    7.49300E+02    6.77215E+02    7.74684E-100
    7.49400E+02    7.14410E+02    5.44029E-100
    7.49500E+02    7.54398E+02    0.00000E+00
    7.49600E+02    7.97360E+02    0.00000E+00
    7.49700E+02    8.43565E+02    0.00000E+00
    7.49800E+02    8.93283E+02    0.00000E+00
    7.49900E+02    9.46724E+02    0.00000E+00

