#	Freq	Err	Trans
    2.99900E+02    2.08359E-01    8.11915E-01
    3.00000E+02    2.08616E-01    8.11707E-01
    3.00100E+02    2.09041E-01    8.11362E-01
    3.00200E+02    2.09455E-01    8.11026E-01
    3.00300E+02    2.10042E-01    8.10550E-01
    3.00400E+02    2.11041E-01    8.09741E-01
    3.00500E+02    2.13032E-01    8.08130E-01
    3.00600E+02    2.19031E-01    8.03297E-01
    3.00700E+02    2.42326E-01    7.84800E-01
    3.00800E+02    2.17339E-01    8.04657E-01
    3.00900E+02    2.14319E-01    8.07091E-01
    3.01000E+02    2.13756E-01    8.07545E-01
    3.01100E+02    2.13943E-01    8.07394E-01
    3.01200E+02    2.14653E-01    8.06822E-01
    3.01300E+02    2.15963E-01    8.05765E-01
    3.01400E+02    2.18142E-01    8.04011E-01
    3.01500E+02    2.22037E-01    8.00886E-01
    3.01600E+02    2.30249E-01    7.94336E-01
    3.01700E+02    2.53885E-01    7.75781E-01
    3.01800E+02    4.19838E-01    6.57153E-01
    3.01900E+02    2.68683E-01    7.64385E-01
    3.02000E+02    2.35242E-01    7.90380E-01
    3.02100E+02    2.25527E-01    7.98095E-01
    3.02200E+02    2.21571E-01    8.01259E-01
    3.02300E+02    2.19752E-01    8.02718E-01
    3.02400E+02    2.18957E-01    8.03356E-01
    3.02500E+02    2.18832E-01    8.03456E-01
    3.02600E+02    2.19057E-01    8.03276E-01
    3.02700E+02    2.19705E-01    8.02756E-01
    3.02800E+02    2.21094E-01    8.01641E-01
    3.02900E+02    2.23949E-01    7.99356E-01
    3.03000E+02    2.30912E-01    7.93809E-01
    3.03100E+02    2.56364E-01    7.73861E-01
    3.03200E+02    2.81557E-01    7.54608E-01
    3.03300E+02    2.35441E-01    7.90222E-01
    3.03400E+02    2.26479E-01    7.97336E-01
    3.03500E+02    2.23447E-01    7.99757E-01
    3.03600E+02    2.22379E-01    8.00612E-01
    3.03700E+02    2.21415E-01    8.01384E-01
    3.03800E+02    2.21153E-01    8.01594E-01
    3.03900E+02    2.21167E-01    8.01583E-01
    3.04000E+02    2.21278E-01    8.01494E-01
    3.04100E+02    2.21500E-01    8.01316E-01
    3.04200E+02    2.21807E-01    8.01070E-01
    3.04300E+02    2.22181E-01    8.00770E-01
    3.04400E+02    2.22626E-01    8.00414E-01
    3.04500E+02    2.23150E-01    7.99995E-01
    3.04600E+02    2.23788E-01    7.99484E-01
    3.04700E+02    2.24643E-01    7.98802E-01
    3.04800E+02    2.26415E-01    7.97387E-01
    3.04900E+02    2.25714E-01    7.97947E-01
    3.05000E+02    2.25381E-01    7.98212E-01
    3.05100E+02    2.25408E-01    7.98191E-01
    3.05200E+02    2.25492E-01    7.98124E-01
    3.05300E+02    2.25676E-01    7.97976E-01
    3.05400E+02    2.25917E-01    7.97784E-01
    3.05500E+02    2.26195E-01    7.97562E-01
    3.05600E+02    2.26506E-01    7.97315E-01
    3.05700E+02    2.26838E-01    7.97050E-01
    3.05800E+02    2.27190E-01    7.96769E-01
    3.05900E+02    2.27576E-01    7.96462E-01
    3.06000E+02    2.27983E-01    7.96138E-01
    3.06100E+02    2.28349E-01    7.95847E-01
    3.06200E+02    2.28756E-01    7.95523E-01
    3.06300E+02    2.29174E-01    7.95190E-01
    3.06400E+02    2.29612E-01    7.94842E-01
    3.06500E+02    2.30040E-01    7.94502E-01
    3.06600E+02    2.30489E-01    7.94145E-01
    3.06700E+02    2.30951E-01    7.93778E-01
    3.06800E+02    2.31430E-01    7.93398E-01
    3.06900E+02    2.31989E-01    7.92955E-01
    3.07000E+02    2.32422E-01    7.92611E-01
    3.07100E+02    2.32881E-01    7.92248E-01
    3.07200E+02    2.33390E-01    7.91845E-01
    3.07300E+02    2.34077E-01    7.91301E-01
    3.07400E+02    2.34681E-01    7.90823E-01
    3.07500E+02    2.35385E-01    7.90267E-01
    3.07600E+02    2.35703E-01    7.90016E-01
    3.07700E+02    2.36186E-01    7.89634E-01
    3.07800E+02    2.36719E-01    7.89213E-01
    3.07900E+02    2.37277E-01    7.88772E-01
    3.08000E+02    2.37839E-01    7.88330E-01
    3.08100E+02    2.38417E-01    7.87874E-01
    3.08200E+02    2.39016E-01    7.87402E-01
    3.08300E+02    2.39639E-01    7.86912E-01
    3.08400E+02    2.40317E-01    7.86379E-01
    3.08500E+02    2.41259E-01    7.85638E-01
    3.08600E+02    2.42305E-01    7.84816E-01
    3.08700E+02    2.42299E-01    7.84821E-01
    3.08800E+02    2.42981E-01    7.84286E-01
    3.08900E+02    2.43686E-01    7.83733E-01
    3.09000E+02    2.44174E-01    7.83351E-01
    3.09100E+02    2.44850E-01    7.82822E-01
    3.09200E+02    2.45615E-01    7.82223E-01
    3.09300E+02    2.46386E-01    7.81621E-01
    3.09400E+02    2.47305E-01    7.80903E-01
    3.09500E+02    2.47935E-01    7.80411E-01
    3.09600E+02    2.48821E-01    7.79719E-01
    3.09700E+02    2.49878E-01    7.78896E-01
    3.09800E+02    2.51305E-01    7.77785E-01
    3.09900E+02    2.53628E-01    7.75981E-01
    3.10000E+02    2.60573E-01    7.70610E-01
    3.10100E+02    2.66899E-01    7.65751E-01
    3.10200E+02    2.56808E-01    7.73517E-01
    3.10300E+02    2.55565E-01    7.74479E-01
    3.10400E+02    2.55488E-01    7.74538E-01
    3.10500E+02    2.55906E-01    7.74214E-01
    3.10600E+02    2.56490E-01    7.73763E-01
    3.10700E+02    2.57165E-01    7.73241E-01
    3.10800E+02    2.57894E-01    7.72677E-01
    3.10900E+02    2.58661E-01    7.72085E-01
    3.11000E+02    2.59465E-01    7.71464E-01
    3.11100E+02    2.60350E-01    7.70782E-01
    3.11200E+02    2.61156E-01    7.70161E-01
    3.11300E+02    2.61977E-01    7.69529E-01
    3.11400E+02    2.62850E-01    7.68857E-01
    3.11500E+02    2.63763E-01    7.68156E-01
    3.11600E+02    2.64779E-01    7.67376E-01
    3.11700E+02    2.65717E-01    7.66656E-01
    3.11800E+02    2.66617E-01    7.65966E-01
    3.11900E+02    2.67572E-01    7.65235E-01
    3.12000E+02    2.68588E-01    7.64458E-01
    3.12100E+02    2.69634E-01    7.63659E-01
    3.12200E+02    2.70707E-01    7.62840E-01
    3.12300E+02    2.71813E-01    7.61997E-01
    3.12400E+02    2.72954E-01    7.61128E-01
    3.12500E+02    2.74174E-01    7.60200E-01
    3.12600E+02    2.75387E-01    7.59278E-01
    3.12700E+02    2.76529E-01    7.58411E-01
    3.12800E+02    2.77780E-01    7.57463E-01
    3.12900E+02    2.79334E-01    7.56287E-01
    3.13000E+02    2.80369E-01    7.55505E-01
    3.13100E+02    2.81671E-01    7.54522E-01
    3.13200E+02    2.82960E-01    7.53550E-01
    3.13300E+02    2.84337E-01    7.52513E-01
    3.13400E+02    2.85767E-01    7.51437E-01
    3.13500E+02    2.87277E-01    7.50304E-01
    3.13600E+02    2.88951E-01    7.49049E-01
    3.13700E+02    2.90150E-01    7.48151E-01
    3.13800E+02    2.91643E-01    7.47035E-01
    3.13900E+02    2.93234E-01    7.45847E-01
    3.14000E+02    2.95396E-01    7.44237E-01
    3.14100E+02    2.96311E-01    7.43556E-01
    3.14200E+02    2.97862E-01    7.42404E-01
    3.14300E+02    2.99501E-01    7.41188E-01
    3.14400E+02    3.01200E-01    7.39930E-01
    3.14500E+02    3.02957E-01    7.38631E-01
    3.14600E+02    3.04778E-01    7.37287E-01
    3.14700E+02    3.06670E-01    7.35894E-01
    3.14800E+02    3.08641E-01    7.34444E-01
    3.14900E+02    3.10705E-01    7.32930E-01
    3.15000E+02    3.12881E-01    7.31337E-01
    3.15100E+02    3.15223E-01    7.29626E-01
    3.15200E+02    3.17665E-01    7.27846E-01
    3.15300E+02    3.20369E-01    7.25881E-01
    3.15400E+02    3.23446E-01    7.23651E-01
    3.15500E+02    3.27163E-01    7.20966E-01
    3.15600E+02    3.32197E-01    7.17346E-01
    3.15700E+02    3.40794E-01    7.11205E-01
    3.15800E+02    3.65185E-01    6.94068E-01
    3.15900E+02    4.17216E-01    6.58878E-01
    3.16000E+02    3.59345E-01    6.98134E-01
    3.16100E+02    3.56456E-01    7.00153E-01
    3.16200E+02    3.68397E-01    6.91842E-01
    3.16300E+02    4.39750E-01    6.44198E-01
    3.16400E+02    3.92079E-01    6.75651E-01
    3.16500E+02    3.67758E-01    6.92285E-01
    3.16600E+02    3.65021E-01    6.94182E-01
    3.16700E+02    3.72611E-01    6.88933E-01
    3.16800E+02    3.65469E-01    6.93871E-01
    3.16900E+02    3.66966E-01    6.92833E-01
    3.17000E+02    3.70213E-01    6.90587E-01
    3.17100E+02    3.75694E-01    6.86812E-01
    3.17200E+02    3.96396E-01    6.72740E-01
    3.17300E+02    3.82337E-01    6.82265E-01
    3.17400E+02    3.84115E-01    6.81053E-01
    3.17500E+02    3.87530E-01    6.78731E-01
    3.17600E+02    3.91548E-01    6.76009E-01
    3.17700E+02    3.95938E-01    6.73048E-01
    3.17800E+02    4.00591E-01    6.69924E-01
    3.17900E+02    4.05478E-01    6.66658E-01
    3.18000E+02    4.10627E-01    6.63234E-01
    3.18100E+02    4.16081E-01    6.59627E-01
    3.18200E+02    4.21703E-01    6.55929E-01
    3.18300E+02    4.27642E-01    6.52045E-01
    3.18400E+02    4.33878E-01    6.47991E-01
    3.18500E+02    4.40454E-01    6.43744E-01
    3.18600E+02    4.47250E-01    6.39384E-01
    3.18700E+02    4.54455E-01    6.34794E-01
    3.18800E+02    4.62030E-01    6.30004E-01
    3.18900E+02    4.70008E-01    6.24997E-01
    3.19000E+02    4.78411E-01    6.19767E-01
    3.19100E+02    4.87296E-01    6.14285E-01
    3.19200E+02    4.96792E-01    6.08479E-01
    3.19300E+02    5.06771E-01    6.02438E-01
    3.19400E+02    5.17530E-01    5.95991E-01
    3.19500E+02    5.28853E-01    5.89281E-01
    3.19600E+02    5.41391E-01    5.81938E-01
    3.19700E+02    5.55673E-01    5.73686E-01
    3.19800E+02    5.73526E-01    5.63535E-01
    3.19900E+02    6.03482E-01    5.46904E-01
    3.20000E+02    7.53981E-01    4.70490E-01
    3.20100E+02    6.30816E-01    5.32158E-01
    3.20200E+02    6.31758E-01    5.31656E-01
    3.20300E+02    6.43796E-01    5.25295E-01
    3.20400E+02    6.59417E-01    5.17153E-01
    3.20500E+02    6.76837E-01    5.08222E-01
    3.20600E+02    6.95709E-01    4.98721E-01
    3.20700E+02    7.15593E-01    4.88902E-01
    3.20800E+02    7.36423E-01    4.78823E-01
    3.20900E+02    7.57993E-01    4.68606E-01
    3.21000E+02    7.80176E-01    4.58325E-01
    3.21100E+02    8.02879E-01    4.48037E-01
    3.21200E+02    8.25769E-01    4.37898E-01
    3.21300E+02    8.49003E-01    4.27841E-01
    3.21400E+02    8.72844E-01    4.17762E-01
    3.21500E+02    8.97656E-01    4.07524E-01
    3.21600E+02    9.23534E-01    3.97113E-01
    3.21700E+02    9.51083E-01    3.86323E-01
    3.21800E+02    9.80586E-01    3.75091E-01
    3.21900E+02    1.01253E+00    3.63299E-01
    3.22000E+02    1.04945E+00    3.50129E-01
    3.22100E+02    1.08456E+00    3.38049E-01
    3.22200E+02    1.12424E+00    3.24901E-01
    3.22300E+02    1.16746E+00    3.11155E-01
    3.22400E+02    1.21471E+00    2.96797E-01
    3.22500E+02    1.26604E+00    2.81945E-01
    3.22600E+02    1.32177E+00    2.66662E-01
    3.22700E+02    1.38246E+00    2.50960E-01
    3.22800E+02    1.44796E+00    2.35050E-01
    3.22900E+02    1.51931E+00    2.18862E-01
    3.23000E+02    1.59682E+00    2.02539E-01
    3.23100E+02    1.68100E+00    1.86188E-01
    3.23200E+02    1.77240E+00    1.69925E-01
    3.23300E+02    1.87155E+00    1.53884E-01
    3.23400E+02    1.97908E+00    1.38196E-01
    3.23500E+02    2.09558E+00    1.22999E-01
    3.23600E+02    2.22176E+00    1.08418E-01
    3.23700E+02    2.36300E+00    9.41377E-02
    3.23800E+02    2.50332E+00    8.18127E-02
    3.23900E+02    2.65900E+00    7.00182E-02
    3.24000E+02    2.82525E+00    5.92936E-02
    3.24100E+02    3.00143E+00    4.97157E-02
    3.24200E+02    3.18692E+00    4.12989E-02
    3.24300E+02    3.37963E+00    3.40600E-02
    3.24400E+02    3.57754E+00    2.79444E-02
    3.24500E+02    3.77739E+00    2.28824E-02
    3.24600E+02    3.97487E+00    1.87817E-02
    3.24700E+02    4.16419E+00    1.55424E-02
    3.24800E+02    4.33817E+00    1.30604E-02
    3.24900E+02    4.48852E+00    1.12372E-02
    3.25000E+02    4.60501E+00    1.00016E-02
    3.25100E+02    4.67618E+00    9.31451E-03
    3.25200E+02    4.68098E+00    9.26992E-03
    3.25300E+02    4.61781E+00    9.87439E-03
    3.25400E+02    4.50853E+00    1.10146E-02
    3.25500E+02    4.36415E+00    1.27255E-02
    3.25600E+02    4.19526E+00    1.50668E-02
    3.25700E+02    4.00983E+00    1.81365E-02
    3.25800E+02    3.81567E+00    2.20231E-02
    3.25900E+02    3.61822E+00    2.68305E-02
    3.26000E+02    3.42214E+00    3.26426E-02
    3.26100E+02    3.23063E+00    3.95327E-02
    3.26200E+02    3.04607E+00    4.75453E-02
    3.26300E+02    2.87060E+00    5.66648E-02
    3.26400E+02    2.70599E+00    6.68038E-02
    3.26500E+02    2.55299E+00    7.78488E-02
    3.26600E+02    2.40780E+00    9.00130E-02
    3.26700E+02    2.28032E+00    1.02252E-01
    3.26800E+02    2.18310E+00    1.12692E-01
    3.26900E+02    2.33608E+00    9.67062E-02
    3.27000E+02    1.95665E+00    1.41331E-01
    3.27100E+02    1.82462E+00    1.61278E-01
    3.27200E+02    1.72124E+00    1.78844E-01
    3.27300E+02    1.63048E+00    1.95836E-01
    3.27400E+02    1.54841E+00    2.12585E-01
    3.27500E+02    1.47355E+00    2.29111E-01
    3.27600E+02    1.40534E+00    2.45285E-01
    3.27700E+02    1.34490E+00    2.60565E-01
    3.27800E+02    1.29843E+00    2.72961E-01
    3.27900E+02    1.24049E+00    2.89242E-01
    3.28000E+02    1.17900E+00    3.07586E-01
    3.28100E+02    1.12930E+00    3.23261E-01
    3.28200E+02    1.08455E+00    3.38054E-01
    3.28300E+02    1.04333E+00    3.52281E-01
    3.28400E+02    1.00512E+00    3.66002E-01
    3.28500E+02    9.69678E-01    3.79205E-01
    3.28600E+02    9.36500E-01    3.91997E-01
    3.28700E+02    9.05560E-01    4.04315E-01
    3.28800E+02    8.76709E-01    4.16150E-01
    3.28900E+02    8.49679E-01    4.27552E-01
    3.29000E+02    8.24395E-01    4.38500E-01
    3.29100E+02    8.00751E-01    4.48992E-01
    3.29200E+02    7.78419E-01    4.59132E-01
    3.29300E+02    7.57597E-01    4.68791E-01
    3.29400E+02    7.37767E-01    4.78181E-01
    3.29500E+02    7.19229E-01    4.87128E-01
    3.29600E+02    7.01884E-01    4.95651E-01
    3.29700E+02    6.85477E-01    5.03850E-01
    3.29800E+02    6.70804E-01    5.11297E-01
    3.29900E+02    6.55120E-01    5.19380E-01
    3.30000E+02    6.41101E-01    5.26712E-01
    3.30100E+02    6.27931E-01    5.33695E-01
    3.30200E+02    6.15484E-01    5.40379E-01
    3.30300E+02    6.03688E-01    5.46791E-01
    3.30400E+02    5.92518E-01    5.52933E-01
    3.30500E+02    5.81899E-01    5.58836E-01
    3.30600E+02    5.71850E-01    5.64480E-01
    3.30700E+02    5.62300E-01    5.69897E-01
    3.30800E+02    5.53207E-01    5.75103E-01
    3.30900E+02    5.44587E-01    5.80082E-01
    3.31000E+02    5.36425E-01    5.84835E-01
    3.31100E+02    5.28626E-01    5.89414E-01
    3.31200E+02    5.21168E-01    5.93826E-01
    3.31300E+02    5.14107E-01    5.98034E-01
    3.31400E+02    5.07399E-01    6.02060E-01
    3.31500E+02    5.01057E-01    6.05890E-01
    3.31600E+02    4.95046E-01    6.09543E-01
    3.31700E+02    4.89416E-01    6.12984E-01
    3.31800E+02    4.84757E-01    6.15847E-01
    3.31900E+02    4.78952E-01    6.19432E-01
    3.32000E+02    4.74209E-01    6.22377E-01
    3.32100E+02    4.70133E-01    6.24919E-01
    3.32200E+02    4.66350E-01    6.27287E-01
    3.32300E+02    4.63628E-01    6.28997E-01
    3.32400E+02    4.62632E-01    6.29624E-01
    3.32500E+02    4.65686E-01    6.27704E-01
    3.32600E+02    4.82816E-01    6.17044E-01
    3.32700E+02    6.51116E-01    5.21463E-01
    3.32800E+02    4.94219E-01    6.10047E-01
    3.32900E+02    5.04870E-01    6.03584E-01
    3.33000E+02    4.51181E-01    6.36876E-01
    3.33100E+02    4.37911E-01    6.45383E-01
    3.33200E+02    4.30659E-01    6.50080E-01
    3.33300E+02    4.25493E-01    6.53448E-01
    3.33400E+02    4.21331E-01    6.56173E-01
    3.33500E+02    4.17694E-01    6.58563E-01
    3.33600E+02    4.14466E-01    6.60693E-01
    3.33700E+02    4.11488E-01    6.62664E-01
    3.33800E+02    4.08750E-01    6.64480E-01
    3.33900E+02    4.06253E-01    6.66142E-01
    3.34000E+02    4.03875E-01    6.67728E-01
    3.34100E+02    4.01378E-01    6.69397E-01
    3.34200E+02    3.99134E-01    6.70901E-01
    3.34300E+02    3.97049E-01    6.72301E-01
    3.34400E+02    3.95042E-01    6.73652E-01
    3.34500E+02    3.93171E-01    6.74913E-01
    3.34600E+02    3.91401E-01    6.76109E-01
    3.34700E+02    3.89765E-01    6.77216E-01
    3.34800E+02    3.88255E-01    6.78240E-01
    3.34900E+02    3.86986E-01    6.79100E-01
    3.35000E+02    3.86140E-01    6.79676E-01
    3.35100E+02    3.86438E-01    6.79473E-01
    3.35200E+02    3.91527E-01    6.76024E-01
    3.35300E+02    4.01283E-01    6.69461E-01
    3.35400E+02    3.83730E-01    6.81315E-01
    3.35500E+02    3.79579E-01    6.84149E-01
    3.35600E+02    3.77389E-01    6.85649E-01
    3.35700E+02    3.76073E-01    6.86553E-01
    3.35800E+02    3.74113E-01    6.87899E-01
    3.35900E+02    3.73183E-01    6.88539E-01
    3.36000E+02    3.71473E-01    6.89717E-01
    3.36100E+02    3.70233E-01    6.90573E-01
    3.36200E+02    3.69482E-01    6.91092E-01
    3.36300E+02    3.67984E-01    6.92128E-01
    3.36400E+02    3.66893E-01    6.92884E-01
    3.36500E+02    3.65879E-01    6.93586E-01
    3.36600E+02    3.64926E-01    6.94248E-01
    3.36700E+02    3.64005E-01    6.94888E-01
    3.36800E+02    3.63133E-01    6.95494E-01
    3.36900E+02    3.62313E-01    6.96065E-01
    3.37000E+02    3.61511E-01    6.96623E-01
    3.37100E+02    3.60877E-01    6.97064E-01
    3.37200E+02    3.60145E-01    6.97575E-01
    3.37300E+02    3.59405E-01    6.98091E-01
    3.37400E+02    3.58734E-01    6.98560E-01
    3.37500E+02    3.58234E-01    6.98909E-01
    3.37600E+02    3.57961E-01    6.99100E-01
    3.37700E+02    3.57125E-01    6.99685E-01
    3.37800E+02    3.56331E-01    7.00241E-01
    3.37900E+02    3.55741E-01    7.00654E-01
    3.38000E+02    3.55215E-01    7.01023E-01
    3.38100E+02    3.54743E-01    7.01354E-01
    3.38200E+02    3.54286E-01    7.01674E-01
    3.38300E+02    3.53929E-01    7.01925E-01
    3.38400E+02    3.53520E-01    7.02212E-01
    3.38500E+02    3.53137E-01    7.02481E-01
    3.38600E+02    3.52933E-01    7.02624E-01
    3.38700E+02    3.53958E-01    7.01904E-01
    3.38800E+02    3.52484E-01    7.02940E-01
    3.38900E+02    3.51856E-01    7.03381E-01
    3.39000E+02    3.51438E-01    7.03676E-01
    3.39100E+02    3.51119E-01    7.03900E-01
    3.39200E+02    3.50844E-01    7.04093E-01
    3.39300E+02    3.50593E-01    7.04270E-01
    3.39400E+02    3.50365E-01    7.04431E-01
    3.39500E+02    3.50155E-01    7.04579E-01
    3.39600E+02    3.49965E-01    7.04713E-01
    3.39700E+02    3.49792E-01    7.04835E-01
    3.39800E+02    3.49650E-01    7.04934E-01
    3.39900E+02    3.49534E-01    7.05017E-01
    3.40000E+02    3.49375E-01    7.05128E-01
    3.40100E+02    3.49259E-01    7.05211E-01
    3.40200E+02    3.49162E-01    7.05279E-01
    3.40300E+02    3.49081E-01    7.05336E-01
    3.40400E+02    3.49019E-01    7.05380E-01
    3.40500E+02    3.48985E-01    7.05404E-01
    3.40600E+02    3.49043E-01    7.05363E-01
    3.40700E+02    3.49329E-01    7.05161E-01
    3.40800E+02    3.48930E-01    7.05442E-01
    3.40900E+02    3.48881E-01    7.05477E-01
    3.41000E+02    3.48876E-01    7.05481E-01
    3.41100E+02    3.48892E-01    7.05469E-01
    3.41200E+02    3.48926E-01    7.05445E-01
    3.41300E+02    3.48974E-01    7.05412E-01
    3.41400E+02    3.49036E-01    7.05368E-01
    3.41500E+02    3.49115E-01    7.05312E-01
    3.41600E+02    3.49208E-01    7.05246E-01
    3.41700E+02    3.49324E-01    7.05165E-01
    3.41800E+02    3.49487E-01    7.05050E-01
    3.41900E+02    3.49825E-01    7.04811E-01
    3.42000E+02    3.49826E-01    7.04811E-01
    3.42100E+02    3.50463E-01    7.04362E-01
    3.42200E+02    3.50170E-01    7.04569E-01
    3.42300E+02    3.50370E-01    7.04428E-01
    3.42400E+02    3.50624E-01    7.04248E-01
    3.42500E+02    3.50971E-01    7.04004E-01
    3.42600E+02    3.51300E-01    7.03773E-01
    3.42700E+02    3.51799E-01    7.03422E-01
    3.42800E+02    3.52525E-01    7.02911E-01
    3.42900E+02    3.53660E-01    7.02114E-01
    3.43000E+02    3.55940E-01    7.00515E-01
    3.43100E+02    3.62472E-01    6.95954E-01
    3.43200E+02    3.89666E-01    6.77283E-01
    3.43300E+02    3.71019E-01    6.90031E-01
    3.43400E+02    3.60954E-01    6.97011E-01
    3.43500E+02    3.70784E-01    6.90193E-01
    3.43600E+02    3.57521E-01    6.99408E-01
    3.43700E+02    3.55355E-01    7.00925E-01
    3.43800E+02    3.54701E-01    7.01383E-01
    3.43900E+02    3.54522E-01    7.01509E-01
    3.44000E+02    3.54490E-01    7.01531E-01
    3.44100E+02    3.54584E-01    7.01466E-01
    3.44200E+02    3.54741E-01    7.01355E-01
    3.44300E+02    3.54944E-01    7.01213E-01
    3.44400E+02    3.55186E-01    7.01043E-01
    3.44500E+02    3.55457E-01    7.00853E-01
    3.44600E+02    3.55773E-01    7.00631E-01
    3.44700E+02    3.56075E-01    7.00420E-01
    3.44800E+02    3.56444E-01    7.00162E-01
    3.44900E+02    3.56786E-01    6.99922E-01
    3.45000E+02    3.57062E-01    6.99729E-01
    3.45100E+02    3.57401E-01    6.99492E-01
    3.45200E+02    3.57762E-01    6.99239E-01
    3.45300E+02    3.58132E-01    6.98981E-01
    3.45400E+02    3.58518E-01    6.98711E-01
    3.45500E+02    3.58911E-01    6.98437E-01
    3.45600E+02    3.59316E-01    6.98154E-01
    3.45700E+02    3.59728E-01    6.97866E-01
    3.45800E+02    3.60148E-01    6.97573E-01
    3.45900E+02    3.60581E-01    6.97271E-01
    3.46000E+02    3.61020E-01    6.96965E-01
    3.46100E+02    3.61483E-01    6.96642E-01
    3.46200E+02    3.61941E-01    6.96323E-01
    3.46300E+02    3.62387E-01    6.96013E-01
    3.46400E+02    3.62867E-01    6.95679E-01
    3.46500E+02    3.63331E-01    6.95357E-01
    3.46600E+02    3.63841E-01    6.95002E-01
    3.46700E+02    3.64329E-01    6.94662E-01
    3.46800E+02    3.64875E-01    6.94284E-01
    3.46900E+02    3.65453E-01    6.93882E-01
    3.47000E+02    3.65892E-01    6.93578E-01
    3.47100E+02    3.66449E-01    6.93192E-01
    3.47200E+02    3.67217E-01    6.92660E-01
    3.47300E+02    3.67584E-01    6.92405E-01
    3.47400E+02    3.68030E-01    6.92096E-01
    3.47500E+02    3.68563E-01    6.91727E-01
    3.47600E+02    3.69142E-01    6.91327E-01
    3.47700E+02    3.69766E-01    6.90896E-01
    3.47800E+02    3.70722E-01    6.90236E-01
    3.47900E+02    3.70950E-01    6.90078E-01
    3.48000E+02    3.71583E-01    6.89642E-01
    3.48100E+02    3.72104E-01    6.89282E-01
    3.48200E+02    3.72708E-01    6.88866E-01
    3.48300E+02    3.73313E-01    6.88450E-01
    3.48400E+02    3.73952E-01    6.88010E-01
    3.48500E+02    3.74615E-01    6.87554E-01
    3.48600E+02    3.75350E-01    6.87049E-01
    3.48700E+02    3.75905E-01    6.86668E-01
    3.48800E+02    3.76581E-01    6.86204E-01
    3.48900E+02    3.77263E-01    6.85736E-01
    3.49000E+02    3.78225E-01    6.85076E-01
    3.49100E+02    3.78660E-01    6.84779E-01
    3.49200E+02    3.79372E-01    6.84291E-01
    3.49300E+02    3.80124E-01    6.83776E-01
    3.49400E+02    3.80958E-01    6.83207E-01
    3.49500E+02    3.82019E-01    6.82482E-01
    3.49600E+02    3.83120E-01    6.81731E-01
    3.49700E+02    3.85616E-01    6.80031E-01
    3.49800E+02    3.85906E-01    6.79835E-01
    3.49900E+02    3.85188E-01    6.80323E-01
    3.50000E+02    3.85618E-01    6.80031E-01
    3.50100E+02    3.86246E-01    6.79603E-01
    3.50200E+02    3.86978E-01    6.79106E-01
    3.50300E+02    3.87769E-01    6.78569E-01
    3.50400E+02    3.88558E-01    6.78034E-01
    3.50500E+02    3.89398E-01    6.77465E-01
    3.50600E+02    3.90274E-01    6.76872E-01
    3.50700E+02    3.91146E-01    6.76281E-01
    3.50800E+02    3.92079E-01    6.75651E-01
    3.50900E+02    3.93035E-01    6.75005E-01
    3.51000E+02    3.93982E-01    6.74366E-01
    3.51100E+02    3.95002E-01    6.73678E-01
    3.51200E+02    3.96066E-01    6.72962E-01
    3.51300E+02    3.97187E-01    6.72208E-01
    3.51400E+02    3.98422E-01    6.71378E-01
    3.51500E+02    3.99829E-01    6.70435E-01
    3.51600E+02    4.01181E-01    6.69529E-01
    3.51700E+02    4.02890E-01    6.68386E-01
    3.51800E+02    4.04985E-01    6.66987E-01
    3.51900E+02    4.07885E-01    6.65056E-01
    3.52000E+02    4.12096E-01    6.62261E-01
    3.52100E+02    4.19720E-01    6.57231E-01
    3.52200E+02    4.38086E-01    6.45270E-01
    3.52300E+02    5.39223E-01    5.83201E-01
    3.52400E+02    4.66441E-01    6.27231E-01
    3.52500E+02    4.41595E-01    6.43010E-01
    3.52600E+02    4.76350E-01    6.21046E-01
    3.52700E+02    4.42945E-01    6.42142E-01
    3.52800E+02    5.15412E-01    5.97254E-01
    3.52900E+02    4.42984E-01    6.42118E-01
    3.53000E+02    4.25984E-01    6.53127E-01
    3.53100E+02    4.21525E-01    6.56045E-01
    3.53200E+02    4.20434E-01    6.56762E-01
    3.53300E+02    4.21153E-01    6.56289E-01
    3.53400E+02    4.19988E-01    6.57055E-01
    3.53500E+02    4.20370E-01    6.56803E-01
    3.53600E+02    4.20912E-01    6.56448E-01
    3.53700E+02    4.21784E-01    6.55876E-01
    3.53800E+02    4.22612E-01    6.55333E-01
    3.53900E+02    4.23602E-01    6.54684E-01
    3.54000E+02    4.24653E-01    6.53997E-01
    3.54100E+02    4.25856E-01    6.53210E-01
    3.54200E+02    4.27086E-01    6.52408E-01
    3.54300E+02    4.28398E-01    6.51552E-01
    3.54400E+02    4.29895E-01    6.50577E-01
    3.54500E+02    4.31718E-01    6.49392E-01
    3.54600E+02    4.33583E-01    6.48182E-01
    3.54700E+02    4.36220E-01    6.46475E-01
    3.54800E+02    4.40486E-01    6.43723E-01
    3.54900E+02    4.50425E-01    6.37357E-01
    3.55000E+02    5.06484E-01    6.02611E-01
    3.55100E+02    4.60980E-01    6.30665E-01
    3.55200E+02    4.48069E-01    6.38861E-01
    3.55300E+02    4.44940E-01    6.40863E-01
    3.55400E+02    4.44525E-01    6.41129E-01
    3.55500E+02    4.44933E-01    6.40867E-01
    3.55600E+02    4.45738E-01    6.40352E-01
    3.55700E+02    4.46817E-01    6.39661E-01
    3.55800E+02    4.48065E-01    6.38863E-01
    3.55900E+02    4.49460E-01    6.37973E-01
    3.56000E+02    4.51092E-01    6.36932E-01
    3.56100E+02    4.53915E-01    6.35137E-01
    3.56200E+02    4.54138E-01    6.34995E-01
    3.56300E+02    4.55929E-01    6.33859E-01
    3.56400E+02    4.60114E-01    6.31212E-01
    3.56500E+02    4.59632E-01    6.31516E-01
    3.56600E+02    4.60871E-01    6.30734E-01
    3.56700E+02    4.62445E-01    6.29742E-01
    3.56800E+02    4.64175E-01    6.28654E-01
    3.56900E+02    4.66140E-01    6.27419E-01
    3.57000E+02    4.68333E-01    6.26045E-01
    3.57100E+02    4.70813E-01    6.24494E-01
    3.57200E+02    4.73765E-01    6.22654E-01
    3.57300E+02    4.77910E-01    6.20078E-01
    3.57400E+02    4.83733E-01    6.16478E-01
    3.57500E+02    4.96863E-01    6.08437E-01
    3.57600E+02    5.59910E-01    5.71260E-01
    3.57700E+02    5.21798E-01    5.93452E-01
    3.57800E+02    4.98675E-01    6.07335E-01
    3.57900E+02    4.95624E-01    6.09191E-01
    3.58000E+02    4.98860E-01    6.07222E-01
    3.58100E+02    5.11997E-01    5.99298E-01
    3.58200E+02    6.40471E-01    5.27044E-01
    3.58300E+02    5.17060E-01    5.96271E-01
    3.58400E+02    5.09431E-01    6.00837E-01
    3.58500E+02    5.11873E-01    5.99372E-01
    3.58600E+02    5.20614E-01    5.94156E-01
    3.58700E+02    5.43556E-01    5.80680E-01
    3.58800E+02    6.34614E-01    5.30140E-01
    3.58900E+02    6.51288E-01    5.21374E-01
    3.59000E+02    5.51036E-01    5.76352E-01
    3.59100E+02    5.30790E-01    5.88140E-01
    3.59200E+02    5.24824E-01    5.91659E-01
    3.59300E+02    5.24100E-01    5.92088E-01
    3.59400E+02    5.26845E-01    5.90465E-01
    3.59500E+02    5.35576E-01    5.85332E-01
    3.59600E+02    5.74666E-01    5.62893E-01
    3.59700E+02    5.74285E-01    5.63107E-01
    3.59800E+02    5.40183E-01    5.82642E-01
    3.59900E+02    5.34748E-01    5.85817E-01
    3.60000E+02    5.33919E-01    5.86303E-01
    3.60100E+02    5.34334E-01    5.86059E-01
    3.60200E+02    5.35729E-01    5.85243E-01
    3.60300E+02    5.37646E-01    5.84122E-01
    3.60400E+02    5.39797E-01    5.82867E-01
    3.60500E+02    5.42165E-01    5.81488E-01
    3.60600E+02    5.44719E-01    5.80005E-01
    3.60700E+02    5.47255E-01    5.78536E-01
    3.60800E+02    5.50003E-01    5.76948E-01
    3.60900E+02    5.52956E-01    5.75247E-01
    3.61000E+02    5.55761E-01    5.73636E-01
    3.61100E+02    5.58920E-01    5.71826E-01
    3.61200E+02    5.62070E-01    5.70028E-01
    3.61300E+02    5.65536E-01    5.68056E-01
    3.61400E+02    5.69466E-01    5.65827E-01
    3.61500E+02    5.74766E-01    5.62837E-01
    3.61600E+02    5.86209E-01    5.56433E-01
    3.61700E+02    6.01590E-01    5.47940E-01
    3.61800E+02    5.86806E-01    5.56100E-01
    3.61900E+02    5.86668E-01    5.56178E-01
    3.62000E+02    5.88953E-01    5.54908E-01
    3.62100E+02    5.92048E-01    5.53193E-01
    3.62200E+02    5.95619E-01    5.51221E-01
    3.62300E+02    5.99580E-01    5.49042E-01
    3.62400E+02    6.02800E-01    5.47277E-01
    3.62500E+02    6.06690E-01    5.45153E-01
    3.62600E+02    6.11323E-01    5.42633E-01
    3.62700E+02    6.14932E-01    5.40678E-01
    3.62800E+02    6.19279E-01    5.38332E-01
    3.62900E+02    6.24041E-01    5.35775E-01
    3.63000E+02    6.28735E-01    5.33266E-01
    3.63100E+02    6.34463E-01    5.30220E-01
    3.63200E+02    6.40238E-01    5.27167E-01
    3.63300E+02    6.48936E-01    5.22602E-01
    3.63400E+02    6.69447E-01    5.11991E-01
    3.63500E+02    6.99195E-01    4.96985E-01
    3.63600E+02    6.70439E-01    5.11484E-01
    3.63700E+02    6.70655E-01    5.11374E-01
    3.63800E+02    6.72348E-01    5.10509E-01
    3.63900E+02    6.77568E-01    5.07850E-01
    3.64000E+02    6.84807E-01    5.04187E-01
    3.64100E+02    6.94458E-01    4.99345E-01
    3.64200E+02    7.09054E-01    4.92109E-01
    3.64300E+02    7.38499E-01    4.77830E-01
    3.64400E+02    8.56953E-01    4.24453E-01
    3.64500E+02    8.48673E-01    4.27983E-01
    3.64600E+02    7.55593E-01    4.69732E-01
    3.64700E+02    7.39389E-01    4.77406E-01
    3.64800E+02    7.37296E-01    4.78406E-01
    3.64900E+02    7.39932E-01    4.77146E-01
    3.65000E+02    7.44760E-01    4.74848E-01
    3.65100E+02    7.50828E-01    4.71975E-01
    3.65200E+02    7.57760E-01    4.68715E-01
    3.65300E+02    7.65950E-01    4.64892E-01
    3.65400E+02    7.73461E-01    4.61414E-01
    3.65500E+02    7.82054E-01    4.57465E-01
    3.65600E+02    7.91250E-01    4.53278E-01
    3.65700E+02    8.01100E-01    4.48835E-01
    3.65800E+02    8.12178E-01    4.43890E-01
    3.65900E+02    8.22800E-01    4.39200E-01
    3.66000E+02    8.34253E-01    4.34199E-01
    3.66100E+02    8.46851E-01    4.28763E-01
    3.66200E+02    8.60570E-01    4.22921E-01
    3.66300E+02    8.75451E-01    4.16674E-01
    3.66400E+02    8.92113E-01    4.09789E-01
    3.66500E+02    9.11499E-01    4.01921E-01
    3.66600E+02    9.36610E-01    3.91954E-01
    3.66700E+02    9.83094E-01    3.74152E-01
    3.66800E+02    1.07384E+00    3.41692E-01
    3.66900E+02    1.01022E+00    3.64140E-01
    3.67000E+02    1.02270E+00    3.59622E-01
    3.67100E+02    1.04740E+00    3.50849E-01
    3.67200E+02    1.07853E+00    3.40095E-01
    3.67300E+02    1.11574E+00    3.27673E-01
    3.67400E+02    1.15876E+00    3.13876E-01
    3.67500E+02    1.20905E+00    2.98482E-01
    3.67600E+02    1.26898E+00    2.81117E-01
    3.67700E+02    1.34093E+00    2.61603E-01
    3.67800E+02    1.42789E+00    2.39815E-01
    3.67900E+02    1.53614E+00    2.15210E-01
    3.68000E+02    1.67245E+00    1.87786E-01
    3.68100E+02    1.85108E+00    1.57067E-01
    3.68200E+02    2.09545E+00    1.23014E-01
    3.68300E+02    2.45872E+00    8.55441E-02
    3.68400E+02    3.08316E+00    4.58142E-02
    3.68500E+02    5.67698E+00    3.42388E-03
    3.68600E+02    3.07958E+00    4.59786E-02
    3.68700E+02    2.49054E+00    8.28650E-02
    3.68800E+02    2.15946E+00    1.15388E-01
    3.68900E+02    1.94720E+00    1.42674E-01
    3.69000E+02    1.79314E+00    1.66436E-01
    3.69100E+02    1.67370E+00    1.87551E-01
    3.69200E+02    1.58787E+00    2.04361E-01
    3.69300E+02    1.52343E+00    2.17962E-01
    3.69400E+02    1.47458E+00    2.28875E-01
    3.69500E+02    1.43771E+00    2.37472E-01
    3.69600E+02    1.41021E+00    2.44092E-01
    3.69700E+02    1.39012E+00    2.49046E-01
    3.69800E+02    1.37610E+00    2.52563E-01
    3.69900E+02    1.36712E+00    2.54840E-01
    3.70000E+02    1.36269E+00    2.55972E-01
    3.70100E+02    1.36126E+00    2.56338E-01
    3.70200E+02    1.36256E+00    2.56005E-01
    3.70300E+02    1.36686E+00    2.54905E-01
    3.70400E+02    1.37361E+00    2.53192E-01
    3.70500E+02    1.38264E+00    2.50916E-01
    3.70600E+02    1.39392E+00    2.48100E-01
    3.70700E+02    1.40780E+00    2.44680E-01
    3.70800E+02    1.42533E+00    2.40429E-01
    3.70900E+02    1.45214E+00    2.34069E-01
    3.71000E+02    1.54256E+00    2.13833E-01
    3.71100E+02    1.50089E+00    2.22931E-01
    3.71200E+02    1.49632E+00    2.23952E-01
    3.71300E+02    1.50984E+00    2.20945E-01
    3.71400E+02    1.52828E+00    2.16907E-01
    3.71500E+02    1.54925E+00    2.12407E-01
    3.71600E+02    1.57193E+00    2.07645E-01
    3.71700E+02    1.59613E+00    2.02680E-01
    3.71800E+02    1.62169E+00    1.97564E-01
    3.71900E+02    1.64856E+00    1.92328E-01
    3.72000E+02    1.67686E+00    1.86961E-01
    3.72100E+02    1.70623E+00    1.81550E-01
    3.72200E+02    1.73703E+00    1.76043E-01
    3.72300E+02    1.76924E+00    1.70463E-01
    3.72400E+02    1.80283E+00    1.64832E-01
    3.72500E+02    1.83791E+00    1.59150E-01
    3.72600E+02    1.87462E+00    1.53414E-01
    3.72700E+02    1.91278E+00    1.47670E-01
    3.72800E+02    1.95236E+00    1.41938E-01
    3.72900E+02    1.99397E+00    1.36154E-01
    3.73000E+02    2.03926E+00    1.30125E-01
    3.73100E+02    2.08215E+00    1.24662E-01
    3.73200E+02    2.12906E+00    1.18949E-01
    3.73300E+02    2.17768E+00    1.13304E-01
    3.73400E+02    2.22867E+00    1.07672E-01
    3.73500E+02    2.28209E+00    1.02071E-01
    3.73600E+02    2.33772E+00    9.65474E-02
    3.73700E+02    2.39574E+00    9.11049E-02
    3.73800E+02    2.45665E+00    8.57219E-02
    3.73900E+02    2.52027E+00    8.04379E-02
    3.74000E+02    2.58667E+00    7.52703E-02
    3.74100E+02    2.65644E+00    7.01980E-02
    3.74200E+02    2.72947E+00    6.52539E-02
    3.74300E+02    2.80645E+00    6.04189E-02
    3.74400E+02    2.88630E+00    5.57822E-02
    3.74500E+02    2.97044E+00    5.12808E-02
    3.74600E+02    3.05912E+00    4.69290E-02
    3.74700E+02    3.15264E+00    4.27391E-02
    3.74800E+02    3.25174E+00    3.87069E-02
    3.74900E+02    3.35784E+00    3.48103E-02
    3.75000E+02    3.47484E+00    3.09668E-02
    3.75100E+02    3.62178E+00    2.67351E-02
    3.75200E+02    3.83638E+00    2.15716E-02
    3.75300E+02    3.84606E+00    2.13638E-02
    3.75400E+02    3.96012E+00    1.90608E-02
    3.75500E+02    4.09385E+00    1.66749E-02
    3.75600E+02    4.23879E+00    1.44250E-02
    3.75700E+02    4.39408E+00    1.23502E-02
    3.75800E+02    4.55946E+00    1.04677E-02
    3.75900E+02    4.73649E+00    8.76937E-03
    3.76000E+02    4.92806E+00    7.24053E-03
    3.76100E+02    5.12511E+00    5.94556E-03
    3.76200E+02    5.35753E+00    4.71253E-03
    3.76300E+02    5.57034E+00    3.80917E-03
    3.76400E+02    5.79455E+00    3.04411E-03
    3.76500E+02    6.04527E+00    2.36905E-03
    3.76600E+02    6.31504E+00    1.80889E-03
    3.76700E+02    6.60400E+00    1.35494E-03
    3.76800E+02    6.91327E+00    9.94501E-04
    3.76900E+02    7.24442E+00    7.14148E-04
    3.77000E+02    7.59965E+00    5.00628E-04
    3.77100E+02    7.98043E+00    3.42092E-04
    3.77200E+02    8.38963E+00    2.27210E-04
    3.77300E+02    8.82954E+00    1.46346E-04
    3.77400E+02    9.30276E+00    9.11722E-05
    3.77500E+02    9.81297E+00    5.47371E-05
    3.77600E+02    1.03624E+01    3.15995E-05
    3.77700E+02    1.09557E+01    1.74582E-05
    3.77800E+02    1.15965E+01    9.19777E-06
    3.77900E+02    1.22899E+01    4.59790E-06
    3.78000E+02    1.30407E+01    2.17022E-06
    3.78100E+02    1.38576E+01    9.58813E-07
    3.78200E+02    1.47627E+01    3.87820E-07
    3.78300E+02    1.58122E+01    1.35785E-07
    3.78400E+02    1.67140E+01    5.51078E-08
    3.78500E+02    1.78034E+01    1.85392E-08
    3.78600E+02    1.89941E+01    5.63575E-09
    3.78700E+02    2.03208E+01    1.49548E-09
    3.78800E+02    2.16532E+01    3.94598E-10
    3.78900E+02    2.31249E+01    9.05683E-11
    3.79000E+02    2.47005E+01    1.87377E-11
    3.79100E+02    2.63773E+01    3.50340E-12
    3.79200E+02    2.81446E+01    5.98353E-13
    3.79300E+02    2.99922E+01    9.43123E-14
    3.79400E+02    3.19039E+01    1.39417E-14
    3.79500E+02    3.38538E+01    1.98381E-15
    3.79600E+02    3.58056E+01    2.81720E-16
    3.79700E+02    3.77116E+01    4.18839E-17
    3.79800E+02    3.95118E+01    6.92226E-18
    3.79900E+02    4.11297E+01    1.37283E-18
    3.80000E+02    4.24736E+01    3.58050E-19
    3.80100E+02    4.34316E+01    1.37375E-19
    3.80200E+02    4.38316E+01    9.20808E-20
    3.80300E+02    4.34417E+01    1.35990E-19
    3.80400E+02    4.25058E+01    3.46710E-19
    3.80500E+02    4.11879E+01    1.29515E-18
    3.80600E+02    3.95940E+01    6.37574E-18
    3.80700E+02    3.78202E+01    3.75742E-17
    3.80800E+02    3.59383E+01    2.46715E-16
    3.80900E+02    3.40084E+01    1.69950E-15
    3.81000E+02    3.20806E+01    1.16835E-14
    3.81100E+02    3.01868E+01    7.76353E-14
    3.81200E+02    2.83529E+01    4.85824E-13
    3.81300E+02    2.65991E+01    2.80640E-12
    3.81400E+02    2.49353E+01    1.48159E-11
    3.81500E+02    2.33656E+01    7.11961E-11
    3.81600E+02    2.18958E+01    3.09588E-10
    3.81700E+02    2.05220E+01    1.22295E-09
    3.81800E+02    1.92423E+01    4.39732E-09
    3.81900E+02    1.80544E+01    1.44231E-08
    3.82000E+02    1.69531E+01    4.33858E-08
    3.82100E+02    1.59349E+01    1.20102E-07
    3.82200E+02    1.49905E+01    3.08816E-07
    3.82300E+02    1.41141E+01    7.41833E-07
    3.82400E+02    1.33053E+01    1.66558E-06
    3.82500E+02    1.25571E+01    3.51996E-06
    3.82600E+02    1.18645E+01    7.03589E-06
    3.82700E+02    1.12232E+01    1.33603E-05
    3.82800E+02    1.06289E+01    2.42060E-05
    3.82900E+02    1.00771E+01    4.20312E-05
    3.83000E+02    9.56537E+00    7.01154E-05
    3.83100E+02    9.08991E+00    1.12798E-04
    3.83200E+02    8.64776E+00    1.75520E-04
    3.83300E+02    8.23688E+00    2.64708E-04
    3.83400E+02    7.85281E+00    3.88660E-04
    3.83500E+02    7.49483E+00    5.55951E-04
    3.83600E+02    7.16080E+00    7.76431E-04
    3.83700E+02    6.84845E+00    1.06110E-03
    3.83800E+02    6.55657E+00    1.42075E-03
    3.83900E+02    6.28307E+00    1.86766E-03
    3.84000E+02    6.02659E+00    2.41371E-03
    3.84100E+02    5.78598E+00    3.07031E-03
    3.84200E+02    5.56000E+00    3.84877E-03
    3.84300E+02    5.34748E+00    4.76015E-03
    3.84400E+02    5.14761E+00    5.81326E-03
    3.84500E+02    4.95949E+00    7.01652E-03
    3.84600E+02    4.78291E+00    8.37161E-03
    3.84700E+02    4.61508E+00    9.90134E-03
    3.84800E+02    4.45649E+00    1.16030E-02
    3.84900E+02    4.30670E+00    1.34779E-02
    3.85000E+02    4.16506E+00    1.55287E-02
    3.85100E+02    4.03121E+00    1.77528E-02
    3.85200E+02    3.90431E+00    2.01549E-02
    3.85300E+02    3.78492E+00    2.27107E-02
    3.85400E+02    3.66942E+00    2.54912E-02
    3.85500E+02    3.56077E+00    2.84169E-02
    3.85600E+02    3.45755E+00    3.15070E-02
    3.85700E+02    3.35908E+00    3.47671E-02
    3.85800E+02    3.26534E+00    3.81839E-02
    3.85900E+02    3.17568E+00    4.17656E-02
    3.86000E+02    3.09006E+00    4.54993E-02
    3.86100E+02    3.00848E+00    4.93667E-02
    3.86200E+02    2.93062E+00    5.33637E-02
    3.86300E+02    2.85648E+00    5.74707E-02
    3.86400E+02    2.78505E+00    6.17257E-02
    3.86500E+02    2.71703E+00    6.60706E-02
    3.86600E+02    2.65257E+00    7.04698E-02
    3.86700E+02    2.59066E+00    7.49703E-02
    3.86800E+02    2.53286E+00    7.94315E-02
    3.86900E+02    2.47792E+00    8.39172E-02
    3.87000E+02    2.43102E+00    8.79472E-02
    3.87100E+02    2.43837E+00    8.73028E-02
    3.87200E+02    2.34908E+00    9.54573E-02
    3.87300E+02    2.37103E+00    9.33841E-02
    3.87400E+02    2.24002E+00    1.06457E-01
    3.87500E+02    2.18329E+00    1.12670E-01
    3.87600E+02    2.13554E+00    1.18181E-01
    3.87700E+02    2.09227E+00    1.23407E-01
    3.87800E+02    2.05163E+00    1.28525E-01
    3.87900E+02    2.01307E+00    1.33578E-01
    3.88000E+02    1.97653E+00    1.38549E-01
    3.88100E+02    1.94086E+00    1.43580E-01
    3.88200E+02    1.90704E+00    1.48520E-01
    3.88300E+02    1.87463E+00    1.53411E-01
    3.88400E+02    1.84359E+00    1.58248E-01
    3.88500E+02    1.81383E+00    1.63029E-01
    3.88600E+02    1.78530E+00    1.67747E-01
    3.88700E+02    1.75795E+00    1.72398E-01
    3.88800E+02    1.73182E+00    1.76962E-01
    3.88900E+02    1.70715E+00    1.81382E-01
    3.89000E+02    1.68285E+00    1.85844E-01
    3.89100E+02    1.65972E+00    1.90193E-01
    3.89200E+02    1.63772E+00    1.94422E-01
    3.89300E+02    1.61679E+00    1.98535E-01
    3.89400E+02    1.59670E+00    2.02563E-01
    3.89500E+02    1.57742E+00    2.06506E-01
    3.89600E+02    1.55906E+00    2.10333E-01
    3.89700E+02    1.54145E+00    2.14071E-01
    3.89800E+02    1.52453E+00    2.17722E-01
    3.89900E+02    1.50823E+00    2.21302E-01
    3.90000E+02    1.49249E+00    2.24812E-01
    3.90100E+02    1.47702E+00    2.28318E-01
    3.90200E+02    1.46174E+00    2.31833E-01
    3.90300E+02    1.44667E+00    2.35352E-01
    3.90400E+02    1.43145E+00    2.38963E-01
    3.90500E+02    1.41618E+00    2.42640E-01
    3.90600E+02    1.40043E+00    2.46491E-01
    3.90700E+02    1.38389E+00    2.50601E-01
    3.90800E+02    1.36699E+00    2.54872E-01
    3.90900E+02    1.34993E+00    2.59259E-01
    3.91000E+02    1.33282E+00    2.63733E-01
    3.91100E+02    1.31581E+00    2.68256E-01
    3.91200E+02    1.29909E+00    2.72780E-01
    3.91300E+02    1.28327E+00    2.77130E-01
    3.91400E+02    1.26654E+00    2.81805E-01
    3.91500E+02    1.25111E+00    2.86186E-01
    3.91600E+02    1.23515E+00    2.90790E-01
    3.91700E+02    1.22020E+00    2.95172E-01
    3.91800E+02    1.20593E+00    2.99412E-01
    3.91900E+02    1.19326E+00    3.03231E-01
    3.92000E+02    1.17917E+00    3.07534E-01
    3.92100E+02    1.16659E+00    3.11428E-01
    3.92200E+02    1.15511E+00    3.15023E-01
    3.92300E+02    1.14532E+00    3.18122E-01
    3.92400E+02    1.13890E+00    3.20170E-01
    3.92500E+02    1.14116E+00    3.19449E-01
    3.92600E+02    1.19078E+00    3.03983E-01
    3.92700E+02    1.19279E+00    3.03373E-01
    3.92800E+02    1.11049E+00    3.29398E-01
    3.92900E+02    1.08445E+00    3.38088E-01
    3.93000E+02    1.06853E+00    3.43513E-01
    3.93100E+02    1.05599E+00    3.47847E-01
    3.93200E+02    1.04515E+00    3.51641E-01
    3.93300E+02    1.03486E+00    3.55275E-01
    3.93400E+02    1.02540E+00    3.58655E-01
    3.93500E+02    1.01618E+00    3.61977E-01
    3.93600E+02    1.00741E+00    3.65162E-01
    3.93700E+02    9.99027E-01    3.68238E-01
    3.93800E+02    9.90956E-01    3.71222E-01
    3.93900E+02    9.83174E-01    3.74122E-01
    3.94000E+02    9.75675E-01    3.76938E-01
    3.94100E+02    9.68496E-01    3.79653E-01
    3.94200E+02    9.61211E-01    3.82429E-01
    3.94300E+02    9.54208E-01    3.85117E-01
    3.94400E+02    9.47463E-01    3.87723E-01
    3.94500E+02    9.40999E-01    3.90238E-01
    3.94600E+02    9.34759E-01    3.92680E-01
    3.94700E+02    9.28805E-01    3.95025E-01
    3.94800E+02    9.23336E-01    3.97192E-01
    3.94900E+02    9.18896E-01    3.98959E-01
    3.95000E+02    9.19194E-01    3.98840E-01
    3.95100E+02    9.18886E-01    3.98963E-01
    3.95200E+02    9.02817E-01    4.05426E-01
    3.95300E+02    8.95490E-01    4.08408E-01
    3.95400E+02    8.89660E-01    4.10795E-01
    3.95500E+02    8.84211E-01    4.13040E-01
    3.95600E+02    8.79121E-01    4.15148E-01
    3.95700E+02    8.74293E-01    4.17157E-01
    3.95800E+02    8.69662E-01    4.19093E-01
    3.95900E+02    8.65271E-01    4.20937E-01
    3.96000E+02    8.61141E-01    4.22679E-01
    3.96100E+02    8.57447E-01    4.24244E-01
    3.96200E+02    8.54434E-01    4.25524E-01
    3.96300E+02    8.53034E-01    4.26120E-01
    3.96400E+02    8.56885E-01    4.24482E-01
    3.96500E+02    8.99338E-01    4.06839E-01
    3.96600E+02    8.64158E-01    4.21406E-01
    3.96700E+02    8.41703E-01    4.30976E-01
    3.96800E+02    8.34300E-01    4.34178E-01
    3.96900E+02    8.32390E-01    4.35008E-01
    3.97000E+02    8.51760E-01    4.26663E-01
    3.97100E+02    8.30464E-01    4.35847E-01
    3.97200E+02    8.17577E-01    4.41500E-01
    3.97300E+02    8.11655E-01    4.44123E-01
    3.97400E+02    8.07280E-01    4.46070E-01
    3.97500E+02    8.03426E-01    4.47792E-01
    3.97600E+02    7.99901E-01    4.49374E-01
    3.97700E+02    7.96568E-01    4.50874E-01
    3.97800E+02    7.93409E-01    4.52300E-01
    3.97900E+02    7.90393E-01    4.53667E-01
    3.98000E+02    7.87404E-01    4.55025E-01
    3.98100E+02    7.84477E-01    4.56358E-01
    3.98200E+02    7.81679E-01    4.57637E-01
    3.98300E+02    7.78975E-01    4.58876E-01
    3.98400E+02    7.76363E-01    4.60076E-01
    3.98500E+02    7.73820E-01    4.61248E-01
    3.98600E+02    7.71368E-01    4.62380E-01
    3.98700E+02    7.68988E-01    4.63482E-01
    3.98800E+02    7.66709E-01    4.64539E-01
    3.98900E+02    7.64539E-01    4.65548E-01
    3.99000E+02    7.62486E-01    4.66505E-01
    3.99100E+02    7.60629E-01    4.67372E-01
    3.99200E+02    7.59497E-01    4.67902E-01
    3.99300E+02    7.58141E-01    4.68536E-01
    3.99400E+02    7.55671E-01    4.69696E-01
    3.99500E+02    7.54651E-01    4.70175E-01
    3.99600E+02    7.53118E-01    4.70896E-01
    3.99700E+02    7.52869E-01    4.71014E-01
    3.99800E+02    7.54142E-01    4.70414E-01
    3.99900E+02    7.59494E-01    4.67903E-01

