#	Freq	Err	Trans
    5.49900E+02    1.81344E+02    1.75034E-79
    5.50000E+02    1.86159E+02    1.41911E-81
    5.50100E+02    1.91184E+02    9.32950E-84
    5.50200E+02    1.96428E+02    4.92501E-86
    5.50300E+02    2.01901E+02    2.06774E-88
    5.50400E+02    2.07618E+02    6.80235E-91
    5.50500E+02    2.13591E+02    1.73222E-93
    5.50600E+02    2.19831E+02    3.37877E-96
    5.50700E+02    2.26356E+02    4.95250E-99
    5.50800E+02    2.33190E+02    5.33044E-100
    5.50900E+02    2.40377E+02    4.03157E-100
    5.51000E+02    2.48129E+02    1.73280E-100
    5.51100E+02    2.55635E+02    9.52727E-100
    5.51200E+02    2.63766E+02    2.80550E-100
    5.51300E+02    2.72358E+02    5.20479E-100
    5.51400E+02    2.81379E+02    6.29291E-100
    5.51500E+02    2.90772E+02    5.23802E-100
    5.51600E+02    3.00642E+02    2.70875E-100
    5.51700E+02    3.11008E+02    8.53391E-100
    5.51800E+02    3.21924E+02    1.54988E-100
    5.51900E+02    3.33385E+02    1.63149E-100
    5.52000E+02    3.45438E+02    9.50908E-100
    5.52100E+02    3.58126E+02    2.93727E-100
    5.52200E+02    3.71477E+02    4.67457E-100
    5.52300E+02    3.85545E+02    3.62941E-100
    5.52400E+02    4.00408E+02    1.27400E-100
    5.52500E+02    4.16092E+02    1.96614E-100
    5.52600E+02    4.32674E+02    1.23588E-100
    5.52700E+02    4.50206E+02    3.00472E-100
    5.52800E+02    4.68789E+02    2.55464E-100
    5.52900E+02    4.88470E+02    7.24540E-100
    5.53000E+02    5.09354E+02    6.16901E-100
    5.53100E+02    5.31516E+02    1.46426E-100
    5.53200E+02    5.55055E+02    8.76477E-100
    5.53300E+02    5.80098E+02    1.16624E-100
    5.53400E+02    6.06742E+02    3.12799E-100
    5.53500E+02    6.35113E+02    1.49262E-100
    5.53600E+02    6.65362E+02    1.08901E-100
    5.53700E+02    6.97589E+02    1.09876E-100
    5.53800E+02    7.32019E+02    1.22499E-100
    5.53900E+02    7.68802E+02    0.00000E+00
    5.54000E+02    8.08112E+02    0.00000E+00
    5.54100E+02    8.50174E+02    0.00000E+00
    5.54200E+02    8.95164E+02    0.00000E+00
    5.54300E+02    9.43381E+02    0.00000E+00
    5.54400E+02    9.95024E+02    0.00000E+00
    5.54500E+02    1.05037E+03    0.00000E+00
    5.54600E+02    1.10969E+03    0.00000E+00
    5.54700E+02    1.17332E+03    0.00000E+00
    5.54800E+02    1.24152E+03    0.00000E+00
    5.54900E+02    1.31462E+03    0.00000E+00
    5.55000E+02    1.39292E+03    0.00000E+00
    5.55100E+02    1.47672E+03    0.00000E+00
    5.55200E+02    1.56633E+03    0.00000E+00
    5.55300E+02    1.66198E+03    0.00000E+00
    5.55400E+02    1.76389E+03    0.00000E+00
    5.55500E+02    1.87217E+03    0.00000E+00
    5.55600E+02    1.98683E+03    0.00000E+00
    5.55700E+02    2.10774E+03    0.00000E+00
    5.55800E+02    2.23458E+03    0.00000E+00
    5.55900E+02    2.36679E+03    0.00000E+00
    5.56000E+02    2.50345E+03    0.00000E+00
    5.56100E+02    2.64343E+03    0.00000E+00
    5.56200E+02    2.78492E+03    0.00000E+00
    5.56300E+02    2.92541E+03    0.00000E+00
    5.56400E+02    3.06240E+03    0.00000E+00
    5.56500E+02    3.19214E+03    0.00000E+00
    5.56600E+02    3.31014E+03    0.00000E+00
    5.56700E+02    3.41066E+03    0.00000E+00
    5.56800E+02    3.48762E+03    0.00000E+00
    5.56900E+02    3.53185E+03    0.00000E+00
    5.57000E+02    3.52509E+03    0.00000E+00
    5.57100E+02    3.47309E+03    0.00000E+00
    5.57200E+02    3.39108E+03    0.00000E+00
    5.57300E+02    3.28732E+03    0.00000E+00
    5.57400E+02    3.16756E+03    0.00000E+00
    5.57500E+02    3.03706E+03    0.00000E+00
    5.57600E+02    2.90030E+03    0.00000E+00
    5.57700E+02    2.76055E+03    0.00000E+00
    5.57800E+02    2.62029E+03    0.00000E+00
    5.57900E+02    2.48207E+03    0.00000E+00
    5.58000E+02    2.34724E+03    0.00000E+00
    5.58100E+02    2.21698E+03    0.00000E+00
    5.58200E+02    2.09217E+03    0.00000E+00
    5.58300E+02    1.97329E+03    0.00000E+00
    5.58400E+02    1.86060E+03    0.00000E+00
    5.58500E+02    1.75420E+03    0.00000E+00
    5.58600E+02    1.65409E+03    0.00000E+00
    5.58700E+02    1.56012E+03    0.00000E+00
    5.58800E+02    1.47204E+03    0.00000E+00
    5.58900E+02    1.38966E+03    0.00000E+00
    5.59000E+02    1.31265E+03    0.00000E+00
    5.59100E+02    1.24075E+03    0.00000E+00
    5.59200E+02    1.17362E+03    0.00000E+00
    5.59300E+02    1.11097E+03    0.00000E+00
    5.59400E+02    1.05250E+03    0.00000E+00
    5.59500E+02    9.97929E+02    0.00000E+00
    5.59600E+02    9.46972E+02    0.00000E+00
    5.59700E+02    8.99410E+02    0.00000E+00
    5.59800E+02    8.55025E+02    0.00000E+00
    5.59900E+02    8.13393E+02    0.00000E+00
    5.60000E+02    7.74442E+02    0.00000E+00
    5.60100E+02    7.38002E+02    3.08791E-100
    5.60200E+02    7.03869E+02    2.05789E-100
    5.60300E+02    6.71864E+02    1.63342E-100
    5.60400E+02    6.41835E+02    1.79646E-100
    5.60500E+02    6.13632E+02    3.18365E-100
    5.60600E+02    5.87128E+02    1.03137E-100
    5.60700E+02    5.62200E+02    6.91076E-100
    5.60800E+02    5.38747E+02    1.05910E-100
    5.60900E+02    5.16645E+02    4.20713E-100
    5.61000E+02    4.95792E+02    4.78758E-100
    5.61100E+02    4.76115E+02    1.68225E-100
    5.61200E+02    4.57538E+02    1.96742E-100
    5.61300E+02    4.39986E+02    8.25484E-100
    5.61400E+02    4.23358E+02    1.37325E-100
    5.61500E+02    4.07632E+02    9.28491E-100
    5.61600E+02    3.92730E+02    2.75221E-100
    5.61700E+02    3.78603E+02    3.75625E-100
    5.61800E+02    3.65201E+02    2.48439E-100
    5.61900E+02    3.52474E+02    8.36237E-100
    5.62000E+02    3.40372E+02    1.50727E-100
    5.62100E+02    3.28871E+02    1.49018E-100
    5.62200E+02    3.17919E+02    8.50246E-100
    5.62300E+02    3.07492E+02    2.86903E-100
    5.62400E+02    2.97566E+02    5.87151E-100
    5.62500E+02    2.88090E+02    7.66156E-100
    5.62600E+02    2.79063E+02    6.37337E-100
    5.62700E+02    2.70438E+02    3.55171E-100
    5.62800E+02    2.62187E+02    1.35974E-100
    5.62900E+02    2.54310E+02    3.58698E-100
    5.63000E+02    2.46789E+02    6.62324E-100
    5.63100E+02    2.39580E+02    8.94476E-100
    5.63200E+02    2.32677E+02    8.90915E-100
    5.63300E+02    2.26067E+02    6.61330E-99
    5.63400E+02    2.19735E+02    3.71666E-96
    5.63500E+02    2.13655E+02    1.62512E-93
    5.63600E+02    2.07816E+02    5.58144E-91
    5.63700E+02    2.02214E+02    1.51235E-88
    5.63800E+02    1.96835E+02    3.27835E-86
    5.63900E+02    1.91664E+02    5.77366E-84
    5.64000E+02    1.86695E+02    8.30201E-82
    5.64100E+02    1.81915E+02    9.89626E-80
    5.64200E+02    1.77314E+02    9.85183E-78
    5.64300E+02    1.72884E+02    8.27171E-76
    5.64400E+02    1.68618E+02    5.88794E-74
    5.64500E+02    1.64507E+02    3.59236E-72
    5.64600E+02    1.60544E+02    1.89004E-70
    5.64700E+02    1.56722E+02    8.64364E-69
    5.64800E+02    1.53034E+02    3.45320E-67
    5.64900E+02    1.49476E+02    1.21114E-65
    5.65000E+02    1.46039E+02    3.76731E-64
    5.65100E+02    1.42722E+02    1.03906E-62
    5.65200E+02    1.39515E+02    2.56640E-61
    5.65300E+02    1.36416E+02    5.68969E-60
    5.65400E+02    1.33421E+02    1.13730E-58
    5.65500E+02    1.30525E+02    2.05905E-57
    5.65600E+02    1.27728E+02    3.37739E-56
    5.65700E+02    1.25088E+02    4.72983E-55
    5.65800E+02    1.22389E+02    7.03241E-54
    5.65900E+02    1.19840E+02    8.99636E-53
    5.66000E+02    1.17384E+02    1.04928E-51
    5.66100E+02    1.15020E+02    1.11508E-50
    5.66200E+02    1.12796E+02    1.03156E-49
    5.66300E+02    1.11206E+02    5.05763E-49
    5.66400E+02    1.08351E+02    8.78238E-48
    5.66500E+02    1.06167E+02    7.80058E-47
    5.66600E+02    1.04111E+02    6.10032E-46
    5.66700E+02    1.02225E+02    4.01896E-45
    5.66800E+02    1.00228E+02    2.96203E-44
    5.66900E+02    9.83212E+01    1.99371E-43
    5.67000E+02    9.64307E+01    1.32027E-42
    5.67100E+02    9.46307E+01    7.98729E-42
    5.67200E+02    9.28888E+01    4.55927E-41
    5.67300E+02    9.11982E+01    2.47248E-40
    5.67400E+02    8.95572E+01    1.27587E-39
    5.67500E+02    8.79601E+01    6.30106E-39
    5.67600E+02    8.64067E+01    2.97875E-38
    5.67700E+02    8.48968E+01    1.34832E-37
    5.67800E+02    8.34317E+01    5.83525E-37
    5.67900E+02    8.19925E+01    2.46087E-36
    5.68000E+02    8.05967E+01    9.93802E-36
    5.68100E+02    7.92372E+01    3.87020E-35
    5.68200E+02    7.79131E+01    1.45474E-34
    5.68300E+02    7.66217E+01    5.29182E-34
    5.68400E+02    7.53631E+01    1.86311E-33
    5.68500E+02    7.41371E+01    6.34868E-33
    5.68600E+02    7.29387E+01    2.10436E-32
    5.68700E+02    7.17730E+01    6.75099E-32
    5.68800E+02    7.06328E+01    2.11135E-31
    5.68900E+02    6.95222E+01    6.41032E-31
    5.69000E+02    6.84370E+01    1.89748E-30
    5.69100E+02    6.73795E+01    5.46307E-30
    5.69200E+02    6.63445E+01    1.53804E-29
    5.69300E+02    6.53355E+01    4.21863E-29
    5.69400E+02    6.43506E+01    1.12949E-28
    5.69500E+02    6.33859E+01    2.96382E-28
    5.69600E+02    6.24455E+01    7.59008E-28
    5.69700E+02    6.15279E+01    1.90003E-27
    5.69800E+02    6.06339E+01    4.64532E-27
    5.69900E+02    5.97678E+01    1.10457E-26
    5.70000E+02    5.89513E+01    2.49908E-26
    5.70100E+02    5.84567E+01    4.09808E-26
    5.70200E+02    5.72840E+01    1.32394E-25
    5.70300E+02    5.64396E+01    3.08030E-25
    5.70400E+02    5.56410E+01    6.84545E-25
    5.70500E+02    5.48687E+01    1.48188E-24
    5.70600E+02    5.41163E+01    3.14484E-24
    5.70700E+02    5.33848E+01    6.53516E-24
    5.70800E+02    5.26862E+01    1.31419E-23
    5.70900E+02    5.20589E+01    2.46098E-23
    5.71000E+02    5.21390E+01    2.27154E-23
    5.71100E+02    5.06826E+01    9.74606E-23
    5.71200E+02    4.99349E+01    2.05845E-22
    5.71300E+02    4.92569E+01    4.05503E-22
    5.71400E+02    4.86077E+01    7.76109E-22
    5.71500E+02    4.79739E+01    1.46286E-21
    5.71600E+02    4.73575E+01    2.70952E-21
    5.71700E+02    4.67525E+01    4.96208E-21
    5.71800E+02    4.61607E+01    8.96718E-21
    5.71900E+02    4.55795E+01    1.60354E-20
    5.72000E+02    4.50111E+01    2.83085E-20
    5.72100E+02    4.44556E+01    4.93395E-20
    5.72200E+02    4.39078E+01    8.53271E-20
    5.72300E+02    4.33729E+01    1.45678E-19
    5.72400E+02    4.28485E+01    2.46114E-19
    5.72500E+02    4.23350E+01    4.11286E-19
    5.72600E+02    4.18309E+01    6.80858E-19
    5.72700E+02    4.13442E+01    1.10770E-18
    5.72800E+02    4.08846E+01    1.75410E-18
    5.72900E+02    4.04895E+01    2.60396E-18
    5.73000E+02    3.99173E+01    4.61442E-18
    5.73100E+02    3.94401E+01    7.43653E-18
    5.73200E+02    3.89831E+01    1.17451E-17
    5.73300E+02    3.85379E+01    1.83313E-17
    5.73400E+02    3.81046E+01    2.82738E-17
    5.73500E+02    3.76917E+01    4.27267E-17
    5.73600E+02    3.74492E+01    5.44542E-17
    5.73700E+02    3.68552E+01    9.86306E-17
    5.73800E+02    3.64278E+01    1.51214E-16
    5.73900E+02    3.60217E+01    2.26967E-16
    5.74000E+02    3.56267E+01    3.36910E-16
    5.74100E+02    3.52382E+01    4.96880E-16
    5.74200E+02    3.48580E+01    7.26687E-16
    5.74300E+02    3.44844E+01    1.05590E-15
    5.74400E+02    3.41218E+01    1.51736E-15
    5.74500E+02    3.37861E+01    2.12263E-15
    5.74600E+02    3.34203E+01    3.06019E-15
    5.74700E+02    3.30518E+01    4.42381E-15
    5.74800E+02    3.27022E+01    6.27511E-15
    5.74900E+02    3.23627E+01    8.81124E-15
    5.75000E+02    3.20293E+01    1.22985E-14
    5.75100E+02    3.17013E+01    1.70733E-14
    5.75200E+02    3.13784E+01    2.35798E-14
    5.75300E+02    3.10607E+01    3.23971E-14
    5.75400E+02    3.07482E+01    4.42826E-14
    5.75500E+02    3.04407E+01    6.02225E-14
    5.75600E+02    3.01384E+01    8.14779E-14
    5.75700E+02    2.98414E+01    1.09654E-13
    5.75800E+02    2.95493E+01    1.46867E-13
    5.75900E+02    2.92601E+01    1.96116E-13
    5.76000E+02    2.89764E+01    2.60443E-13
    5.76100E+02    2.86987E+01    3.43823E-13
    5.76200E+02    2.84279E+01    4.50752E-13
    5.76300E+02    2.81670E+01    5.85104E-13
    5.76400E+02    2.79262E+01    7.44413E-13
    5.76500E+02    2.78424E+01    8.09448E-13
    5.76600E+02    2.74228E+01    1.23145E-12
    5.76700E+02    2.71245E+01    1.65955E-12
    5.76800E+02    2.68639E+01    2.15361E-12
    5.76900E+02    2.66070E+01    2.78437E-12
    5.77000E+02    2.63616E+01    3.55878E-12
    5.77100E+02    2.61175E+01    4.54284E-12
    5.77200E+02    2.58790E+01    5.76636E-12
    5.77300E+02    2.56456E+01    7.28203E-12
    5.77400E+02    2.54133E+01    9.18662E-12
    5.77500E+02    2.51854E+01    1.15379E-11
    5.77600E+02    2.49609E+01    1.44416E-11
    5.77700E+02    2.47398E+01    1.80152E-11
    5.77800E+02    2.45223E+01    2.23918E-11
    5.77900E+02    2.43127E+01    2.76144E-11
    5.78000E+02    2.40955E+01    3.43146E-11
    5.78100E+02    2.38859E+01    4.23159E-11
    5.78200E+02    2.36797E+01    5.20060E-11
    5.78300E+02    2.34763E+01    6.37325E-11
    5.78400E+02    2.32758E+01    7.78819E-11
    5.78500E+02    2.30782E+01    9.49040E-11
    5.78600E+02    2.28843E+01    1.15207E-10
    5.78700E+02    2.26910E+01    1.39776E-10
    5.78800E+02    2.25010E+01    1.69028E-10
    5.78900E+02    2.23136E+01    2.03855E-10
    5.79000E+02    2.21289E+01    2.45218E-10
    5.79100E+02    2.19467E+01    2.94230E-10
    5.79200E+02    2.17667E+01    3.52227E-10
    5.79300E+02    2.15893E+01    4.20610E-10
    5.79400E+02    2.14142E+01    5.01130E-10
    5.79500E+02    2.12413E+01    5.95718E-10
    5.79600E+02    2.10706E+01    7.06545E-10
    5.79700E+02    2.09023E+01    8.36104E-10
    5.79800E+02    2.07360E+01    9.87396E-10
    5.79900E+02    2.05720E+01    1.16326E-09
    5.80000E+02    2.04119E+01    1.36532E-09
    5.80100E+02    2.02502E+01    1.60498E-09
    5.80200E+02    2.00927E+01    1.87869E-09
    5.80300E+02    1.99366E+01    2.19596E-09
    5.80400E+02    1.97833E+01    2.55992E-09
    5.80500E+02    1.96308E+01    2.98174E-09
    5.80600E+02    1.94807E+01    3.46437E-09
    5.80700E+02    1.93326E+01    4.01762E-09
    5.80800E+02    1.91863E+01    4.65066E-09
    5.80900E+02    1.90421E+01    5.37195E-09
    5.81000E+02    1.89001E+01    6.19167E-09
    5.81100E+02    1.87592E+01    7.12793E-09
    5.81200E+02    1.86205E+01    8.18867E-09
    5.81300E+02    1.84862E+01    9.36583E-09
    5.81400E+02    1.83493E+01    1.07395E-08
    5.81500E+02    1.82164E+01    1.22661E-08
    5.81600E+02    1.80856E+01    1.39810E-08
    5.81700E+02    1.79582E+01    1.58808E-08
    5.81800E+02    1.78359E+01    1.79465E-08
    5.81900E+02    1.77198E+01    2.01557E-08
    5.82000E+02    1.76253E+01    2.21533E-08
    5.82100E+02    1.76455E+01    2.17098E-08
    5.82200E+02    1.74916E+01    2.53220E-08
    5.82300E+02    1.73059E+01    3.04895E-08
    5.82400E+02    1.71138E+01    3.69480E-08
    5.82500E+02    1.69744E+01    4.24742E-08
    5.82600E+02    1.68479E+01    4.82003E-08
    5.82700E+02    1.67265E+01    5.44213E-08
    5.82800E+02    1.66083E+01    6.12515E-08
    5.82900E+02    1.64928E+01    6.87461E-08
    5.83000E+02    1.63797E+01    7.69807E-08
    5.83100E+02    1.62685E+01    8.60388E-08
    5.83200E+02    1.61611E+01    9.57916E-08
    5.83300E+02    1.60603E+01    1.05948E-07
    5.83400E+02    1.59861E+01    1.14107E-07
    5.83500E+02    1.59574E+01    1.17429E-07
    5.83600E+02    1.57493E+01    1.44595E-07
    5.83700E+02    1.56285E+01    1.63172E-07
    5.83800E+02    1.55200E+01    1.81860E-07
    5.83900E+02    1.54234E+01    2.00300E-07
    5.84000E+02    1.53129E+01    2.23708E-07
    5.84100E+02    1.52111E+01    2.47683E-07
    5.84200E+02    1.51113E+01    2.73681E-07
    5.84300E+02    1.50130E+01    3.01953E-07
    5.84400E+02    1.49159E+01    3.32730E-07
    5.84500E+02    1.48201E+01    3.66208E-07
    5.84600E+02    1.47262E+01    4.02253E-07
    5.84700E+02    1.46316E+01    4.42165E-07
    5.84800E+02    1.45384E+01    4.85362E-07
    5.84900E+02    1.44465E+01    5.32075E-07
    5.85000E+02    1.43557E+01    5.82659E-07
    5.85100E+02    1.42659E+01    6.37357E-07
    5.85200E+02    1.41770E+01    6.96632E-07
    5.85300E+02    1.40894E+01    7.60397E-07
    5.85400E+02    1.40023E+01    8.29622E-07
    5.85500E+02    1.39161E+01    9.04300E-07
    5.85600E+02    1.38311E+01    9.84571E-07
    5.85700E+02    1.37472E+01    1.07070E-06
    5.85800E+02    1.36636E+01    1.16402E-06
    5.85900E+02    1.35807E+01    1.26461E-06
    5.86000E+02    1.34992E+01    1.37206E-06
    5.86100E+02    1.34184E+01    1.48757E-06
    5.86200E+02    1.33381E+01    1.61190E-06
    5.86300E+02    1.32589E+01    1.74479E-06
    5.86400E+02    1.31806E+01    1.88682E-06
    5.86500E+02    1.31031E+01    2.03897E-06
    5.86600E+02    1.30262E+01    2.20178E-06
    5.86700E+02    1.29503E+01    2.37561E-06
    5.86800E+02    1.28760E+01    2.55866E-06
    5.86900E+02    1.28002E+01    2.76014E-06
    5.87000E+02    1.27270E+01    2.96994E-06
    5.87100E+02    1.26531E+01    3.19756E-06
    5.87200E+02    1.25806E+01    3.43798E-06
    5.87300E+02    1.25088E+01    3.69399E-06
    5.87400E+02    1.24379E+01    3.96551E-06
    5.87500E+02    1.23675E+01    4.25457E-06
    5.87600E+02    1.22979E+01    4.56112E-06
    5.87700E+02    1.22292E+01    4.88565E-06
    5.87800E+02    1.21611E+01    5.23018E-06
    5.87900E+02    1.20933E+01    5.59705E-06
    5.88000E+02    1.20262E+01    5.98511E-06
    5.88100E+02    1.19602E+01    6.39360E-06
    5.88200E+02    1.18944E+01    6.82859E-06
    5.88300E+02    1.18295E+01    7.28641E-06
    5.88400E+02    1.17656E+01    7.76725E-06
    5.88500E+02    1.17015E+01    8.28159E-06
    5.88600E+02    1.16382E+01    8.82283E-06
    5.88700E+02    1.15757E+01    9.39116E-06
    5.88800E+02    1.15140E+01    9.98951E-06
    5.88900E+02    1.14532E+01    1.06150E-05
    5.89000E+02    1.13940E+01    1.12634E-05
    5.89100E+02    1.13513E+01    1.17541E-05
    5.89200E+02    1.12748E+01    1.26889E-05
    5.89300E+02    1.12135E+01    1.34902E-05
    5.89400E+02    1.11546E+01    1.43096E-05
    5.89500E+02    1.10964E+01    1.51671E-05
    5.89600E+02    1.10388E+01    1.60653E-05
    5.89700E+02    1.09822E+01    1.70022E-05
    5.89800E+02    1.09259E+01    1.79860E-05
    5.89900E+02    1.08708E+01    1.90046E-05
    5.90000E+02    1.08165E+01    2.00658E-05
    5.90100E+02    1.07639E+01    2.11491E-05
    5.90200E+02    1.07161E+01    2.21858E-05
    5.90300E+02    1.06949E+01    2.26612E-05
    5.90400E+02    1.06257E+01    2.42830E-05
    5.90500E+02    1.05542E+01    2.60828E-05
    5.90600E+02    1.04981E+01    2.75881E-05
    5.90700E+02    1.04458E+01    2.90696E-05
    5.90800E+02    1.03966E+01    3.05376E-05
    5.90900E+02    1.03534E+01    3.18837E-05
    5.91000E+02    1.03687E+01    3.13989E-05
    5.91100E+02    1.02630E+01    3.49009E-05
    5.91200E+02    1.02374E+01    3.58051E-05
    5.91300E+02    1.01837E+01    3.77816E-05
    5.91400E+02    1.01029E+01    4.09620E-05
    5.91500E+02    1.00472E+01    4.33084E-05
    5.91600E+02    9.99652E+00    4.55583E-05
    5.91700E+02    9.94748E+00    4.78479E-05
    5.91800E+02    9.89973E+00    5.01881E-05
    5.91900E+02    9.85297E+00    5.25906E-05
    5.92000E+02    9.80688E+00    5.50713E-05
    5.92100E+02    9.76177E+00    5.76124E-05
    5.92200E+02    9.71772E+00    6.02068E-05
    5.92300E+02    9.67575E+00    6.27876E-05
    5.92400E+02    9.63846E+00    6.51730E-05
    5.92500E+02    9.61187E+00    6.69295E-05
    5.92600E+02    9.67534E+00    6.28133E-05
    5.92700E+02    9.56076E+00    7.04391E-05
    5.92800E+02    9.47059E+00    7.70859E-05
    5.92900E+02    9.41603E+00    8.14082E-05
    5.93000E+02    9.36859E+00    8.53634E-05
    5.93100E+02    9.32408E+00    8.92493E-05
    5.93200E+02    9.28115E+00    9.31636E-05
    5.93300E+02    9.23875E+00    9.71986E-05
    5.93400E+02    9.19749E+00    1.01293E-04
    5.93500E+02    9.15660E+00    1.05521E-04
    5.93600E+02    9.11596E+00    1.09898E-04
    5.93700E+02    9.07608E+00    1.14370E-04
    5.93800E+02    9.03635E+00    1.19004E-04
    5.93900E+02    8.99744E+00    1.23726E-04
    5.94000E+02    8.95901E+00    1.28574E-04
    5.94100E+02    8.92084E+00    1.33576E-04
    5.94200E+02    8.88445E+00    1.38527E-04
    5.94300E+02    8.84828E+00    1.43628E-04
    5.94400E+02    8.81032E+00    1.49185E-04
    5.94500E+02    8.77442E+00    1.54639E-04
    5.94600E+02    8.73952E+00    1.60131E-04
    5.94700E+02    8.70691E+00    1.65439E-04
    5.94800E+02    8.67867E+00    1.70178E-04
    5.94900E+02    8.66109E+00    1.73195E-04
    5.95000E+02    8.68910E+00    1.68412E-04
    5.95100E+02    8.84626E+00    1.43919E-04
    5.95200E+02    8.58295E+00    1.87271E-04
    5.95300E+02    8.51178E+00    2.01086E-04
    5.95400E+02    8.46467E+00    2.10786E-04
    5.95500E+02    8.42490E+00    2.19337E-04
    5.95600E+02    8.38788E+00    2.27609E-04
    5.95700E+02    8.35245E+00    2.35819E-04
    5.95800E+02    8.31840E+00    2.43986E-04
    5.95900E+02    8.28488E+00    2.52302E-04
    5.96000E+02    8.25205E+00    2.60723E-04
    5.96100E+02    8.21970E+00    2.69296E-04
    5.96200E+02    8.18783E+00    2.78017E-04
    5.96300E+02    8.15636E+00    2.86905E-04
    5.96400E+02    8.12530E+00    2.95957E-04
    5.96500E+02    8.09466E+00    3.05164E-04
    5.96600E+02    8.06441E+00    3.14538E-04
    5.96700E+02    8.03458E+00    3.24060E-04
    5.96800E+02    8.00539E+00    3.33659E-04
    5.96900E+02    7.97637E+00    3.43483E-04
    5.97000E+02    7.94779E+00    3.53441E-04
    5.97100E+02    7.91960E+00    3.63546E-04
    5.97200E+02    7.89190E+00    3.73758E-04
    5.97300E+02    7.86460E+00    3.84104E-04
    5.97400E+02    7.83779E+00    3.94539E-04
    5.97500E+02    7.81174E+00    4.04953E-04
    5.97600E+02    7.78571E+00    4.15631E-04
    5.97700E+02    7.76046E+00    4.26261E-04
    5.97800E+02    7.73579E+00    4.36906E-04
    5.97900E+02    7.71177E+00    4.47531E-04
    5.98000E+02    7.68830E+00    4.58157E-04
    5.98100E+02    7.66560E+00    4.68674E-04
    5.98200E+02    7.64301E+00    4.79384E-04
    5.98300E+02    7.62103E+00    4.90036E-04
    5.98400E+02    7.59981E+00    5.00549E-04
    5.98500E+02    7.57932E+00    5.10910E-04
    5.98600E+02    7.55959E+00    5.21091E-04
    5.98700E+02    7.54055E+00    5.31104E-04
    5.98800E+02    7.52200E+00    5.41047E-04
    5.98900E+02    7.50436E+00    5.50677E-04
    5.99000E+02    7.48710E+00    5.60265E-04
    5.99100E+02    7.47042E+00    5.69689E-04
    5.99200E+02    7.45418E+00    5.79018E-04
    5.99300E+02    7.43828E+00    5.88296E-04
    5.99400E+02    7.42253E+00    5.97635E-04
    5.99500E+02    7.40656E+00    6.07254E-04
    5.99600E+02    7.39121E+00    6.16651E-04
    5.99700E+02    7.37435E+00    6.27137E-04
    5.99800E+02    7.35871E+00    6.37017E-04
    5.99900E+02    7.35125E+00    6.41792E-04
    6.00000E+02    7.36606E+00    6.32356E-04
    6.00100E+02    7.29072E+00    6.81837E-04
    6.00200E+02    7.25326E+00    7.07863E-04
    6.00300E+02    7.21940E+00    7.32243E-04
    6.00400E+02    7.18587E+00    7.57213E-04
    6.00500E+02    7.15260E+00    7.82826E-04
    6.00600E+02    7.11978E+00    8.08944E-04
    6.00700E+02    7.08776E+00    8.35265E-04
    6.00800E+02    7.05516E+00    8.62943E-04
    6.00900E+02    7.02395E+00    8.90302E-04
    6.01000E+02    6.99413E+00    9.17247E-04
    6.01100E+02    6.96245E+00    9.46779E-04
    6.01200E+02    6.93153E+00    9.76501E-04
    6.01300E+02    6.90198E+00    1.00579E-03
    6.01400E+02    6.87374E+00    1.03460E-03
    6.01500E+02    6.84548E+00    1.06425E-03
    6.01600E+02    6.81795E+00    1.09396E-03
    6.01700E+02    6.79111E+00    1.12372E-03
    6.01800E+02    6.76432E+00    1.15423E-03
    6.01900E+02    6.73827E+00    1.18470E-03
    6.02000E+02    6.71295E+00    1.21508E-03
    6.02100E+02    6.68681E+00    1.24726E-03
    6.02200E+02    6.66304E+00    1.27725E-03
    6.02300E+02    6.63893E+00    1.30843E-03
    6.02400E+02    6.61609E+00    1.33865E-03
    6.02500E+02    6.59492E+00    1.36730E-03
    6.02600E+02    6.57145E+00    1.39977E-03
    6.02700E+02    6.54920E+00    1.43126E-03
    6.02800E+02    6.52973E+00    1.45940E-03
    6.02900E+02    6.50553E+00    1.49515E-03
    6.03000E+02    6.48454E+00    1.52686E-03
    6.03100E+02    6.46418E+00    1.55826E-03
    6.03200E+02    6.44265E+00    1.59219E-03
    6.03300E+02    6.42211E+00    1.62522E-03
    6.03400E+02    6.40223E+00    1.65786E-03
    6.03500E+02    6.38299E+00    1.69006E-03
    6.03600E+02    6.36339E+00    1.72352E-03
    6.03700E+02    6.34437E+00    1.75661E-03
    6.03800E+02    6.32546E+00    1.79014E-03
    6.03900E+02    6.30688E+00    1.82372E-03
    6.04000E+02    6.28875E+00    1.85709E-03
    6.04100E+02    6.27048E+00    1.89131E-03
    6.04200E+02    6.25283E+00    1.92500E-03
    6.04300E+02    6.23501E+00    1.95961E-03
    6.04400E+02    6.21778E+00    1.99367E-03
    6.04500E+02    6.20059E+00    2.02823E-03
    6.04600E+02    6.18376E+00    2.06266E-03
    6.04700E+02    6.16706E+00    2.09738E-03
    6.04800E+02    6.15035E+00    2.13274E-03
    6.04900E+02    6.12697E+00    2.18318E-03
    6.05000E+02    6.11099E+00    2.21836E-03
    6.05100E+02    6.09498E+00    2.25416E-03
    6.05200E+02    6.07935E+00    2.28966E-03
    6.05300E+02    6.06380E+00    2.32555E-03
    6.05400E+02    6.04889E+00    2.36047E-03
    6.05500E+02    6.03417E+00    2.39548E-03
    6.05600E+02    6.01880E+00    2.43260E-03
    6.05700E+02    6.00479E+00    2.46691E-03
    6.05800E+02    5.99043E+00    2.50259E-03
    6.05900E+02    5.97566E+00    2.53983E-03
    6.06000E+02    5.96219E+00    2.57426E-03
    6.06100E+02    5.94770E+00    2.61184E-03
    6.06200E+02    5.93410E+00    2.64760E-03
    6.06300E+02    5.92072E+00    2.68327E-03
    6.06400E+02    5.90731E+00    2.71951E-03
    6.06500E+02    5.89423E+00    2.75530E-03
    6.06600E+02    5.88144E+00    2.79077E-03
    6.06700E+02    5.86904E+00    2.82558E-03
    6.06800E+02    5.85632E+00    2.86176E-03
    6.06900E+02    5.84404E+00    2.89710E-03
    6.07000E+02    5.83236E+00    2.93114E-03
    6.07100E+02    5.82141E+00    2.96343E-03
    6.07200E+02    5.82354E+00    2.95712E-03
    6.07300E+02    5.79981E+00    3.02812E-03
    6.07400E+02    5.78749E+00    3.06567E-03
    6.07500E+02    5.77632E+00    3.10012E-03
    6.07600E+02    5.76670E+00    3.13008E-03
    6.07700E+02    5.75919E+00    3.15366E-03
    6.07800E+02    5.76353E+00    3.14001E-03
    6.07900E+02    5.75295E+00    3.17342E-03
    6.08000E+02    5.72884E+00    3.25084E-03
    6.08100E+02    5.71618E+00    3.29226E-03
    6.08200E+02    5.70579E+00    3.32666E-03
    6.08300E+02    5.69607E+00    3.35914E-03
    6.08400E+02    5.68781E+00    3.38700E-03
    6.08500E+02    5.67850E+00    3.41868E-03
    6.08600E+02    5.67004E+00    3.44774E-03
    6.08700E+02    5.66203E+00    3.47544E-03
    6.08800E+02    5.65470E+00    3.50101E-03
    6.08900E+02    5.64762E+00    3.52588E-03
    6.09000E+02    5.64110E+00    3.54896E-03
    6.09100E+02    5.63621E+00    3.56634E-03
    6.09200E+02    5.63035E+00    3.58732E-03
    6.09300E+02    5.62650E+00    3.60117E-03
    6.09400E+02    5.62535E+00    3.60532E-03
    6.09500E+02    5.62896E+00    3.59230E-03
    6.09600E+02    5.64933E+00    3.51986E-03
    6.09700E+02    5.78524E+00    3.07256E-03
    6.09800E+02    5.69317E+00    3.36889E-03
    6.09900E+02    5.63366E+00    3.57546E-03
    6.10000E+02    5.62487E+00    3.60702E-03
    6.10100E+02    5.63852E+00    3.55814E-03
    6.10200E+02    5.70543E+00    3.32785E-03
    6.10300E+02    5.88190E+00    2.78948E-03
    6.10400E+02    5.97485E+00    2.54189E-03
    6.10500E+02    5.67509E+00    3.43036E-03
    6.10600E+02    5.61475E+00    3.64372E-03
    6.10700E+02    5.59241E+00    3.72605E-03
    6.10800E+02    5.58351E+00    3.75934E-03
    6.10900E+02    5.58031E+00    3.77140E-03
    6.11000E+02    5.58520E+00    3.75300E-03
    6.11100E+02    5.60577E+00    3.67658E-03
    6.11200E+02    5.68833E+00    3.38525E-03
    6.11300E+02    5.89099E+00    2.76423E-03
    6.11400E+02    5.63172E+00    3.58240E-03
    6.11500E+02    5.58920E+00    3.73803E-03
    6.11600E+02    5.57532E+00    3.79025E-03
    6.11700E+02    5.57016E+00    3.80988E-03
    6.11800E+02    5.56841E+00    3.81654E-03
    6.11900E+02    5.56900E+00    3.81430E-03
    6.12000E+02    5.57140E+00    3.80516E-03
    6.12100E+02    5.57480E+00    3.79224E-03
    6.12200E+02    5.57936E+00    3.77497E-03
    6.12300E+02    5.58562E+00    3.75142E-03
    6.12400E+02    5.59692E+00    3.70926E-03
    6.12500E+02    5.59831E+00    3.70411E-03
    6.12600E+02    5.60570E+00    3.67683E-03
    6.12700E+02    5.61436E+00    3.64516E-03
    6.12800E+02    5.62391E+00    3.61048E-03
    6.12900E+02    5.63446E+00    3.57260E-03
    6.13000E+02    5.64646E+00    3.52999E-03
    6.13100E+02    5.65859E+00    3.48742E-03
    6.13200E+02    5.67201E+00    3.44094E-03
    6.13300E+02    5.68655E+00    3.39127E-03
    6.13400E+02    5.70214E+00    3.33882E-03
    6.13500E+02    5.71900E+00    3.28300E-03
    6.13600E+02    5.73714E+00    3.22399E-03
    6.13700E+02    5.75660E+00    3.16184E-03
    6.13800E+02    5.77737E+00    3.09686E-03
    6.13900E+02    5.79967E+00    3.02855E-03
    6.14000E+02    5.82362E+00    2.95688E-03
    6.14100E+02    5.84923E+00    2.88210E-03
    6.14200E+02    5.87641E+00    2.80483E-03
    6.14300E+02    5.90560E+00    2.72415E-03
    6.14400E+02    5.93749E+00    2.63864E-03
    6.14500E+02    5.97266E+00    2.54745E-03
    6.14600E+02    6.01447E+00    2.44314E-03
    6.14700E+02    6.08051E+00    2.28700E-03
    6.14800E+02    6.19903E+00    2.03140E-03
    6.14900E+02    6.14068E+00    2.15346E-03
    6.15000E+02    6.17080E+00    2.08956E-03
    6.15100E+02    6.21247E+00    2.00429E-03
    6.15200E+02    6.26008E+00    1.91110E-03
    6.15300E+02    6.31250E+00    1.81349E-03
    6.15400E+02    6.36696E+00    1.71737E-03
    6.15500E+02    6.42621E+00    1.61857E-03
    6.15600E+02    6.48940E+00    1.51946E-03
    6.15700E+02    6.55685E+00    1.42036E-03
    6.15800E+02    6.62901E+00    1.32147E-03
    6.15900E+02    6.70624E+00    1.22325E-03
    6.16000E+02    6.78899E+00    1.12611E-03
    6.16100E+02    6.87913E+00    1.02903E-03
    6.16200E+02    6.98242E+00    9.28050E-04
    6.16300E+02    7.11797E+00    8.10414E-04
    6.16400E+02    7.18178E+00    7.60314E-04
    6.16500E+02    7.28910E+00    6.82942E-04
    6.16600E+02    7.40829E+00    6.06208E-04
    6.16700E+02    7.53745E+00    5.32756E-04
    6.16800E+02    7.67637E+00    4.63657E-04
    6.16900E+02    7.82594E+00    3.99244E-04
    6.17000E+02    7.98693E+00    3.39876E-04
    6.17100E+02    8.16084E+00    2.85623E-04
    6.17200E+02    8.35212E+00    2.35896E-04
    6.17300E+02    8.61485E+00    1.81391E-04
    6.17400E+02    8.78094E+00    1.53634E-04
    6.17500E+02    8.99539E+00    1.23980E-04
    6.17600E+02    9.24411E+00    9.66798E-05
    6.17700E+02    9.51543E+00    7.37056E-05
    6.17800E+02    9.80810E+00    5.50042E-05
    6.17900E+02    1.01266E+01    3.99993E-05
    6.18000E+02    1.04729E+01    2.82927E-05
    6.18100E+02    1.08496E+01    1.94128E-05
    6.18200E+02    1.12598E+01    1.28810E-05
    6.18300E+02    1.17058E+01    8.24589E-06
    6.18400E+02    1.21925E+01    5.06843E-06
    6.18500E+02    1.27240E+01    2.97869E-06
    6.18600E+02    1.33046E+01    1.66679E-06
    6.18700E+02    1.39398E+01    8.83131E-07
    6.18800E+02    1.46344E+01    4.40934E-07
    6.18900E+02    1.53951E+01    2.06065E-07
    6.19000E+02    1.62261E+01    8.97599E-08
    6.19100E+02    1.71354E+01    3.61557E-08
    6.19200E+02    1.81286E+01    1.33924E-08
    6.19300E+02    1.92120E+01    4.53245E-09
    6.19400E+02    2.03909E+01    1.39433E-09
    6.19500E+02    2.16692E+01    3.88311E-10
    6.19600E+02    2.30480E+01    9.78112E-11
    6.19700E+02    2.45255E+01    2.23219E-11
    6.19800E+02    2.60955E+01    4.64376E-12
    6.19900E+02    2.77477E+01    8.89910E-13
    6.20000E+02    2.94568E+01    1.61097E-13
    6.20100E+02    3.11896E+01    2.84787E-14
    6.20200E+02    3.29013E+01    5.14230E-15
    6.20300E+02    3.45316E+01    1.00720E-15
    6.20400E+02    3.60056E+01    2.30665E-16
    6.20500E+02    3.72349E+01    6.74673E-17
    6.20600E+02    3.81552E+01    2.68795E-17
    6.20700E+02    3.88412E+01    1.35363E-17
    6.20800E+02    3.85577E+01    1.79720E-17
    6.20900E+02    3.74323E+01    5.53804E-17
    6.21000E+02    3.61041E+01    2.09030E-16
    6.21100E+02    3.46112E+01    9.30168E-16
    6.21200E+02    3.29739E+01    4.78193E-15
    6.21300E+02    3.12549E+01    2.66799E-14
    6.21400E+02    2.95147E+01    1.52036E-13
    6.21500E+02    2.77965E+01    8.47503E-13
    6.21600E+02    2.61347E+01    4.46544E-12
    6.21700E+02    2.45531E+01    2.17136E-11
    6.21800E+02    2.30571E+01    9.69259E-11
    6.21900E+02    2.16620E+01    3.91110E-10
    6.22000E+02    2.03672E+01    1.42771E-09
    6.22100E+02    1.91714E+01    4.72024E-09
    6.22200E+02    1.80707E+01    1.41901E-08
    6.22300E+02    1.70578E+01    3.90745E-08
    6.22400E+02    1.61297E+01    9.88425E-08
    6.22500E+02    1.52796E+01    2.31290E-07
    6.22600E+02    1.45008E+01    5.03962E-07
    6.22700E+02    1.37875E+01    1.02840E-06
    6.22800E+02    1.31339E+01    1.97705E-06
    6.22900E+02    1.25348E+01    3.59917E-06
    6.23000E+02    1.19851E+01    6.23628E-06
    6.23100E+02    1.14806E+01    1.03290E-05
    6.23200E+02    1.10174E+01    1.64142E-05
    6.23300E+02    1.05924E+01    2.51053E-05
    6.23400E+02    1.02041E+01    3.70182E-05
    6.23500E+02    9.85527E+00    5.24700E-05
    6.23600E+02    9.57336E+00    6.95574E-05
    6.23700E+02    9.53980E+00    7.19316E-05
    6.23800E+02    8.94839E+00    1.29946E-04
    6.23900E+02    8.64049E+00    1.76799E-04
    6.24000E+02    8.37754E+00    2.29975E-04
    6.24100E+02    8.13810E+00    2.92191E-04
    6.24200E+02    7.91723E+00    3.64412E-04
    6.24300E+02    7.71233E+00    4.47277E-04
    6.24400E+02    7.52105E+00    5.41562E-04
    6.24500E+02    7.34212E+00    6.47679E-04
    6.24600E+02    7.17472E+00    7.65700E-04
    6.24700E+02    7.01785E+00    8.95747E-04
    6.24800E+02    6.87072E+00    1.03773E-03
    6.24900E+02    6.73218E+00    1.19194E-03
    6.25000E+02    6.60255E+00    1.35690E-03
    6.25100E+02    6.48135E+00    1.53174E-03
    6.25200E+02    6.36888E+00    1.71408E-03
    6.25300E+02    6.27545E+00    1.88194E-03
    6.25400E+02    6.19953E+00    2.03039E-03
    6.25500E+02    6.06004E+00    2.33431E-03
    6.25600E+02    5.95931E+00    2.58170E-03
    6.25700E+02    5.86755E+00    2.82980E-03
    6.25800E+02    5.78209E+00    3.08227E-03
    6.25900E+02    5.70235E+00    3.33810E-03
    6.26000E+02    5.62401E+00    3.61015E-03
    6.26100E+02    5.55070E+00    3.88472E-03
    6.26200E+02    5.48093E+00    4.16544E-03
    6.26300E+02    5.41450E+00    4.45158E-03
    6.26400E+02    5.35122E+00    4.74234E-03
    6.26500E+02    5.29080E+00    5.03772E-03
    6.26600E+02    5.23303E+00    5.33733E-03
    6.26700E+02    5.17812E+00    5.63858E-03
    6.26800E+02    5.12433E+00    5.95021E-03
    6.26900E+02    5.07367E+00    6.25939E-03
    6.27000E+02    5.02507E+00    6.57115E-03
    6.27100E+02    4.97840E+00    6.88505E-03
    6.27200E+02    4.93407E+00    7.19714E-03
    6.27300E+02    4.89144E+00    7.51056E-03
    6.27400E+02    4.85107E+00    7.81999E-03
    6.27500E+02    4.81249E+00    8.12756E-03
    6.27600E+02    4.77672E+00    8.42359E-03
    6.27700E+02    4.74539E+00    8.69171E-03
    6.27800E+02    4.71062E+00    8.99918E-03
    6.27900E+02    4.66801E+00    9.39092E-03
    6.28000E+02    4.63081E+00    9.74686E-03
    6.28100E+02    4.59607E+00    1.00914E-02
    6.28200E+02    4.56553E+00    1.04044E-02
    6.28300E+02    4.53619E+00    1.07142E-02
    6.28400E+02    4.50002E+00    1.11088E-02
    6.28500E+02    4.46964E+00    1.14514E-02
    6.28600E+02    4.44070E+00    1.17877E-02
    6.28700E+02    4.41300E+00    1.21188E-02
    6.28800E+02    4.38624E+00    1.24474E-02
    6.28900E+02    4.36079E+00    1.27683E-02
    6.29000E+02    4.33495E+00    1.31025E-02
    6.29100E+02    4.31039E+00    1.34283E-02
    6.29200E+02    4.28655E+00    1.37522E-02
    6.29300E+02    4.26360E+00    1.40716E-02
    6.29400E+02    4.24157E+00    1.43850E-02
    6.29500E+02    4.21965E+00    1.47037E-02
    6.29600E+02    4.19836E+00    1.50203E-02
    6.29700E+02    4.17843E+00    1.53226E-02
    6.29800E+02    4.15766E+00    1.56441E-02
    6.29900E+02    4.13804E+00    1.59540E-02
    6.30000E+02    4.11959E+00    1.62512E-02
    6.30100E+02    4.10172E+00    1.65443E-02
    6.30200E+02    4.08223E+00    1.68699E-02
    6.30300E+02    4.06457E+00    1.71704E-02
    6.30400E+02    4.04740E+00    1.74677E-02
    6.30500E+02    4.03025E+00    1.77700E-02
    6.30600E+02    4.01408E+00    1.80596E-02
    6.30700E+02    3.99784E+00    1.83553E-02
    6.30800E+02    3.98201E+00    1.86481E-02
    6.30900E+02    3.96678E+00    1.89343E-02
    6.31000E+02    3.95195E+00    1.92172E-02
    6.31100E+02    3.93754E+00    1.94961E-02
    6.31200E+02    3.92351E+00    1.97716E-02
    6.31300E+02    3.90934E+00    2.00537E-02
    6.31400E+02    3.89612E+00    2.03206E-02
    6.31500E+02    3.88340E+00    2.05807E-02
    6.31600E+02    3.87114E+00    2.08347E-02
    6.31700E+02    3.86018E+00    2.10641E-02
    6.31800E+02    3.85116E+00    2.12550E-02
    6.31900E+02    3.84542E+00    2.13773E-02
    6.32000E+02    3.84652E+00    2.13540E-02
    6.32100E+02    3.88798E+00    2.04868E-02
    6.32200E+02    4.01512E+00    1.80408E-02
    6.32300E+02    3.82920E+00    2.17271E-02
    6.32400E+02    3.79058E+00    2.25825E-02
    6.32500E+02    3.77003E+00    2.30513E-02
    6.32600E+02    3.75482E+00    2.34047E-02
    6.32700E+02    3.74166E+00    2.37147E-02
    6.32800E+02    3.73011E+00    2.39903E-02
    6.32900E+02    3.71933E+00    2.42502E-02
    6.33000E+02    3.70921E+00    2.44970E-02
    6.33100E+02    3.70021E+00    2.47184E-02
    6.33200E+02    3.69415E+00    2.48685E-02
    6.33300E+02    3.69897E+00    2.47491E-02
    6.33400E+02    3.69250E+00    2.49097E-02
    6.33500E+02    3.66542E+00    2.55935E-02
    6.33600E+02    3.65454E+00    2.58733E-02
    6.33700E+02    3.64285E+00    2.61777E-02
    6.33800E+02    3.63456E+00    2.63955E-02
    6.33900E+02    3.62703E+00    2.65950E-02
    6.34000E+02    3.62079E+00    2.67615E-02
    6.34100E+02    3.61693E+00    2.68651E-02
    6.34200E+02    3.61865E+00    2.68189E-02
    6.34300E+02    3.63834E+00    2.62961E-02
    6.34400E+02    3.73460E+00    2.38827E-02
    6.34500E+02    3.81328E+00    2.20757E-02
    6.34600E+02    3.62570E+00    2.66306E-02
    6.34700E+02    3.58132E+00    2.78389E-02
    6.34800E+02    3.55997E+00    2.84396E-02
    6.34900E+02    3.54584E+00    2.88444E-02
    6.35000E+02    3.53450E+00    2.91733E-02
    6.35100E+02    3.52475E+00    2.94592E-02
    6.35200E+02    3.51582E+00    2.97235E-02
    6.35300E+02    3.50825E+00    2.99492E-02
    6.35400E+02    3.49927E+00    3.02195E-02
    6.35500E+02    3.49155E+00    3.04537E-02
    6.35600E+02    3.48385E+00    3.06892E-02
    6.35700E+02    3.47644E+00    3.09174E-02
    6.35800E+02    3.46913E+00    3.11440E-02
    6.35900E+02    3.46208E+00    3.13643E-02
    6.36000E+02    3.45521E+00    3.15807E-02
    6.36100E+02    3.44897E+00    3.17784E-02
    6.36200E+02    3.44178E+00    3.20077E-02
    6.36300E+02    3.43499E+00    3.22259E-02
    6.36400E+02    3.42856E+00    3.24337E-02
    6.36500E+02    3.42184E+00    3.26524E-02
    6.36600E+02    3.41560E+00    3.28566E-02
    6.36700E+02    3.40955E+00    3.30559E-02
    6.36800E+02    3.40296E+00    3.32747E-02
    6.36900E+02    3.39693E+00    3.34759E-02
    6.37000E+02    3.39105E+00    3.36734E-02
    6.37100E+02    3.38499E+00    3.38781E-02
    6.37200E+02    3.37905E+00    3.40797E-02
    6.37300E+02    3.37341E+00    3.42724E-02
    6.37400E+02    3.36782E+00    3.44646E-02
    6.37500E+02    3.36231E+00    3.46551E-02
    6.37600E+02    3.35714E+00    3.48347E-02
    6.37700E+02    3.35158E+00    3.50288E-02
    6.37800E+02    3.34655E+00    3.52057E-02
    6.37900E+02    3.34164E+00    3.53788E-02
    6.38000E+02    3.33698E+00    3.55441E-02
    6.38100E+02    3.33244E+00    3.57060E-02
    6.38200E+02    3.32859E+00    3.58436E-02
    6.38300E+02    3.32558E+00    3.59517E-02
    6.38400E+02    3.32387E+00    3.60131E-02
    6.38500E+02    3.32660E+00    3.59148E-02
    6.38600E+02    3.32888E+00    3.58333E-02
    6.38700E+02    3.34084E+00    3.54073E-02
    6.38800E+02    3.39537E+00    3.35280E-02
    6.38900E+02    3.95026E+00    1.92497E-02
    6.39000E+02    3.39311E+00    3.36040E-02
    6.39100E+02    3.32290E+00    3.60483E-02
    6.39200E+02    3.29821E+00    3.69491E-02
    6.39300E+02    3.28673E+00    3.73760E-02
    6.39400E+02    3.27721E+00    3.77333E-02
    6.39500E+02    3.26920E+00    3.80370E-02
    6.39600E+02    3.26351E+00    3.82541E-02
    6.39700E+02    3.25775E+00    3.84750E-02
    6.39800E+02    3.25416E+00    3.86134E-02
    6.39900E+02    3.25391E+00    3.86229E-02
    6.40000E+02    3.26643E+00    3.81424E-02
    6.40100E+02    3.38738E+00    3.37972E-02
    6.40200E+02    3.25538E+00    3.85662E-02
    6.40300E+02    3.25771E+00    3.84765E-02
    6.40400E+02    3.23007E+00    3.95549E-02
    6.40500E+02    3.22063E+00    3.99298E-02
    6.40600E+02    3.21549E+00    4.01356E-02
    6.40700E+02    3.20914E+00    4.03913E-02
    6.40800E+02    3.20466E+00    4.05727E-02
    6.40900E+02    3.20022E+00    4.07531E-02
    6.41000E+02    3.19626E+00    4.09148E-02
    6.41100E+02    3.19259E+00    4.10655E-02
    6.41200E+02    3.18949E+00    4.11928E-02
    6.41300E+02    3.18685E+00    4.13019E-02
    6.41400E+02    3.18659E+00    4.13126E-02
    6.41500E+02    3.20022E+00    4.07531E-02
    6.41600E+02    3.18795E+00    4.12565E-02
    6.41700E+02    3.17721E+00    4.17020E-02
    6.41800E+02    3.17324E+00    4.18679E-02
    6.41900E+02    3.17276E+00    4.18878E-02
    6.42000E+02    3.17440E+00    4.18191E-02
    6.42100E+02    3.18441E+00    4.14025E-02
    6.42200E+02    3.21523E+00    4.01461E-02
    6.42300E+02    3.36328E+00    3.46217E-02
    6.42400E+02    3.35697E+00    3.48405E-02
    6.42500E+02    3.20336E+00    4.06253E-02
    6.42600E+02    3.16620E+00    4.21634E-02
    6.42700E+02    3.14961E+00    4.28688E-02
    6.42800E+02    3.13969E+00    4.32961E-02
    6.42900E+02    3.13277E+00    4.35968E-02
    6.43000E+02    3.12740E+00    4.38318E-02
    6.43100E+02    3.12296E+00    4.40264E-02
    6.43200E+02    3.11931E+00    4.41878E-02
    6.43300E+02    3.11691E+00    4.42938E-02
    6.43400E+02    3.11259E+00    4.44858E-02
    6.43500E+02    3.10946E+00    4.46250E-02
    6.43600E+02    3.10464E+00    4.48408E-02
    6.43700E+02    3.10045E+00    4.50290E-02
    6.43800E+02    3.09713E+00    4.51785E-02
    6.43900E+02    3.09425E+00    4.53090E-02
    6.44000E+02    3.09185E+00    4.54179E-02
    6.44100E+02    3.08969E+00    4.55162E-02
    6.44200E+02    3.08786E+00    4.55993E-02
    6.44300E+02    3.08737E+00    4.56217E-02
    6.44400E+02    3.08917E+00    4.55398E-02
    6.44500E+02    3.09485E+00    4.52819E-02
    6.44600E+02    3.11025E+00    4.45896E-02
    6.44700E+02    3.16180E+00    4.23495E-02
    6.44800E+02    3.62306E+00    2.67008E-02
    6.44900E+02    3.16661E+00    4.21461E-02
    6.45000E+02    3.10048E+00    4.50274E-02
    6.45100E+02    3.07892E+00    4.60090E-02
    6.45200E+02    3.06782E+00    4.65226E-02
    6.45300E+02    3.06282E+00    4.67557E-02
    6.45400E+02    3.06287E+00    4.67533E-02
    6.45500E+02    3.05786E+00    4.69881E-02
    6.45600E+02    3.07252E+00    4.63045E-02
    6.45700E+02    3.09844E+00    4.51193E-02
    6.45800E+02    3.05072E+00    4.73248E-02
    6.45900E+02    3.04370E+00    4.76581E-02
    6.46000E+02    3.04041E+00    4.78155E-02
    6.46100E+02    3.03225E+00    4.82072E-02
    6.46200E+02    3.02867E+00    4.83798E-02
    6.46300E+02    3.02929E+00    4.83498E-02
    6.46400E+02    3.02420E+00    4.85965E-02
    6.46500E+02    3.02267E+00    4.86709E-02
    6.46600E+02    3.01730E+00    4.89332E-02
    6.46700E+02    3.01445E+00    4.90726E-02
    6.46800E+02    3.01188E+00    4.91990E-02
    6.46900E+02    3.01025E+00    4.92792E-02
    6.47000E+02    3.00863E+00    4.93595E-02
    6.47100E+02    3.00806E+00    4.93872E-02
    6.47200E+02    3.00811E+00    4.93849E-02
    6.47300E+02    3.00967E+00    4.93080E-02
    6.47400E+02    3.01072E+00    4.92560E-02
    6.47500E+02    3.01675E+00    4.89602E-02
    6.47600E+02    3.03033E+00    4.82999E-02
    6.47700E+02    3.06859E+00    4.64865E-02
    6.47800E+02    3.27457E+00    3.78331E-02
    6.47900E+02    3.18771E+00    4.12664E-02
    6.48000E+02    3.04681E+00    4.75102E-02
    6.48100E+02    3.01024E+00    4.92799E-02
    6.48200E+02    2.99419E+00    5.00770E-02
    6.48300E+02    2.98512E+00    5.05333E-02
    6.48400E+02    2.97910E+00    5.08387E-02
    6.48500E+02    2.97453E+00    5.10712E-02
    6.48600E+02    2.97051E+00    5.12771E-02
    6.48700E+02    2.96726E+00    5.14440E-02
    6.48800E+02    2.96454E+00    5.15844E-02
    6.48900E+02    2.96180E+00    5.17259E-02
    6.49000E+02    2.95922E+00    5.18593E-02
    6.49100E+02    2.95730E+00    5.19592E-02
    6.49200E+02    2.95493E+00    5.20823E-02
    6.49300E+02    2.95262E+00    5.22025E-02
    6.49400E+02    2.95044E+00    5.23166E-02
    6.49500E+02    2.94848E+00    5.24193E-02
    6.49600E+02    2.94665E+00    5.25154E-02
    6.49700E+02    2.94492E+00    5.26062E-02
    6.49800E+02    2.94338E+00    5.26872E-02
    6.49900E+02    2.94193E+00    5.27640E-02
    6.50000E+02    2.94076E+00    5.28258E-02
    6.50100E+02    2.93928E+00    5.29040E-02
    6.50200E+02    2.93835E+00    5.29529E-02
    6.50300E+02    2.93783E+00    5.29806E-02
    6.50400E+02    2.93816E+00    5.29630E-02
    6.50500E+02    2.94109E+00    5.28082E-02
    6.50600E+02    2.94704E+00    5.24949E-02
    6.50700E+02    2.98471E+00    5.05542E-02
    6.50800E+02    2.96265E+00    5.16819E-02
    6.50900E+02    2.94626E+00    5.25359E-02
    6.51000E+02    2.94526E+00    5.25885E-02
    6.51100E+02    2.95016E+00    5.23315E-02
    6.51200E+02    2.96434E+00    5.15944E-02
    6.51300E+02    3.00047E+00    4.97639E-02
    6.51400E+02    3.12849E+00    4.37838E-02
    6.51500E+02    3.46087E+00    3.14023E-02
    6.51600E+02    3.15339E+00    4.27072E-02
    6.51700E+02    2.99927E+00    4.98233E-02
    6.51800E+02    2.96239E+00    5.16954E-02
    6.51900E+02    2.93929E+00    5.29033E-02
    6.52000E+02    2.92789E+00    5.35098E-02
    6.52100E+02    2.92185E+00    5.38340E-02
    6.52200E+02    2.92095E+00    5.38825E-02
    6.52300E+02    2.91745E+00    5.40713E-02
    6.52400E+02    2.91131E+00    5.44043E-02
    6.52500E+02    2.90885E+00    5.45385E-02
    6.52600E+02    2.90734E+00    5.46209E-02
    6.52700E+02    2.90638E+00    5.46733E-02
    6.52800E+02    2.90634E+00    5.46755E-02
    6.52900E+02    2.90576E+00    5.47074E-02
    6.53000E+02    2.90608E+00    5.46895E-02
    6.53100E+02    2.90733E+00    5.46216E-02
    6.53200E+02    2.90975E+00    5.44893E-02
    6.53300E+02    2.91430E+00    5.42421E-02
    6.53400E+02    2.92382E+00    5.37281E-02
    6.53500E+02    2.93998E+00    5.28670E-02
    6.53600E+02    2.97447E+00    5.10745E-02
    6.53700E+02    3.11984E+00    4.41642E-02
    6.53800E+02    3.23659E+00    3.92976E-02
    6.53900E+02    2.99767E+00    4.99033E-02
    6.54000E+02    2.95320E+00    5.21727E-02
    6.54100E+02    2.94091E+00    5.28176E-02
    6.54200E+02    2.93989E+00    5.28717E-02
    6.54300E+02    2.94652E+00    5.25223E-02
    6.54400E+02    2.96288E+00    5.16699E-02
    6.54500E+02    2.99681E+00    4.99463E-02
    6.54600E+02    3.08095E+00    4.59155E-02
    6.54700E+02    3.57178E+00    2.81058E-02
    6.54800E+02    3.38407E+00    3.39092E-02
    6.54900E+02    3.42370E+00    3.25918E-02
    6.55000E+02    3.84564E+00    2.13728E-02
    6.55100E+02    3.74587E+00    2.36151E-02
    6.55200E+02    4.14244E+00    1.58840E-02
    6.55300E+02    3.92647E+00    1.97132E-02
    6.55400E+02    3.22401E+00    3.97953E-02
    6.55500E+02    3.19141E+00    4.11139E-02
    6.55600E+02    3.77720E+00    2.28866E-02
    6.55700E+02    3.22419E+00    3.97878E-02
    6.55800E+02    3.29271E+00    3.71532E-02
    6.55900E+02    3.65918E+00    2.57536E-02
    6.56000E+02    3.96728E+00    1.89249E-02
    6.56100E+02    3.33423E+00    3.56422E-02
    6.56200E+02    3.65078E+00    2.59708E-02
    6.56300E+02    3.52020E+00    2.95935E-02
    6.56400E+02    3.77758E+00    2.28781E-02
    6.56500E+02    3.36779E+00    3.44659E-02
    6.56600E+02    3.07441E+00    4.62171E-02
    6.56700E+02    2.99806E+00    4.98836E-02
    6.56800E+02    2.96050E+00    5.17930E-02
    6.56900E+02    2.93977E+00    5.28780E-02
    6.57000E+02    2.92807E+00    5.35003E-02
    6.57100E+02    2.92140E+00    5.38582E-02
    6.57200E+02    2.91678E+00    5.41076E-02
    6.57300E+02    2.91594E+00    5.41534E-02
    6.57400E+02    2.92476E+00    5.36778E-02
    6.57500E+02    3.00877E+00    4.93523E-02
    6.57600E+02    2.93311E+00    5.32311E-02
    6.57700E+02    2.92000E+00    5.39338E-02
    6.57800E+02    2.92279E+00    5.37835E-02
    6.57900E+02    2.94706E+00    5.24936E-02
    6.58000E+02    3.08787E+00    4.55992E-02
    6.58100E+02    3.02138E+00    4.87338E-02
    6.58200E+02    2.93131E+00    5.33271E-02
    6.58300E+02    2.90835E+00    5.45659E-02
    6.58400E+02    2.89786E+00    5.51411E-02
    6.58500E+02    2.89222E+00    5.54527E-02
    6.58600E+02    2.88878E+00    5.56439E-02
    6.58700E+02    2.89015E+00    5.55680E-02
    6.58800E+02    2.93229E+00    5.32751E-02
    6.58900E+02    2.88707E+00    5.57390E-02
    6.59000E+02    2.87399E+00    5.64730E-02
    6.59100E+02    2.87633E+00    5.63412E-02
    6.59200E+02    2.86310E+00    5.70917E-02
    6.59300E+02    2.85776E+00    5.73971E-02
    6.59400E+02    2.85402E+00    5.76122E-02
    6.59500E+02    2.85077E+00    5.77999E-02
    6.59600E+02    2.84735E+00    5.79977E-02
    6.59700E+02    2.84444E+00    5.81670E-02
    6.59800E+02    2.84178E+00    5.83217E-02
    6.59900E+02    2.83940E+00    5.84605E-02
    6.60000E+02    2.83700E+00    5.86013E-02
    6.60100E+02    2.83502E+00    5.87175E-02
    6.60200E+02    2.83300E+00    5.88358E-02
    6.60300E+02    2.83097E+00    5.89559E-02
    6.60400E+02    2.82922E+00    5.90589E-02
    6.60500E+02    2.82770E+00    5.91488E-02
    6.60600E+02    2.82640E+00    5.92260E-02
    6.60700E+02    2.82538E+00    5.92859E-02
    6.60800E+02    2.82471E+00    5.93256E-02
    6.60900E+02    2.82473E+00    5.93250E-02
    6.61000E+02    2.82564E+00    5.92710E-02
    6.61100E+02    2.82768E+00    5.91502E-02
    6.61200E+02    2.83334E+00    5.88160E-02
    6.61300E+02    2.85033E+00    5.78255E-02
    6.61400E+02    2.92607E+00    5.36071E-02
    6.61500E+02    2.96302E+00    5.16625E-02
    6.61600E+02    2.85266E+00    5.76907E-02
    6.61700E+02    2.82935E+00    5.90513E-02
    6.61800E+02    2.82023E+00    5.95920E-02
    6.61900E+02    2.81537E+00    5.98826E-02
    6.62000E+02    2.81232E+00    6.00657E-02
    6.62100E+02    2.81011E+00    6.01985E-02
    6.62200E+02    2.80846E+00    6.02977E-02
    6.62300E+02    2.80710E+00    6.03797E-02
    6.62400E+02    2.80610E+00    6.04401E-02
    6.62500E+02    2.80502E+00    6.05057E-02
    6.62600E+02    2.80426E+00    6.05515E-02
    6.62700E+02    2.80411E+00    6.05607E-02
    6.62800E+02    2.80859E+00    6.02897E-02
    6.62900E+02    2.80351E+00    6.05973E-02
    6.63000E+02    2.80165E+00    6.07099E-02
    6.63100E+02    2.80077E+00    6.07630E-02
    6.63200E+02    2.80009E+00    6.08043E-02
    6.63300E+02    2.79950E+00    6.08404E-02
    6.63400E+02    2.79906E+00    6.08675E-02
    6.63500E+02    2.79865E+00    6.08925E-02
    6.63600E+02    2.79848E+00    6.09029E-02
    6.63700E+02    2.79825E+00    6.09163E-02
    6.63800E+02    2.79786E+00    6.09404E-02
    6.63900E+02    2.79765E+00    6.09533E-02
    6.64000E+02    2.79764E+00    6.09540E-02
    6.64100E+02    2.79737E+00    6.09699E-02
    6.64200E+02    2.79746E+00    6.09650E-02
    6.64300E+02    2.79795E+00    6.09350E-02
    6.64400E+02    2.79982E+00    6.08207E-02
    6.64500E+02    2.81173E+00    6.01011E-02
    6.64600E+02    2.79964E+00    6.08320E-02
    6.64700E+02    2.79893E+00    6.08751E-02
    6.64800E+02    2.79932E+00    6.08515E-02
    6.64900E+02    2.80039E+00    6.07864E-02
    6.65000E+02    2.80306E+00    6.06242E-02
    6.65100E+02    2.80606E+00    6.04428E-02
    6.65200E+02    2.81142E+00    6.01194E-02
    6.65300E+02    2.81358E+00    5.99898E-02
    6.65400E+02    2.82612E+00    5.92425E-02
    6.65500E+02    2.85134E+00    5.77669E-02
    6.65600E+02    2.94180E+00    5.27704E-02
    6.65700E+02    3.18425E+00    4.14092E-02
    6.65800E+02    2.89384E+00    5.53630E-02
    6.65900E+02    2.84886E+00    5.79105E-02
    6.66000E+02    2.82431E+00    5.93498E-02
    6.66100E+02    2.81987E+00    5.96136E-02
    6.66200E+02    2.82112E+00    5.95391E-02
    6.66300E+02    2.82393E+00    5.93719E-02
    6.66400E+02    2.82243E+00    5.94611E-02
    6.66500E+02    2.84366E+00    5.82120E-02
    6.66600E+02    2.96190E+00    5.17206E-02
    6.66700E+02    2.88667E+00    5.57615E-02
    6.66800E+02    2.83975E+00    5.84405E-02
    6.66900E+02    2.81535E+00    5.98836E-02
    6.67000E+02    2.80964E+00    6.02267E-02
    6.67100E+02    2.80760E+00    6.03498E-02
    6.67200E+02    2.80362E+00    6.05905E-02
    6.67300E+02    2.80594E+00    6.04498E-02
    6.67400E+02    2.80856E+00    6.02917E-02
    6.67500E+02    2.80878E+00    6.02784E-02
    6.67600E+02    2.80242E+00    6.06633E-02
    6.67700E+02    2.81299E+00    6.00254E-02
    6.67800E+02    2.80416E+00    6.05574E-02
    6.67900E+02    2.80973E+00    6.02212E-02
    6.68000E+02    2.80171E+00    6.07059E-02
    6.68100E+02    2.79970E+00    6.08281E-02
    6.68200E+02    2.79940E+00    6.08464E-02
    6.68300E+02    2.79951E+00    6.08398E-02
    6.68400E+02    2.79986E+00    6.08189E-02
    6.68500E+02    2.80035E+00    6.07890E-02
    6.68600E+02    2.80089E+00    6.07559E-02
    6.68700E+02    2.80162E+00    6.07117E-02
    6.68800E+02    2.80247E+00    6.06598E-02
    6.68900E+02    2.80358E+00    6.05925E-02
    6.69000E+02    2.80493E+00    6.05110E-02
    6.69100E+02    2.80664E+00    6.04074E-02
    6.69200E+02    2.80894E+00    6.02686E-02
    6.69300E+02    2.81218E+00    6.00736E-02
    6.69400E+02    2.81720E+00    5.97729E-02
    6.69500E+02    2.82608E+00    5.92449E-02
    6.69600E+02    2.84609E+00    5.80707E-02
    6.69700E+02    2.88012E+00    5.61283E-02
    6.69800E+02    3.04396E+00    4.76459E-02
    6.69900E+02    3.11148E+00    4.45349E-02
    6.70000E+02    2.89163E+00    5.54856E-02
    6.70100E+02    2.84919E+00    5.78913E-02
    6.70200E+02    2.83270E+00    5.88538E-02
    6.70300E+02    2.82461E+00    5.93315E-02
    6.70400E+02    2.82012E+00    5.95986E-02
    6.70500E+02    2.81819E+00    5.97141E-02
    6.70600E+02    2.81729E+00    5.97674E-02
    6.70700E+02    2.81723E+00    5.97715E-02
    6.70800E+02    2.81775E+00    5.97401E-02
    6.70900E+02    2.81919E+00    5.96541E-02
    6.71000E+02    2.82064E+00    5.95680E-02
    6.71100E+02    2.82329E+00    5.94102E-02
    6.71200E+02    2.82746E+00    5.91631E-02
    6.71300E+02    2.83439E+00    5.87546E-02
    6.71400E+02    2.84749E+00    5.79899E-02
    6.71500E+02    2.87790E+00    5.62527E-02
    6.71600E+02    2.98701E+00    5.04378E-02
    6.71700E+02    3.14733E+00    4.29665E-02
    6.71800E+02    3.02375E+00    4.86188E-02
    6.71900E+02    2.87974E+00    5.61492E-02
    6.72000E+02    2.85117E+00    5.77764E-02
    6.72100E+02    2.83911E+00    5.84778E-02
    6.72200E+02    2.83402E+00    5.87758E-02
    6.72300E+02    2.83175E+00    5.89094E-02
    6.72400E+02    2.83115E+00    5.89448E-02
    6.72500E+02    2.83222E+00    5.88819E-02
    6.72600E+02    2.83575E+00    5.86744E-02
    6.72700E+02    2.84857E+00    5.79273E-02
    6.72800E+02    2.95906E+00    5.18679E-02
    6.72900E+02    2.84707E+00    5.80143E-02
    6.73000E+02    2.83727E+00    5.85853E-02
    6.73100E+02    2.84121E+00    5.83551E-02
    6.73200E+02    2.83445E+00    5.87510E-02
    6.73300E+02    2.83434E+00    5.87572E-02
    6.73400E+02    2.83541E+00    5.86945E-02
    6.73500E+02    2.83739E+00    5.85786E-02
    6.73600E+02    2.84091E+00    5.83727E-02
    6.73700E+02    2.84804E+00    5.79578E-02
    6.73800E+02    2.86836E+00    5.67919E-02
    6.73900E+02    3.02283E+00    4.86635E-02
    6.74000E+02    2.88393E+00    5.59148E-02
    6.74100E+02    2.85478E+00    5.75683E-02
    6.74200E+02    2.84725E+00    5.80036E-02
    6.74300E+02    2.84469E+00    5.81524E-02
    6.74400E+02    2.84385E+00    5.82012E-02
    6.74500E+02    2.84387E+00    5.82001E-02
    6.74600E+02    2.84422E+00    5.81796E-02
    6.74700E+02    2.84482E+00    5.81449E-02
    6.74800E+02    2.84562E+00    5.80985E-02
    6.74900E+02    2.84670E+00    5.80355E-02
    6.75000E+02    2.84768E+00    5.79787E-02
    6.75100E+02    2.85005E+00    5.78415E-02
    6.75200E+02    2.84995E+00    5.78470E-02
    6.75300E+02    2.85108E+00    5.77821E-02
    6.75400E+02    2.85242E+00    5.77045E-02
    6.75500E+02    2.85396E+00    5.76158E-02
    6.75600E+02    2.85576E+00    5.75121E-02
    6.75700E+02    2.85806E+00    5.73798E-02
    6.75800E+02    2.86126E+00    5.71967E-02
    6.75900E+02    2.86758E+00    5.68365E-02
    6.76000E+02    2.88932E+00    5.56139E-02
    6.76100E+02    2.90603E+00    5.46922E-02
    6.76200E+02    2.87390E+00    5.64785E-02
    6.76300E+02    2.86861E+00    5.67778E-02
    6.76400E+02    2.86756E+00    5.68376E-02
    6.76500E+02    2.86785E+00    5.68208E-02
    6.76600E+02    2.86887E+00    5.67632E-02
    6.76700E+02    2.87037E+00    5.66780E-02
    6.76800E+02    2.87283E+00    5.65389E-02
    6.76900E+02    2.88727E+00    5.57283E-02
    6.77000E+02    2.87928E+00    5.61754E-02
    6.77100E+02    2.89450E+00    5.53267E-02
    6.77200E+02    2.89085E+00    5.55292E-02
    6.77300E+02    2.88134E+00    5.60596E-02
    6.77400E+02    2.88039E+00    5.61131E-02
    6.77500E+02    2.88093E+00    5.60828E-02
    6.77600E+02    2.88195E+00    5.60256E-02
    6.77700E+02    2.88322E+00    5.59544E-02
    6.77800E+02    2.88461E+00    5.58763E-02
    6.77900E+02    2.88621E+00    5.57873E-02
    6.78000E+02    2.88757E+00    5.57116E-02
    6.78100E+02    2.88913E+00    5.56244E-02
    6.78200E+02    2.89083E+00    5.55302E-02
    6.78300E+02    2.89285E+00    5.54182E-02
    6.78400E+02    2.89921E+00    5.50665E-02
    6.78500E+02    2.89634E+00    5.52250E-02
    6.78600E+02    2.89743E+00    5.51651E-02
    6.78700E+02    2.89906E+00    5.50748E-02
    6.78800E+02    2.90083E+00    5.49777E-02
    6.78900E+02    2.90281E+00    5.48686E-02
    6.79000E+02    2.90613E+00    5.46872E-02
    6.79100E+02    2.90958E+00    5.44988E-02
    6.79200E+02    2.90819E+00    5.45743E-02
    6.79300E+02    2.90950E+00    5.45032E-02
    6.79400E+02    2.91115E+00    5.44132E-02
    6.79500E+02    2.91290E+00    5.43179E-02
    6.79600E+02    2.91474E+00    5.42180E-02
    6.79700E+02    2.91677E+00    5.41082E-02
    6.79800E+02    2.91958E+00    5.39566E-02
    6.79900E+02    2.92032E+00    5.39164E-02
    6.80000E+02    2.92213E+00    5.38191E-02
    6.80100E+02    2.92402E+00    5.37175E-02
    6.80200E+02    2.92594E+00    5.36144E-02
    6.80300E+02    2.92802E+00    5.35026E-02
    6.80400E+02    2.92994E+00    5.34001E-02
    6.80500E+02    2.93187E+00    5.32975E-02
    6.80600E+02    2.93385E+00    5.31917E-02
    6.80700E+02    2.93586E+00    5.30850E-02
    6.80800E+02    2.93791E+00    5.29762E-02
    6.80900E+02    2.93997E+00    5.28672E-02
    6.81000E+02    2.94204E+00    5.27582E-02
    6.81100E+02    2.94415E+00    5.26466E-02
    6.81200E+02    2.94628E+00    5.25349E-02
    6.81300E+02    2.94841E+00    5.24230E-02
    6.81400E+02    2.95062E+00    5.23073E-02
    6.81500E+02    2.95285E+00    5.21909E-02
    6.81600E+02    2.95525E+00    5.20657E-02
    6.81700E+02    2.95731E+00    5.19584E-02
    6.81800E+02    2.95955E+00    5.18424E-02
    6.81900E+02    2.96216E+00    5.17073E-02
    6.82000E+02    2.96452E+00    5.15852E-02
    6.82100E+02    2.96663E+00    5.14765E-02
    6.82200E+02    2.96932E+00    5.13380E-02
    6.82300E+02    2.97181E+00    5.12108E-02
    6.82400E+02    2.97369E+00    5.11143E-02
    6.82500E+02    2.97604E+00    5.09945E-02
    6.82600E+02    2.97850E+00    5.08688E-02
    6.82700E+02    2.98109E+00    5.07376E-02
    6.82800E+02    2.98372E+00    5.06040E-02
    6.82900E+02    2.98646E+00    5.04656E-02
    6.83000E+02    2.98907E+00    5.03342E-02
    6.83100E+02    2.99224E+00    5.01747E-02
    6.83200E+02    2.99596E+00    4.99887E-02
    6.83300E+02    3.00033E+00    4.97707E-02
    6.83400E+02    3.00688E+00    4.94456E-02
    6.83500E+02    3.02051E+00    4.87763E-02
    6.83600E+02    3.08140E+00    4.58949E-02
    6.83700E+02    3.05885E+00    4.69414E-02
    6.83800E+02    3.02660E+00    4.84802E-02
    6.83900E+02    3.02102E+00    4.87516E-02
    6.84000E+02    3.02208E+00    4.87000E-02
    6.84100E+02    3.02782E+00    4.84210E-02
    6.84200E+02    3.05338E+00    4.71993E-02
    6.84300E+02    3.04918E+00    4.73977E-02
    6.84400E+02    3.03289E+00    4.81760E-02
    6.84500E+02    3.03104E+00    4.82657E-02
    6.84600E+02    3.03185E+00    4.82262E-02
    6.84700E+02    3.03363E+00    4.81407E-02
    6.84800E+02    3.03583E+00    4.80347E-02
    6.84900E+02    3.03822E+00    4.79203E-02
    6.85000E+02    3.04079E+00    4.77971E-02
    6.85100E+02    3.04342E+00    4.76715E-02
    6.85200E+02    3.04613E+00    4.75424E-02
    6.85300E+02    3.04894E+00    4.74089E-02
    6.85400E+02    3.05181E+00    4.72732E-02
    6.85500E+02    3.05481E+00    4.71317E-02
    6.85600E+02    3.05898E+00    4.69354E-02
    6.85700E+02    3.06088E+00    4.68463E-02
    6.85800E+02    3.06399E+00    4.67010E-02
    6.85900E+02    3.06958E+00    4.64409E-02
    6.86000E+02    3.06985E+00    4.64282E-02
    6.86100E+02    3.07272E+00    4.62952E-02
    6.86200E+02    3.07577E+00    4.61541E-02
    6.86300E+02    3.07881E+00    4.60142E-02
    6.86400E+02    3.08194E+00    4.58701E-02
    6.86500E+02    3.08521E+00    4.57206E-02
    6.86600E+02    3.08881E+00    4.55561E-02
    6.86700E+02    3.09200E+00    4.54112E-02
    6.86800E+02    3.09489E+00    4.52799E-02
    6.86900E+02    3.09815E+00    4.51325E-02
    6.87000E+02    3.10144E+00    4.49845E-02
    6.87100E+02    3.10481E+00    4.48332E-02
    6.87200E+02    3.10821E+00    4.46808E-02
    6.87300E+02    3.11168E+00    4.45263E-02
    6.87400E+02    3.11518E+00    4.43704E-02
    6.87500E+02    3.11862E+00    4.42180E-02
    6.87600E+02    3.12219E+00    4.40607E-02
    6.87700E+02    3.12597E+00    4.38943E-02
    6.87800E+02    3.12936E+00    4.37459E-02
    6.87900E+02    3.13303E+00    4.35854E-02
    6.88000E+02    3.13671E+00    4.34253E-02
    6.88100E+02    3.14047E+00    4.32624E-02
    6.88200E+02    3.14425E+00    4.30991E-02
    6.88300E+02    3.14812E+00    4.29329E-02
    6.88400E+02    3.15201E+00    4.27663E-02
    6.88500E+02    3.15595E+00    4.25980E-02
    6.88600E+02    3.15998E+00    4.24267E-02
    6.88700E+02    3.16403E+00    4.22553E-02
    6.88800E+02    3.16819E+00    4.20798E-02
    6.88900E+02    3.17243E+00    4.19018E-02
    6.89000E+02    3.17671E+00    4.17227E-02
    6.89100E+02    3.18105E+00    4.15421E-02
    6.89200E+02    3.18551E+00    4.13571E-02
    6.89300E+02    3.19024E+00    4.11620E-02
    6.89400E+02    3.19469E+00    4.09792E-02
    6.89500E+02    3.19941E+00    4.07862E-02
    6.89600E+02    3.20430E+00    4.05873E-02
    6.89700E+02    3.20956E+00    4.03743E-02
    6.89800E+02    3.21464E+00    4.01699E-02
    6.89900E+02    3.21967E+00    3.99684E-02
    6.90000E+02    3.22503E+00    3.97545E-02
    6.90100E+02    3.23062E+00    3.95331E-02
    6.90200E+02    3.23642E+00    3.93044E-02
    6.90300E+02    3.24249E+00    3.90667E-02
    6.90400E+02    3.24886E+00    3.88184E-02
    6.90500E+02    3.25544E+00    3.85640E-02
    6.90600E+02    3.26251E+00    3.82923E-02
    6.90700E+02    3.27052E+00    3.79867E-02
    6.90800E+02    3.27921E+00    3.76581E-02
    6.90900E+02    3.28549E+00    3.74221E-02
    6.91000E+02    3.29392E+00    3.71081E-02
    6.91100E+02    3.30378E+00    3.67439E-02
    6.91200E+02    3.31437E+00    3.63569E-02
    6.91300E+02    3.33235E+00    3.57090E-02
    6.91400E+02    3.34820E+00    3.51476E-02
    6.91500E+02    3.35006E+00    3.50821E-02
    6.91600E+02    3.35918E+00    3.47639E-02
    6.91700E+02    3.37411E+00    3.42485E-02
    6.91800E+02    3.37604E+00    3.41825E-02
    6.91900E+02    3.38745E+00    3.37949E-02
    6.92000E+02    3.40693E+00    3.31427E-02
    6.92100E+02    3.41499E+00    3.28768E-02
    6.92200E+02    3.44462E+00    3.19170E-02
    6.92300E+02    3.55217E+00    2.86624E-02
    6.92400E+02    3.70024E+00    2.47175E-02
    6.92500E+02    3.46947E+00    3.11337E-02
    6.92600E+02    3.42814E+00    3.24473E-02
    6.92700E+02    3.41339E+00    3.29295E-02
    6.92800E+02    3.40759E+00    3.31210E-02
    6.92900E+02    3.40572E+00    3.31830E-02
    6.93000E+02    3.40726E+00    3.31319E-02
    6.93100E+02    3.41267E+00    3.29531E-02
    6.93200E+02    3.42480E+00    3.25557E-02
    6.93300E+02    3.45477E+00    3.15946E-02
    6.93400E+02    3.56288E+00    2.83570E-02
    6.93500E+02    3.77020E+00    2.30474E-02
    6.93600E+02    3.48995E+00    3.05024E-02
    6.93700E+02    3.44245E+00    3.19864E-02
    6.93800E+02    3.42701E+00    3.24839E-02
    6.93900E+02    3.42169E+00    3.26573E-02
    6.94000E+02    3.42053E+00    3.26953E-02
    6.94100E+02    3.42167E+00    3.26579E-02
    6.94200E+02    3.42437E+00    3.25699E-02
    6.94300E+02    3.42858E+00    3.24330E-02
    6.94400E+02    3.43501E+00    3.22251E-02
    6.94500E+02    3.44509E+00    3.19020E-02
    6.94600E+02    3.46638E+00    3.12299E-02
    6.94700E+02    3.54419E+00    2.88919E-02
    6.94800E+02    3.59991E+00    2.73262E-02
    6.94900E+02    3.48609E+00    3.06204E-02
    6.95000E+02    3.46779E+00    3.11860E-02
    6.95100E+02    3.46494E+00    3.12750E-02
    6.95200E+02    3.46490E+00    3.12760E-02
    6.95300E+02    3.46783E+00    3.11846E-02
    6.95400E+02    3.47109E+00    3.10833E-02
    6.95500E+02    3.47521E+00    3.09552E-02
    6.95600E+02    3.48012E+00    3.08037E-02
    6.95700E+02    3.48573E+00    3.06314E-02
    6.95800E+02    3.49277E+00    3.04165E-02
    6.95900E+02    3.50306E+00    3.01050E-02
    6.96000E+02    3.52319E+00    2.95053E-02
    6.96100E+02    3.63611E+00    2.63546E-02
    6.96200E+02    3.52826E+00    2.93559E-02
    6.96300E+02    3.52141E+00    2.95578E-02
    6.96400E+02    3.52295E+00    2.95123E-02
    6.96500E+02    3.52666E+00    2.94029E-02
    6.96600E+02    3.53125E+00    2.92684E-02
    6.96700E+02    3.53649E+00    2.91154E-02
    6.96800E+02    3.54206E+00    2.89536E-02
    6.96900E+02    3.54806E+00    2.87804E-02
    6.97000E+02    3.55473E+00    2.85891E-02
    6.97100E+02    3.56886E+00    2.81881E-02
    6.97200E+02    3.56622E+00    2.82625E-02
    6.97300E+02    3.57167E+00    2.81088E-02
    6.97400E+02    3.57866E+00    2.79131E-02
    6.97500E+02    3.59473E+00    2.74682E-02
    6.97600E+02    3.59058E+00    2.75822E-02
    6.97700E+02    3.59642E+00    2.74218E-02
    6.97800E+02    3.60168E+00    2.72777E-02
    6.97900E+02    3.60764E+00    2.71158E-02
    6.98000E+02    3.61405E+00    2.69425E-02
    6.98100E+02    3.62053E+00    2.67686E-02
    6.98200E+02    3.62689E+00    2.65989E-02
    6.98300E+02    3.63377E+00    2.64163E-02
    6.98400E+02    3.64056E+00    2.62376E-02
    6.98500E+02    3.64755E+00    2.60549E-02
    6.98600E+02    3.65526E+00    2.58549E-02
    6.98700E+02    3.66423E+00    2.56240E-02
    6.98800E+02    3.67376E+00    2.53808E-02
    6.98900E+02    3.69339E+00    2.48874E-02
    6.99000E+02    3.74357E+00    2.36694E-02
    6.99100E+02    3.69979E+00    2.47287E-02
    6.99200E+02    3.69961E+00    2.47331E-02
    6.99300E+02    3.70466E+00    2.46086E-02
    6.99400E+02    3.71063E+00    2.44621E-02
    6.99500E+02    3.71736E+00    2.42980E-02
    6.99600E+02    3.72465E+00    2.41215E-02
    6.99700E+02    3.73194E+00    2.39462E-02
    6.99800E+02    3.73966E+00    2.37622E-02
    6.99900E+02    3.74764E+00    2.35733E-02
    7.00000E+02    3.75594E+00    2.33784E-02
    7.00100E+02    3.76477E+00    2.31729E-02
    7.00200E+02    3.77399E+00    2.29603E-02
    7.00300E+02    3.78447E+00    2.27210E-02
    7.00400E+02    3.79687E+00    2.24409E-02
    7.00500E+02    3.81204E+00    2.21030E-02
    7.00600E+02    3.83612E+00    2.15772E-02
    7.00700E+02    3.88923E+00    2.04611E-02
    7.00800E+02    4.06738E+00    1.71222E-02
    7.00900E+02    4.10316E+00    1.65205E-02
    7.01000E+02    3.91272E+00    1.99861E-02
    7.01100E+02    3.88109E+00    2.06283E-02
    7.01200E+02    3.87907E+00    2.06701E-02
    7.01300E+02    3.90133E+00    2.02150E-02
    7.01400E+02    3.93382E+00    1.95687E-02
    7.01500E+02    3.99622E+00    1.83849E-02
    7.01600E+02    3.90732E+00    2.00944E-02
    7.01700E+02    3.89912E+00    2.02598E-02
    7.01800E+02    3.90160E+00    2.02095E-02
    7.01900E+02    3.90698E+00    2.01011E-02
    7.02000E+02    3.91364E+00    1.99677E-02
    7.02100E+02    3.92133E+00    1.98148E-02
    7.02200E+02    3.92885E+00    1.96662E-02
    7.02300E+02    3.93692E+00    1.95082E-02
    7.02400E+02    3.94468E+00    1.93574E-02
    7.02500E+02    3.95315E+00    1.91941E-02
    7.02600E+02    3.96191E+00    1.90268E-02
    7.02700E+02    3.97323E+00    1.88125E-02
    7.02800E+02    3.97923E+00    1.87000E-02
    7.02900E+02    3.98788E+00    1.85389E-02
    7.03000E+02    3.99641E+00    1.83815E-02
    7.03100E+02    4.00513E+00    1.82220E-02
    7.03200E+02    4.01400E+00    1.80611E-02
    7.03300E+02    4.02303E+00    1.78986E-02
    7.03400E+02    4.03202E+00    1.77385E-02
    7.03500E+02    4.04121E+00    1.75762E-02
    7.03600E+02    4.05057E+00    1.74125E-02
    7.03700E+02    4.05999E+00    1.72491E-02
    7.03800E+02    4.06957E+00    1.70848E-02
    7.03900E+02    4.07896E+00    1.69250E-02
    7.04000E+02    4.08857E+00    1.67632E-02
    7.04100E+02    4.09850E+00    1.65976E-02
    7.04200E+02    4.10811E+00    1.64389E-02
    7.04300E+02    4.11814E+00    1.62748E-02
    7.04400E+02    4.12794E+00    1.61161E-02
    7.04500E+02    4.13784E+00    1.59574E-02
    7.04600E+02    4.14804E+00    1.57954E-02
    7.04700E+02    4.15824E+00    1.56351E-02
    7.04800E+02    4.16846E+00    1.54761E-02
    7.04900E+02    4.17870E+00    1.53184E-02
    7.05000E+02    4.18917E+00    1.51588E-02
    7.05100E+02    4.19976E+00    1.49991E-02
    7.05200E+02    4.21023E+00    1.48430E-02
    7.05300E+02    4.22100E+00    1.46840E-02
    7.05400E+02    4.23182E+00    1.45260E-02
    7.05500E+02    4.24280E+00    1.43672E-02
    7.05600E+02    4.25360E+00    1.42130E-02
    7.05700E+02    4.26470E+00    1.40561E-02
    7.05800E+02    4.27584E+00    1.39004E-02
    7.05900E+02    4.28707E+00    1.37451E-02
    7.06000E+02    4.29901E+00    1.35820E-02
    7.06100E+02    4.30961E+00    1.34388E-02
    7.06200E+02    4.32105E+00    1.32859E-02
    7.06300E+02    4.33254E+00    1.31341E-02
    7.06400E+02    4.34397E+00    1.29849E-02
    7.06500E+02    4.35565E+00    1.28341E-02
    7.06600E+02    4.36779E+00    1.26792E-02
    7.06700E+02    4.37971E+00    1.25290E-02
    7.06800E+02    4.39181E+00    1.23783E-02
    7.06900E+02    4.40380E+00    1.22307E-02
    7.07000E+02    4.41597E+00    1.20828E-02
    7.07100E+02    4.42885E+00    1.19282E-02
    7.07200E+02    4.44100E+00    1.17842E-02
    7.07300E+02    4.45386E+00    1.16336E-02
    7.07400E+02    4.46588E+00    1.14946E-02
    7.07500E+02    4.47899E+00    1.13448E-02
    7.07600E+02    4.49195E+00    1.11987E-02
    7.07700E+02    4.50527E+00    1.10506E-02
    7.07800E+02    4.51931E+00    1.08966E-02
    7.07900E+02    4.53409E+00    1.07367E-02
    7.08000E+02    4.55261E+00    1.05397E-02
    7.08100E+02    4.59194E+00    1.01332E-02
    7.08200E+02    4.59882E+00    1.00637E-02
    7.08300E+02    4.59258E+00    1.01267E-02
    7.08400E+02    4.60253E+00    1.00264E-02
    7.08500E+02    4.61397E+00    9.91240E-03
    7.08600E+02    4.62787E+00    9.77558E-03
    7.08700E+02    4.64130E+00    9.64513E-03
    7.08800E+02    4.65499E+00    9.51397E-03
    7.08900E+02    4.66937E+00    9.37815E-03
    7.09000E+02    4.68400E+00    9.24201E-03
    7.09100E+02    4.69884E+00    9.10581E-03
    7.09200E+02    4.71422E+00    8.96684E-03
    7.09300E+02    4.73015E+00    8.82513E-03
    7.09400E+02    4.74752E+00    8.67314E-03
    7.09500E+02    4.76858E+00    8.49240E-03
    7.09600E+02    4.81381E+00    8.11686E-03
    7.09700E+02    4.81631E+00    8.09659E-03
    7.09800E+02    4.81375E+00    8.11738E-03
    7.09900E+02    4.82536E+00    8.02363E-03
    7.10000E+02    4.83980E+00    7.90864E-03
    7.10100E+02    4.85545E+00    7.78586E-03
    7.10200E+02    4.87162E+00    7.66098E-03
    7.10300E+02    4.88809E+00    7.53583E-03
    7.10400E+02    4.90504E+00    7.40913E-03
    7.10500E+02    4.92246E+00    7.28119E-03
    7.10600E+02    4.93984E+00    7.15576E-03
    7.10700E+02    4.95790E+00    7.02767E-03
    7.10800E+02    4.97625E+00    6.89992E-03
    7.10900E+02    4.99488E+00    6.77254E-03
    7.11000E+02    5.01519E+00    6.63639E-03
    7.11100E+02    5.03372E+00    6.51456E-03
    7.11200E+02    5.05447E+00    6.38074E-03
    7.11300E+02    5.07737E+00    6.23628E-03
    7.11400E+02    5.10876E+00    6.04354E-03
    7.11500E+02    5.23340E+00    5.33534E-03
    7.11600E+02    5.14835E+00    5.80898E-03
    7.11700E+02    5.16020E+00    5.74053E-03
    7.11800E+02    5.17965E+00    5.63000E-03
    7.11900E+02    5.20048E+00    5.51392E-03
    7.12000E+02    5.22297E+00    5.39129E-03
    7.12100E+02    5.24633E+00    5.26684E-03
    7.12200E+02    5.27069E+00    5.14004E-03
    7.12300E+02    5.29605E+00    5.01137E-03
    7.12400E+02    5.32225E+00    4.88178E-03
    7.12500E+02    5.34940E+00    4.75100E-03
    7.12600E+02    5.37767E+00    4.61857E-03
    7.12700E+02    5.40730E+00    4.48373E-03
    7.12800E+02    5.43839E+00    4.34649E-03
    7.12900E+02    5.47144E+00    4.20517E-03
    7.13000E+02    5.50509E+00    4.06602E-03
    7.13100E+02    5.54149E+00    3.92067E-03
    7.13200E+02    5.58051E+00    3.77063E-03
    7.13300E+02    5.62202E+00    3.61732E-03
    7.13400E+02    5.66684E+00    3.45877E-03
    7.13500E+02    5.71400E+00    3.29944E-03
    7.13600E+02    5.76620E+00    3.13163E-03
    7.13700E+02    5.82359E+00    2.95697E-03
    7.13800E+02    5.88688E+00    2.77562E-03
    7.13900E+02    5.95747E+00    2.58644E-03
    7.14000E+02    6.03661E+00    2.38964E-03
    7.14100E+02    6.12659E+00    2.18402E-03
    7.14200E+02    6.22999E+00    1.96948E-03
    7.14300E+02    6.35190E+00    1.74344E-03
    7.14400E+02    6.49082E+00    1.51731E-03
    7.14500E+02    6.65458E+00    1.28811E-03
    7.14600E+02    6.85342E+00    1.05584E-03
    7.14700E+02    7.09743E+00    8.27229E-04
    7.14800E+02    7.40132E+00    6.10445E-04
    7.14900E+02    7.78922E+00    4.14175E-04
    7.15000E+02    8.30070E+00    2.48342E-04
    7.15100E+02    9.00712E+00    1.22534E-04
    7.15200E+02    1.00632E+01    4.26215E-05
    7.15300E+02    1.19417E+01    6.51306E-06
    7.15400E+02    1.77709E+01    1.91506E-08
    7.15500E+02    1.16503E+01    8.71633E-06
    7.15600E+02    9.98876E+00    4.59132E-05
    7.15700E+02    9.04065E+00    1.18494E-04
    7.15800E+02    8.41228E+00    2.22123E-04
    7.15900E+02    7.96582E+00    3.47127E-04
    7.16000E+02    7.63601E+00    4.82748E-04
    7.16100E+02    7.38643E+00    6.19605E-04
    7.16200E+02    7.19466E+00    7.50586E-04
    7.16300E+02    7.04544E+00    8.71376E-04
    7.16400E+02    6.92903E+00    9.78947E-04
    7.16500E+02    6.83840E+00    1.07182E-03
    7.16600E+02    6.76767E+00    1.15037E-03
    7.16700E+02    6.71521E+00    1.21233E-03
    7.16800E+02    6.69128E+00    1.24170E-03
    7.16900E+02    6.64612E+00    1.29905E-03
    7.17000E+02    6.61453E+00    1.34074E-03
    7.17100E+02    6.59589E+00    1.36597E-03
    7.17200E+02    6.58476E+00    1.38126E-03
    7.17300E+02    6.57885E+00    1.38945E-03
    7.17400E+02    6.57759E+00    1.39120E-03
    7.17500E+02    6.58038E+00    1.38732E-03
    7.17600E+02    6.58682E+00    1.37841E-03
    7.17700E+02    6.59665E+00    1.36493E-03
    7.17800E+02    6.61016E+00    1.34662E-03
    7.17900E+02    6.62819E+00    1.32255E-03
    7.18000E+02    6.65307E+00    1.29006E-03
    7.18100E+02    6.69327E+00    1.23923E-03
    7.18200E+02    6.79158E+00    1.12319E-03
    7.18300E+02    7.51010E+00    5.47528E-04
    7.18400E+02    6.83051E+00    1.08030E-03
    7.18500E+02    6.76947E+00    1.14830E-03
    7.18600E+02    6.76725E+00    1.15085E-03
    7.18700E+02    6.77959E+00    1.13674E-03
    7.18800E+02    6.79795E+00    1.11606E-03
    7.18900E+02    6.82036E+00    1.09133E-03
    7.19000E+02    6.84367E+00    1.06618E-03
    7.19100E+02    6.86920E+00    1.03931E-03
    7.19200E+02    6.89648E+00    1.01134E-03
    7.19300E+02    6.92565E+00    9.82262E-04
    7.19400E+02    6.95756E+00    9.51413E-04
    7.19500E+02    6.99474E+00    9.16687E-04
    7.19600E+02    7.04425E+00    8.72410E-04
    7.19700E+02    7.14369E+00    7.89829E-04
    7.19800E+02    7.63974E+00    4.80954E-04
    7.19900E+02    7.18481E+00    7.58012E-04
    7.20000E+02    7.15965E+00    7.77325E-04
    7.20100E+02    7.17280E+00    7.67170E-04
    7.20200E+02    7.19641E+00    7.49272E-04
    7.20300E+02    7.22452E+00    7.28501E-04
    7.20400E+02    7.25490E+00    7.06703E-04
    7.20500E+02    7.28753E+00    6.84013E-04
    7.20600E+02    7.31949E+00    6.62500E-04
    7.20700E+02    7.35281E+00    6.40789E-04
    7.20800E+02    7.38695E+00    6.19279E-04
    7.20900E+02    7.42133E+00    5.98355E-04
    7.21000E+02    7.45672E+00    5.77546E-04
    7.21100E+02    7.49253E+00    5.57230E-04
    7.21200E+02    7.52920E+00    5.37169E-04
    7.21300E+02    7.56580E+00    5.17865E-04
    7.21400E+02    7.60305E+00    4.98926E-04
    7.21500E+02    7.64103E+00    4.80334E-04
    7.21600E+02    7.67983E+00    4.62053E-04
    7.21700E+02    7.71931E+00    4.44169E-04
    7.21800E+02    7.75805E+00    4.27287E-04
    7.21900E+02    7.79761E+00    4.10716E-04
    7.22000E+02    7.83796E+00    3.94471E-04
    7.22100E+02    7.87911E+00    3.78572E-04
    7.22200E+02    7.92044E+00    3.63244E-04
    7.22300E+02    7.96253E+00    3.48269E-04
    7.22400E+02    8.00537E+00    3.33667E-04
    7.22500E+02    8.04897E+00    3.19429E-04
    7.22600E+02    8.09331E+00    3.05577E-04
    7.22700E+02    8.13863E+00    2.92036E-04
    7.22800E+02    8.18566E+00    2.78619E-04
    7.22900E+02    8.23537E+00    2.65108E-04
    7.23000E+02    8.29948E+00    2.48647E-04
    7.23100E+02    8.34639E+00    2.37250E-04
    7.23200E+02    8.42121E+00    2.20147E-04
    7.23300E+02    8.57606E+00    1.88567E-04
    7.23400E+02    8.89024E+00    1.37726E-04
    7.23500E+02    8.60061E+00    1.83994E-04
    7.23600E+02    8.59215E+00    1.85556E-04
    7.23700E+02    8.62074E+00    1.80326E-04
    7.23800E+02    8.66026E+00    1.73339E-04
    7.23900E+02    8.70510E+00    1.65739E-04
    7.24000E+02    8.75209E+00    1.58130E-04
    7.24100E+02    8.80076E+00    1.50618E-04
    7.24200E+02    8.85091E+00    1.43251E-04
    7.24300E+02    8.90201E+00    1.36115E-04
    7.24400E+02    8.95451E+00    1.29153E-04
    7.24500E+02    9.00662E+00    1.22595E-04
    7.24600E+02    9.06000E+00    1.16222E-04
    7.24700E+02    9.11378E+00    1.10138E-04
    7.24800E+02    9.16872E+00    1.04250E-04
    7.24900E+02    9.22411E+00    9.86327E-05
    7.25000E+02    9.28036E+00    9.32372E-05
    7.25100E+02    9.33721E+00    8.80850E-05
    7.25200E+02    9.39487E+00    8.31499E-05
    7.25300E+02    9.45305E+00    7.84499E-05
    7.25400E+02    9.51222E+00    7.39428E-05
    7.25500E+02    9.57346E+00    6.95502E-05
    7.25600E+02    9.63247E+00    6.55646E-05
    7.25700E+02    9.69347E+00    6.16848E-05
    7.25800E+02    9.75537E+00    5.79825E-05
    7.25900E+02    9.81810E+00    5.44569E-05
    7.26000E+02    9.88165E+00    5.11040E-05
    7.26100E+02    9.94614E+00    4.79123E-05
    7.26200E+02    1.00116E+01    4.48746E-05
    7.26300E+02    1.00784E+01    4.19776E-05
    7.26400E+02    1.01471E+01    3.91910E-05
    7.26500E+02    1.02201E+01    3.64314E-05
    7.26600E+02    1.03148E+01    3.31406E-05
    7.26700E+02    1.03770E+01    3.11421E-05
    7.26800E+02    1.04260E+01    2.96507E-05
    7.26900E+02    1.04922E+01    2.77517E-05
    7.27000E+02    1.05640E+01    2.58290E-05
    7.27100E+02    1.06494E+01    2.37158E-05
    7.27200E+02    1.07078E+01    2.23691E-05
    7.27300E+02    1.07794E+01    2.08248E-05
    7.27400E+02    1.08535E+01    1.93376E-05
    7.27500E+02    1.09293E+01    1.79244E-05
    7.27600E+02    1.10066E+01    1.65923E-05
    7.27700E+02    1.10837E+01    1.53605E-05
    7.27800E+02    1.11622E+01    1.42005E-05
    7.27900E+02    1.12421E+01    1.31099E-05
    7.28000E+02    1.13232E+01    1.20893E-05
    7.28100E+02    1.14049E+01    1.11409E-05
    7.28200E+02    1.14885E+01    1.02473E-05
    7.28300E+02    1.15730E+01    9.41725E-06
    7.28400E+02    1.16570E+01    8.65833E-06
    7.28500E+02    1.17431E+01    7.94367E-06
    7.28600E+02    1.18305E+01    7.27917E-06
    7.28700E+02    1.19192E+01    6.66140E-06
    7.28800E+02    1.20090E+01    6.08900E-06
    7.28900E+02    1.21000E+01    5.55950E-06
    7.29000E+02    1.21921E+01    5.07040E-06
    7.29100E+02    1.22859E+01    4.61643E-06
    7.29200E+02    1.23805E+01    4.19969E-06
    7.29300E+02    1.24769E+01    3.81392E-06
    7.29400E+02    1.25747E+01    3.45825E-06
    7.29500E+02    1.26738E+01    3.13216E-06
    7.29600E+02    1.27741E+01    2.83326E-06
    7.29700E+02    1.28765E+01    2.55749E-06
    7.29800E+02    1.29817E+01    2.30209E-06
    7.29900E+02    1.30926E+01    2.06035E-06
    7.30000E+02    1.32576E+01    1.74703E-06
    7.30100E+02    1.33103E+01    1.65740E-06
    7.30200E+02    1.34125E+01    1.49634E-06
    7.30300E+02    1.35201E+01    1.34363E-06
    7.30400E+02    1.36316E+01    1.20189E-06
    7.30500E+02    1.37470E+01    1.07087E-06
    7.30600E+02    1.38734E+01    9.43740E-07
    7.30700E+02    1.39828E+01    8.45961E-07
    7.30800E+02    1.41041E+01    7.49352E-07
    7.30900E+02    1.42293E+01    6.61121E-07
    7.31000E+02    1.43592E+01    5.80577E-07
    7.31100E+02    1.44980E+01    5.05355E-07
    7.31200E+02    1.46552E+01    4.31838E-07
    7.31300E+02    1.47427E+01    3.95682E-07
    7.31400E+02    1.48572E+01    3.52847E-07
    7.31500E+02    1.49788E+01    3.12472E-07
    7.31600E+02    1.51047E+01    2.75492E-07
    7.31700E+02    1.52338E+01    2.42116E-07
    7.31800E+02    1.53662E+01    2.12096E-07
    7.31900E+02    1.55013E+01    1.85299E-07
    7.32000E+02    1.56386E+01    1.61520E-07
    7.32100E+02    1.57789E+01    1.40384E-07
    7.32200E+02    1.59212E+01    1.21758E-07
    7.32300E+02    1.60663E+01    1.05311E-07
    7.32400E+02    1.62137E+01    9.08813E-08
    7.32500E+02    1.63640E+01    7.82023E-08
    7.32600E+02    1.65169E+01    6.71092E-08
    7.32700E+02    1.66711E+01    5.75201E-08
    7.32800E+02    1.68285E+01    4.91456E-08
    7.32900E+02    1.69885E+01    4.18778E-08
    7.33000E+02    1.71510E+01    3.55982E-08
    7.33100E+02    1.73163E+01    3.01729E-08
    7.33200E+02    1.74846E+01    2.55007E-08
    7.33300E+02    1.76554E+01    2.14953E-08
    7.33400E+02    1.78292E+01    1.80674E-08
    7.33500E+02    1.80062E+01    1.51361E-08
    7.33600E+02    1.81861E+01    1.26439E-08
    7.33700E+02    1.83690E+01    1.05306E-08
    7.33800E+02    1.85554E+01    8.73974E-09
    7.33900E+02    1.87458E+01    7.22418E-09
    7.34000E+02    1.89409E+01    5.94365E-09
    7.34100E+02    1.91411E+01    4.86533E-09
    7.34200E+02    1.93522E+01    3.93957E-09
    7.34300E+02    1.95969E+01    3.08430E-09
    7.34400E+02    2.00284E+01    2.00334E-09
    7.34500E+02    1.99963E+01    2.06880E-09
    7.34600E+02    2.01769E+01    1.72689E-09
    7.34700E+02    2.03835E+01    1.40459E-09
    7.34800E+02    2.06012E+01    1.12982E-09
    7.34900E+02    2.08316E+01    8.97290E-10
    7.35000E+02    2.11498E+01    6.52767E-10
    7.35100E+02    2.12896E+01    5.67627E-10
    7.35200E+02    2.15132E+01    4.53879E-10
    7.35300E+02    2.17491E+01    3.58497E-10
    7.35400E+02    2.19914E+01    2.81344E-10
    7.35500E+02    2.22394E+01    2.19563E-10
    7.35600E+02    2.24915E+01    1.70629E-10
    7.35700E+02    2.27485E+01    1.31957E-10
    7.35800E+02    2.30110E+01    1.01493E-10
    7.35900E+02    2.32782E+01    7.77011E-11
    7.36000E+02    2.35504E+01    5.91823E-11
    7.36100E+02    2.38281E+01    4.48299E-11
    7.36200E+02    2.41113E+01    3.37760E-11
    7.36300E+02    2.44008E+01    2.52856E-11
    7.36400E+02    2.46994E+01    1.87580E-11
    7.36500E+02    2.50187E+01    1.36306E-11
    7.36600E+02    2.53015E+01    1.02728E-11
    7.36700E+02    2.56100E+01    7.54570E-12
    7.36800E+02    2.59264E+01    5.49912E-12
    7.36900E+02    2.62487E+01    3.98407E-12
    7.37000E+02    2.65799E+01    2.86099E-12
    7.37100E+02    2.69163E+01    2.04355E-12
    7.37200E+02    2.72614E+01    1.44715E-12
    7.37300E+02    2.76120E+01    1.01925E-12
    7.37400E+02    2.79686E+01    7.13470E-13
    7.37500E+02    2.83331E+01    4.95566E-13
    7.37600E+02    2.87077E+01    3.40718E-13
    7.37700E+02    2.90876E+01    2.33043E-13
    7.37800E+02    2.94751E+01    1.58174E-13
    7.37900E+02    2.98728E+01    1.06266E-13
    7.38000E+02    3.02783E+01    7.08410E-14
    7.38100E+02    3.06914E+01    4.68723E-14
    7.38200E+02    3.11147E+01    3.06931E-14
    7.38300E+02    3.15482E+01    1.98967E-14
    7.38400E+02    3.19895E+01    1.27974E-14
    7.38500E+02    3.24412E+01    8.14680E-15
    7.38600E+02    3.29030E+01    5.13339E-15
    7.38700E+02    3.33752E+01    3.20147E-15
    7.38800E+02    3.38601E+01    1.97118E-15
    7.38900E+02    3.43530E+01    1.20420E-15
    7.39000E+02    3.48587E+01    7.26234E-16
    7.39100E+02    3.53773E+01    4.32353E-16
    7.39200E+02    3.59065E+01    2.54679E-16
    7.39300E+02    3.64489E+01    1.48068E-16
    7.39400E+02    3.70041E+01    8.49781E-17
    7.39500E+02    3.75719E+01    4.81666E-17
    7.39600E+02    3.81557E+01    2.68662E-17
    7.39700E+02    3.87507E+01    1.48184E-17
    7.39800E+02    3.93646E+01    8.01960E-18
    7.39900E+02    3.99936E+01    4.27568E-18
    7.40000E+02    4.06466E+01    2.22535E-18
    7.40100E+02    4.13160E+01    1.13941E-18
    7.40200E+02    4.20246E+01    5.61004E-19
    7.40300E+02    4.28483E+01    2.46154E-19
    7.40400E+02    4.37226E+01    1.02690E-19
    7.40500E+02    4.41746E+01    6.53485E-20
    7.40600E+02    4.48683E+01    3.26540E-20
    7.40700E+02    4.56164E+01    1.54549E-20
    7.40800E+02    4.63925E+01    7.11214E-21
    7.40900E+02    4.71965E+01    3.18303E-21
    7.41000E+02    4.80235E+01    1.39200E-21
    7.41100E+02    4.88729E+01    5.95355E-22
    7.41200E+02    4.97492E+01    2.47852E-22
    7.41300E+02    5.06502E+01    1.00665E-22
    7.41400E+02    5.15759E+01    3.98921E-23
    7.41500E+02    5.25295E+01    1.53723E-23
    7.41600E+02    5.35093E+01    5.77015E-24
    7.41700E+02    5.45167E+01    2.10713E-24
    7.41800E+02    5.55565E+01    7.44971E-25
    7.41900E+02    5.66286E+01    2.54982E-25
    7.42000E+02    5.77310E+01    8.46693E-26
    7.42100E+02    5.88698E+01    2.71126E-26
    7.42200E+02    6.00507E+01    8.32335E-27
    7.42300E+02    6.12737E+01    2.45015E-27
    7.42400E+02    6.24982E+01    7.20060E-28
    7.42500E+02    6.37809E+01    1.99672E-28
    7.42600E+02    6.51098E+01    5.28649E-29
    7.42700E+02    6.64812E+01    1.34151E-29
    7.42800E+02    6.79049E+01    3.23055E-30
    7.42900E+02    6.93641E+01    7.50831E-31
    7.43000E+02    7.08793E+01    1.65007E-31
    7.43100E+02    7.24547E+01    3.41449E-32
    7.43200E+02    7.40878E+01    6.66955E-33
    7.43300E+02    7.57429E+01    1.27428E-33
    7.43400E+02    7.74780E+01    2.24771E-34
    7.43500E+02    7.92744E+01    3.72894E-35
    7.43600E+02    8.11363E+01    5.79386E-36
    7.43700E+02    8.30688E+01    8.38799E-37
    7.43800E+02    8.50696E+01    1.13432E-37
    7.43900E+02    8.71461E+01    1.42204E-38
    7.44000E+02    8.93010E+01    1.64847E-39
    7.44100E+02    9.15365E+01    1.76283E-40
    7.44200E+02    9.38548E+01    1.73536E-41
    7.44300E+02    9.62603E+01    1.56554E-42
    7.44400E+02    9.87542E+01    1.29304E-43
    7.44500E+02    1.01340E+02    9.74013E-45
    7.44600E+02    1.04018E+02    6.69217E-46
    7.44700E+02    1.06795E+02    4.16238E-47
    7.44800E+02    1.09666E+02    2.35945E-48
    7.44900E+02    1.12637E+02    1.20890E-49
    7.45000E+02    1.15702E+02    5.63805E-51
    7.45100E+02    1.18864E+02    2.38776E-52
    7.45200E+02    1.22119E+02    9.21101E-54
    7.45300E+02    1.25462E+02    3.25356E-55
    7.45400E+02    1.28882E+02    1.06465E-56
    7.45500E+02    1.32394E+02    3.17638E-58
    7.45600E+02    1.36030E+02    8.37298E-60
    7.45700E+02    1.39803E+02    1.92372E-61
    7.45800E+02    1.43737E+02    3.76676E-63
    7.45900E+02    1.47852E+02    6.14883E-65
    7.46000E+02    1.52104E+02    8.75225E-67
    7.46100E+02    1.56582E+02    9.93406E-69
    7.46200E+02    1.61284E+02    9.01738E-71
    7.46300E+02    1.66224E+02    6.45713E-73
    7.46400E+02    1.71419E+02    3.57727E-75
    7.46500E+02    1.76975E+02    1.38317E-77
    7.46600E+02    1.82628E+02    4.84977E-80
    7.46700E+02    1.88674E+02    1.14839E-82
    7.46800E+02    1.95136E+02    1.79286E-85
    7.46900E+02    2.02067E+02    1.75110E-88
    7.47000E+02    2.08822E+02    2.04032E-91
    7.47100E+02    2.16223E+02    1.24567E-94
    7.47200E+02    2.24072E+02    4.86184E-98
    7.47300E+02    2.32377E+02    1.20187E-100
    7.47400E+02    2.41145E+02    1.87033E-100
    7.47500E+02    2.50423E+02    1.74860E-100
    7.47600E+02    2.60239E+02    9.54104E-100
    7.47700E+02    2.70649E+02    2.87564E-100
    7.47800E+02    2.81664E+02    4.72857E-100
    7.47900E+02    2.93335E+02    4.04024E-100
    7.48000E+02    3.05733E+02    1.66657E-100
    7.48100E+02    3.18909E+02    3.16021E-100
    7.48200E+02    3.32886E+02    2.68681E-100
    7.48300E+02    3.47763E+02    9.30330E-100
    7.48400E+02    3.63591E+02    1.24339E-100
    7.48500E+02    3.80490E+02    5.69161E-100
    7.48600E+02    3.98497E+02    8.61046E-100
    7.48700E+02    4.18086E+02    2.67530E-100
    7.48800E+02    4.38187E+02    4.98732E-100
    7.48900E+02    4.60011E+02    1.65845E-100
    7.49000E+02    4.83432E+02    1.11726E-100
    7.49100E+02    5.08541E+02    1.39156E-100
    7.49200E+02    5.35455E+02    2.85109E-100
    7.49300E+02    5.64347E+02    8.07618E-100
    7.49400E+02    5.95342E+02    2.79299E-100
    7.49500E+02    6.28666E+02    9.41728E-100
    7.49600E+02    6.64467E+02    2.66405E-100
    7.49700E+02    7.02971E+02    5.05459E-100
    7.49800E+02    7.44403E+02    4.94066E-100
    7.49900E+02    7.88937E+02    0.00000E+00

