#	Freq	Err	Tansmission
    2.99900E+02    8.90319E-02    9.14816E-01
    3.00000E+02    8.91138E-02    9.14741E-01
    3.00100E+02    8.93604E-02    9.14516E-01
    3.00200E+02    8.95972E-02    9.14299E-01
    3.00300E+02    9.00044E-02    9.13927E-01
    3.00400E+02    9.08227E-02    9.13180E-01
    3.00500E+02    9.26329E-02    9.11528E-01
    3.00600E+02    9.84492E-02    9.06242E-01
    3.00700E+02    1.21562E-01    8.85537E-01
    3.00800E+02    9.63879E-02    9.08112E-01
    3.00900E+02    9.31813E-02    9.11028E-01
    3.01000E+02    9.24324E-02    9.11711E-01
    3.01100E+02    9.24306E-02    9.11713E-01
    3.01200E+02    9.29506E-02    9.11238E-01
    3.01300E+02    9.40695E-02    9.10219E-01
    3.01400E+02    9.60565E-02    9.08413E-01
    3.01500E+02    9.97588E-02    9.05056E-01
    3.01600E+02    1.07776E-01    8.97829E-01
    3.01700E+02    1.31216E-01    8.77029E-01
    3.01800E+02    2.96970E-01    7.43066E-01
    3.01900E+02    1.45617E-01    8.64489E-01
    3.02000E+02    1.11975E-01    8.94067E-01
    3.02100E+02    1.02058E-01    9.02977E-01
    3.02200E+02    9.78989E-02    9.06741E-01
    3.02300E+02    9.58759E-02    9.08577E-01
    3.02400E+02    9.48739E-02    9.09488E-01
    3.02500E+02    9.45431E-02    9.09788E-01
    3.02600E+02    9.45572E-02    9.09776E-01
    3.02700E+02    9.49939E-02    9.09378E-01
    3.02800E+02    9.61710E-02    9.08309E-01
    3.02900E+02    9.88117E-02    9.05913E-01
    3.03000E+02    1.05559E-01    8.99821E-01
    3.03100E+02    1.30792E-01    8.77400E-01
    3.03200E+02    1.55767E-01    8.55759E-01
    3.03300E+02    1.09429E-01    8.96345E-01
    3.03400E+02    1.00243E-01    9.04618E-01
    3.03500E+02    9.69869E-02    9.07568E-01
    3.03600E+02    9.56900E-02    9.08746E-01
    3.03700E+02    9.44989E-02    9.09829E-01
    3.03800E+02    9.40057E-02    9.10278E-01
    3.03900E+02    9.37864E-02    9.10477E-01
    3.04000E+02    9.36619E-02    9.10591E-01
    3.04100E+02    9.36454E-02    9.10606E-01
    3.04200E+02    9.37131E-02    9.10544E-01
    3.04300E+02    9.38470E-02    9.10422E-01
    3.04400E+02    9.40488E-02    9.10238E-01
    3.04500E+02    9.43284E-02    9.09984E-01
    3.04600E+02    9.47194E-02    9.09628E-01
    3.04700E+02    9.53249E-02    9.09077E-01
    3.04800E+02    9.68455E-02    9.07696E-01
    3.04900E+02    9.58917E-02    9.08562E-01
    3.05000E+02    9.53056E-02    9.09095E-01
    3.05100E+02    9.50770E-02    9.09303E-01
    3.05200E+02    9.49043E-02    9.09460E-01
    3.05300E+02    9.48298E-02    9.09528E-01
    3.05400E+02    9.48106E-02    9.09545E-01
    3.05500E+02    9.48255E-02    9.09532E-01
    3.05600E+02    9.48702E-02    9.09491E-01
    3.05700E+02    9.49351E-02    9.09432E-01
    3.05800E+02    9.50175E-02    9.09357E-01
    3.05900E+02    9.51309E-02    9.09254E-01
    3.06000E+02    9.52621E-02    9.09135E-01
    3.06100E+02    9.53495E-02    9.09055E-01
    3.06200E+02    9.54722E-02    9.08944E-01
    3.06300E+02    9.56057E-02    9.08822E-01
    3.06400E+02    9.57556E-02    9.08686E-01
    3.06500E+02    9.58924E-02    9.08562E-01
    3.06600E+02    9.60459E-02    9.08422E-01
    3.06700E+02    9.62096E-02    9.08274E-01
    3.06800E+02    9.63857E-02    9.08114E-01
    3.06900E+02    9.66377E-02    9.07885E-01
    3.07000E+02    9.67611E-02    9.07773E-01
    3.07100E+02    9.69076E-02    9.07640E-01
    3.07200E+02    9.70977E-02    9.07467E-01
    3.07300E+02    9.73850E-02    9.07207E-01
    3.07400E+02    9.76621E-02    9.06955E-01
    3.07500E+02    9.80366E-02    9.06616E-01
    3.07600E+02    9.80200E-02    9.06631E-01
    3.07700E+02    9.81642E-02    9.06500E-01
    3.07800E+02    9.83533E-02    9.06329E-01
    3.07900E+02    9.85639E-02    9.06138E-01
    3.08000E+02    9.87714E-02    9.05950E-01
    3.08100E+02    9.89914E-02    9.05750E-01
    3.08200E+02    9.92266E-02    9.05538E-01
    3.08300E+02    9.94804E-02    9.05308E-01
    3.08400E+02    9.97850E-02    9.05032E-01
    3.08500E+02    1.00346E-01    9.04524E-01
    3.08600E+02    1.01008E-01    9.03926E-01
    3.08700E+02    1.00610E-01    9.04285E-01
    3.08800E+02    1.00894E-01    9.04029E-01
    3.08900E+02    1.01194E-01    9.03757E-01
    3.09000E+02    1.01271E-01    9.03688E-01
    3.09100E+02    1.01530E-01    9.03454E-01
    3.09200E+02    1.01871E-01    9.03146E-01
    3.09300E+02    1.02209E-01    9.02841E-01
    3.09400E+02    1.02690E-01    9.02407E-01
    3.09500E+02    1.02874E-01    9.02241E-01
    3.09600E+02    1.03307E-01    9.01850E-01
    3.09700E+02    1.03904E-01    9.01312E-01
    3.09800E+02    1.04863E-01    9.00448E-01
    3.09900E+02    1.06712E-01    8.98785E-01
    3.10000E+02    1.13178E-01    8.92992E-01
    3.10100E+02    1.19017E-01    8.87792E-01
    3.10200E+02    1.08436E-01    8.97236E-01
    3.10300E+02    1.06697E-01    8.98798E-01
    3.10400E+02    1.06123E-01    8.99314E-01
    3.10500E+02    1.06038E-01    8.99390E-01
    3.10600E+02    1.06122E-01    8.99315E-01
    3.10700E+02    1.06295E-01    8.99160E-01
    3.10800E+02    1.06518E-01    8.98959E-01
    3.10900E+02    1.06775E-01    8.98728E-01
    3.11000E+02    1.07061E-01    8.98471E-01
    3.11100E+02    1.07422E-01    8.98147E-01
    3.11200E+02    1.07694E-01    8.97903E-01
    3.11300E+02    1.07970E-01    8.97655E-01
    3.11400E+02    1.08290E-01    8.97367E-01
    3.11500E+02    1.08637E-01    8.97056E-01
    3.11600E+02    1.09073E-01    8.96665E-01
    3.11700E+02    1.09420E-01    8.96353E-01
    3.11800E+02    1.09717E-01    8.96088E-01
    3.11900E+02    1.10053E-01    8.95787E-01
    3.12000E+02    1.10436E-01    8.95443E-01
    3.12100E+02    1.10834E-01    8.95088E-01
    3.12200E+02    1.11245E-01    8.94720E-01
    3.12300E+02    1.11671E-01    8.94338E-01
    3.12400E+02    1.12118E-01    8.93939E-01
    3.12500E+02    1.12626E-01    8.93485E-01
    3.12600E+02    1.13112E-01    8.93050E-01
    3.12700E+02    1.13509E-01    8.92696E-01
    3.12800E+02    1.13998E-01    8.92260E-01
    3.12900E+02    1.14774E-01    8.91568E-01
    3.13000E+02    1.15013E-01    8.91354E-01
    3.13100E+02    1.15501E-01    8.90920E-01
    3.13200E+02    1.15962E-01    8.90509E-01
    3.13300E+02    1.16492E-01    8.90037E-01
    3.13400E+02    1.17063E-01    8.89529E-01
    3.13500E+02    1.17698E-01    8.88965E-01
    3.13600E+02    1.18484E-01    8.88266E-01
    3.13700E+02    1.18785E-01    8.87999E-01
    3.13800E+02    1.19368E-01    8.87481E-01
    3.13900E+02    1.20041E-01    8.86884E-01
    3.14000E+02    1.21270E-01    8.85795E-01
    3.14100E+02    1.21237E-01    8.85824E-01
    3.14200E+02    1.21819E-01    8.85309E-01
    3.14300E+02    1.22467E-01    8.84735E-01
    3.14400E+02    1.23153E-01    8.84129E-01
    3.14500E+02    1.23872E-01    8.83493E-01
    3.14600E+02    1.24625E-01    8.82828E-01
    3.14700E+02    1.25420E-01    8.82126E-01
    3.14800E+02    1.26264E-01    8.81382E-01
    3.14900E+02    1.27167E-01    8.80587E-01
    3.15000E+02    1.28148E-01    8.79723E-01
    3.15100E+02    1.29260E-01    8.78746E-01
    3.15200E+02    1.30434E-01    8.77714E-01
    3.15300E+02    1.31833E-01    8.76488E-01
    3.15400E+02    1.33564E-01    8.74971E-01
    3.15500E+02    1.35892E-01    8.72937E-01
    3.15600E+02    1.39496E-01    8.69797E-01
    3.15700E+02    1.46618E-01    8.63624E-01
    3.15800E+02    1.69486E-01    8.44099E-01
    3.15900E+02    2.19946E-01    8.02562E-01
    3.16000E+02    1.60455E-01    8.51757E-01
    3.16100E+02    1.55893E-01    8.55651E-01
    3.16200E+02    1.66107E-01    8.46956E-01
    3.16300E+02    2.35668E-01    7.90043E-01
    3.16400E+02    1.86153E-01    8.30146E-01
    3.16500E+02    1.59938E-01    8.52197E-01
    3.16600E+02    1.55231E-01    8.56218E-01
    3.16700E+02    1.60773E-01    8.51485E-01
    3.16800E+02    1.51535E-01    8.59388E-01
    3.16900E+02    1.50848E-01    8.59978E-01
    3.17000E+02    1.51839E-01    8.59127E-01
    3.17100E+02    1.54988E-01    8.56425E-01
    3.17200E+02    1.73288E-01    8.40896E-01
    3.17300E+02    1.56717E-01    8.54946E-01
    3.17400E+02    1.55910E-01    8.55636E-01
    3.17500E+02    1.56639E-01    8.55012E-01
    3.17600E+02    1.57862E-01    8.53968E-01
    3.17700E+02    1.59343E-01    8.52704E-01
    3.17800E+02    1.60974E-01    8.51315E-01
    3.17900E+02    1.62713E-01    8.49835E-01
    3.18000E+02    1.64587E-01    8.48244E-01
    3.18100E+02    1.66615E-01    8.46526E-01
    3.18200E+02    1.68672E-01    8.44786E-01
    3.18300E+02    1.70880E-01    8.42922E-01
    3.18400E+02    1.73221E-01    8.40951E-01
    3.18500E+02    1.75712E-01    8.38860E-01
    3.18600E+02    1.78246E-01    8.36737E-01
    3.18700E+02    1.80973E-01    8.34458E-01
    3.18800E+02    1.83854E-01    8.32057E-01
    3.18900E+02    1.86899E-01    8.29527E-01
    3.19000E+02    1.90128E-01    8.26854E-01
    3.19100E+02    1.93573E-01    8.24010E-01
    3.19200E+02    1.97324E-01    8.20924E-01
    3.19300E+02    2.01269E-01    8.17693E-01
    3.19400E+02    2.05650E-01    8.14118E-01
    3.19500E+02    2.10243E-01    8.10387E-01
    3.19600E+02    2.15683E-01    8.05991E-01
    3.19700E+02    2.22451E-01    8.00554E-01
    3.19800E+02    2.32359E-01    7.92662E-01
    3.19900E+02    2.53900E-01    7.75769E-01
    3.20000E+02    3.95494E-01    6.73347E-01
    3.20100E+02    2.62903E-01    7.68816E-01
    3.20200E+02    2.53889E-01    7.75778E-01
    3.20300E+02    2.55413E-01    7.74597E-01
    3.20400E+02    2.59936E-01    7.71101E-01
    3.20500E+02    2.65702E-01    7.66667E-01
    3.20600E+02    2.72361E-01    7.61580E-01
    3.20700E+02    2.79508E-01    7.56156E-01
    3.20800E+02    2.87120E-01    7.50422E-01
    3.20900E+02    2.95070E-01    7.44479E-01
    3.21000E+02    3.03299E-01    7.38378E-01
    3.21100E+02    3.11789E-01    7.32136E-01
    3.21200E+02    3.20253E-01    7.25966E-01
    3.21300E+02    3.28913E-01    7.19706E-01
    3.21400E+02    3.37821E-01    7.13323E-01
    3.21500E+02    3.47151E-01    7.06698E-01
    3.21600E+02    3.56791E-01    6.99919E-01
    3.21700E+02    3.67120E-01    6.92726E-01
    3.21800E+02    3.78215E-01    6.85083E-01
    3.21900E+02    3.90341E-01    6.76826E-01
    3.22000E+02    4.05867E-01    6.66399E-01
    3.22100E+02    4.17793E-01    6.58498E-01
    3.22200E+02    4.32339E-01    6.48989E-01
    3.22300E+02    4.48284E-01    6.38723E-01
    3.22400E+02    4.65940E-01    6.27545E-01
    3.22500E+02    4.85170E-01    6.15592E-01
    3.22600E+02    5.06077E-01    6.02856E-01
    3.22700E+02    5.28953E-01    5.89221E-01
    3.22800E+02    5.53390E-01    5.74997E-01
    3.22900E+02    5.80142E-01    5.59819E-01
    3.23000E+02    6.09215E-01    5.43778E-01
    3.23100E+02    6.40789E-01    5.26877E-01
    3.23200E+02    6.75081E-01    5.09115E-01
    3.23300E+02    7.12292E-01    4.90519E-01
    3.23400E+02    7.52664E-01    4.71110E-01
    3.23500E+02    7.96457E-01    4.50924E-01
    3.23600E+02    8.44100E-01    4.29944E-01
    3.23700E+02    9.00576E-01    4.06336E-01
    3.23800E+02    9.49767E-01    3.86831E-01
    3.23900E+02    1.00781E+00    3.65017E-01
    3.24000E+02    1.07006E+00    3.42988E-01
    3.24100E+02    1.13611E+00    3.21067E-01
    3.24200E+02    1.20571E+00    2.99481E-01
    3.24300E+02    1.27803E+00    2.78587E-01
    3.24400E+02    1.35216E+00    2.58680E-01
    3.24500E+02    1.42711E+00    2.40002E-01
    3.24600E+02    1.50118E+00    2.22867E-01
    3.24700E+02    1.57221E+00    2.07587E-01
    3.24800E+02    1.63752E+00    1.94462E-01
    3.24900E+02    1.69394E+00    1.83794E-01
    3.25000E+02    1.73762E+00    1.75939E-01
    3.25100E+02    1.76434E+00    1.71300E-01
    3.25200E+02    1.76618E+00    1.70984E-01
    3.25300E+02    1.74256E+00    1.75072E-01
    3.25400E+02    1.70168E+00    1.82376E-01
    3.25500E+02    1.64758E+00    1.92515E-01
    3.25600E+02    1.58435E+00    2.05081E-01
    3.25700E+02    1.51494E+00    2.19822E-01
    3.25800E+02    1.44228E+00    2.36387E-01
    3.25900E+02    1.36847E+00    2.54496E-01
    3.26000E+02    1.29528E+00    2.73822E-01
    3.26100E+02    1.22377E+00    2.94119E-01
    3.26200E+02    1.15496E+00    3.15069E-01
    3.26300E+02    1.08987E+00    3.36262E-01
    3.26400E+02    1.02963E+00    3.57140E-01
    3.26500E+02    9.74861E-01    3.77245E-01
    3.26600E+02    9.21538E-01    3.97906E-01
    3.26700E+02    8.79666E-01    4.14922E-01
    3.26800E+02    8.62008E-01    4.22313E-01
    3.26900E+02    1.08881E+00    3.36618E-01
    3.27000E+02    7.77747E-01    4.59440E-01
    3.27100E+02    7.08974E-01    4.92149E-01
    3.27200E+02    6.64095E-01    5.14739E-01
    3.27300E+02    6.27404E-01    5.33976E-01
    3.27400E+02    5.95342E-01    5.51374E-01
    3.27500E+02    5.66726E-01    5.67380E-01
    3.27600E+02    5.41296E-01    5.81993E-01
    3.27700E+02    5.20471E-01    5.94240E-01
    3.27800E+02    5.10676E-01    6.00090E-01
    3.27900E+02    4.86758E-01    6.14615E-01
    3.28000E+02    4.56838E-01    6.33283E-01
    3.28100E+02    4.36462E-01    6.46319E-01
    3.28200E+02    4.18968E-01    6.57725E-01
    3.28300E+02    4.03110E-01    6.68239E-01
    3.28400E+02    3.88539E-01    6.78047E-01
    3.28500E+02    3.75127E-01    6.87202E-01
    3.28600E+02    3.62525E-01    6.95917E-01
    3.28700E+02    3.50810E-01    7.04117E-01
    3.28800E+02    3.39932E-01    7.11818E-01
    3.28900E+02    3.29738E-01    7.19112E-01
    3.29000E+02    3.20228E-01    7.25984E-01
    3.29100E+02    3.11393E-01    7.32426E-01
    3.29200E+02    3.02958E-01    7.38630E-01
    3.29300E+02    2.95208E-01    7.44377E-01
    3.29400E+02    2.87674E-01    7.50006E-01
    3.29500E+02    2.80707E-01    7.55250E-01
    3.29600E+02    2.74269E-01    7.60127E-01
    3.29700E+02    2.68158E-01    7.64787E-01
    3.29800E+02    2.63204E-01    7.68585E-01
    3.29900E+02    2.56700E-01    7.73600E-01
    3.30000E+02    2.51376E-01    7.77730E-01
    3.30100E+02    2.46424E-01    7.81591E-01
    3.30200E+02    2.41757E-01    7.85247E-01
    3.30300E+02    2.37342E-01    7.88722E-01
    3.30400E+02    2.33164E-01    7.92024E-01
    3.30500E+02    2.29198E-01    7.95171E-01
    3.30600E+02    2.25453E-01    7.98154E-01
    3.30700E+02    2.21895E-01    8.01000E-01
    3.30800E+02    2.18517E-01    8.03710E-01
    3.30900E+02    2.15324E-01    8.06280E-01
    3.31000E+02    2.12327E-01    8.08700E-01
    3.31100E+02    2.09456E-01    8.11025E-01
    3.31200E+02    2.06687E-01    8.13274E-01
    3.31300E+02    2.04102E-01    8.15379E-01
    3.31400E+02    2.01669E-01    8.17365E-01
    3.31500E+02    1.99403E-01    8.19220E-01
    3.31600E+02    1.97293E-01    8.20950E-01
    3.31700E+02    1.95387E-01    8.22516E-01
    3.31800E+02    1.94290E-01    8.23419E-01
    3.31900E+02    1.91883E-01    8.25404E-01
    3.32000E+02    1.90401E-01    8.26628E-01
    3.32100E+02    1.89447E-01    8.27417E-01
    3.32200E+02    1.88648E-01    8.28078E-01
    3.32300E+02    1.88798E-01    8.27954E-01
    3.32400E+02    1.90547E-01    8.26507E-01
    3.32500E+02    1.96222E-01    8.21830E-01
    3.32600E+02    2.15884E-01    8.05829E-01
    3.32700E+02    3.86603E-01    6.79361E-01
    3.32800E+02    2.32024E-01    7.92927E-01
    3.32900E+02    2.44903E-01    7.82780E-01
    3.33000E+02    1.93355E-01    8.24189E-01
    3.33100E+02    1.82137E-01    8.33487E-01
    3.33200E+02    1.76850E-01    8.37906E-01
    3.33300E+02    1.73583E-01    8.40647E-01
    3.33400E+02    1.71233E-01    8.42625E-01
    3.33500E+02    1.69357E-01    8.44208E-01
    3.33600E+02    1.67799E-01    8.45524E-01
    3.33700E+02    1.66439E-01    8.46674E-01
    3.33800E+02    1.65245E-01    8.47686E-01
    3.33900E+02    1.64240E-01    8.48539E-01
    3.34000E+02    1.63301E-01    8.49335E-01
    3.34100E+02    1.62180E-01    8.50288E-01
    3.34200E+02    1.61261E-01    8.51070E-01
    3.34300E+02    1.60436E-01    8.51772E-01
    3.34400E+02    1.59663E-01    8.52431E-01
    3.34500E+02    1.58962E-01    8.53029E-01
    3.34600E+02    1.58323E-01    8.53574E-01
    3.34700E+02    1.57769E-01    8.54047E-01
    3.34800E+02    1.57316E-01    8.54434E-01
    3.34900E+02    1.57055E-01    8.54657E-01
    3.35000E+02    1.57182E-01    8.54549E-01
    3.35100E+02    1.58418E-01    8.53493E-01
    3.35200E+02    1.64412E-01    8.48392E-01
    3.35300E+02    1.75055E-01    8.39411E-01
    3.35400E+02    1.58361E-01    8.53542E-01
    3.35500E+02    1.55042E-01    8.56379E-01
    3.35600E+02    1.53669E-01    8.57556E-01
    3.35700E+02    1.53149E-01    8.58001E-01
    3.35800E+02    1.51955E-01    8.59027E-01
    3.35900E+02    1.51780E-01    8.59177E-01
    3.36000E+02    1.50790E-01    8.60028E-01
    3.36100E+02    1.50247E-01    8.60496E-01
    3.36200E+02    1.50165E-01    8.60566E-01
    3.36300E+02    1.49327E-01    8.61288E-01
    3.36400E+02    1.48856E-01    8.61693E-01
    3.36500E+02    1.48448E-01    8.62045E-01
    3.36600E+02    1.48075E-01    8.62366E-01
    3.36700E+02    1.47720E-01    8.62673E-01
    3.36800E+02    1.47388E-01    8.62959E-01
    3.36900E+02    1.47081E-01    8.63224E-01
    3.37000E+02    1.46777E-01    8.63486E-01
    3.37100E+02    1.46617E-01    8.63624E-01
    3.37200E+02    1.46343E-01    8.63861E-01
    3.37300E+02    1.46036E-01    8.64127E-01
    3.37400E+02    1.45782E-01    8.64347E-01
    3.37500E+02    1.45687E-01    8.64428E-01
    3.37600E+02    1.45804E-01    8.64327E-01
    3.37700E+02    1.45333E-01    8.64734E-01
    3.37800E+02    1.44890E-01    8.65118E-01
    3.37900E+02    1.44638E-01    8.65336E-01
    3.38000E+02    1.44436E-01    8.65511E-01
    3.38100E+02    1.44262E-01    8.65661E-01
    3.38200E+02    1.44103E-01    8.65798E-01
    3.38300E+02    1.44018E-01    8.65872E-01
    3.38400E+02    1.43874E-01    8.65997E-01
    3.38500E+02    1.43743E-01    8.66110E-01
    3.38600E+02    1.43775E-01    8.66082E-01
    3.38700E+02    1.45027E-01    8.64999E-01
    3.38800E+02    1.43766E-01    8.66091E-01
    3.38900E+02    1.43339E-01    8.66461E-01
    3.39000E+02    1.43110E-01    8.66659E-01
    3.39100E+02    1.42972E-01    8.66779E-01
    3.39200E+02    1.42863E-01    8.66873E-01
    3.39300E+02    1.42770E-01    8.66953E-01
    3.39400E+02    1.42689E-01    8.67024E-01
    3.39500E+02    1.42615E-01    8.67087E-01
    3.39600E+02    1.42551E-01    8.67143E-01
    3.39700E+02    1.42495E-01    8.67192E-01
    3.39800E+02    1.42461E-01    8.67222E-01
    3.39900E+02    1.42441E-01    8.67238E-01
    3.40000E+02    1.42373E-01    8.67297E-01
    3.40100E+02    1.42337E-01    8.67329E-01
    3.40200E+02    1.42311E-01    8.67351E-01
    3.40300E+02    1.42293E-01    8.67367E-01
    3.40400E+02    1.42286E-01    8.67373E-01
    3.40500E+02    1.42299E-01    8.67362E-01
    3.40600E+02    1.42395E-01    8.67279E-01
    3.40700E+02    1.42711E-01    8.67004E-01
    3.40800E+02    1.42335E-01    8.67331E-01
    3.40900E+02    1.42302E-01    8.67359E-01
    3.41000E+02    1.42304E-01    8.67357E-01
    3.41100E+02    1.42323E-01    8.67341E-01
    3.41200E+02    1.42350E-01    8.67318E-01
    3.41300E+02    1.42384E-01    8.67288E-01
    3.41400E+02    1.42425E-01    8.67253E-01
    3.41500E+02    1.42476E-01    8.67208E-01
    3.41600E+02    1.42537E-01    8.67156E-01
    3.41700E+02    1.42612E-01    8.67091E-01
    3.41800E+02    1.42727E-01    8.66991E-01
    3.41900E+02    1.43012E-01    8.66743E-01
    3.42000E+02    1.42953E-01    8.66794E-01
    3.42100E+02    1.43525E-01    8.66299E-01
    3.42200E+02    1.43159E-01    8.66616E-01
    3.42300E+02    1.43282E-01    8.66510E-01
    3.42400E+02    1.43452E-01    8.66362E-01
    3.42500E+02    1.43709E-01    8.66140E-01
    3.42600E+02    1.43942E-01    8.65938E-01
    3.42700E+02    1.44340E-01    8.65593E-01
    3.42800E+02    1.44959E-01    8.65058E-01
    3.42900E+02    1.45981E-01    8.64174E-01
    3.43000E+02    1.48145E-01    8.62306E-01
    3.43100E+02    1.54553E-01    8.56798E-01
    3.43200E+02    1.81618E-01    8.33920E-01
    3.43300E+02    1.62837E-01    8.49729E-01
    3.43400E+02    1.52634E-01    8.58444E-01
    3.43500E+02    1.62318E-01    8.50171E-01
    3.43600E+02    1.48905E-01    8.61651E-01
    3.43700E+02    1.46583E-01    8.63654E-01
    3.43800E+02    1.45769E-01    8.64357E-01
    3.43900E+02    1.45426E-01    8.64654E-01
    3.44000E+02    1.45224E-01    8.64828E-01
    3.44100E+02    1.45142E-01    8.64899E-01
    3.44200E+02    1.45120E-01    8.64919E-01
    3.44300E+02    1.45137E-01    8.64904E-01
    3.44400E+02    1.45189E-01    8.64858E-01
    3.44500E+02    1.45266E-01    8.64792E-01
    3.44600E+02    1.45383E-01    8.64691E-01
    3.44700E+02    1.45481E-01    8.64606E-01
    3.44800E+02    1.45641E-01    8.64468E-01
    3.44900E+02    1.45770E-01    8.64357E-01
    3.45000E+02    1.45826E-01    8.64308E-01
    3.45100E+02    1.45943E-01    8.64207E-01
    3.45200E+02    1.46077E-01    8.64091E-01
    3.45300E+02    1.46215E-01    8.63972E-01
    3.45400E+02    1.46364E-01    8.63844E-01
    3.45500E+02    1.46516E-01    8.63712E-01
    3.45600E+02    1.46674E-01    8.63576E-01
    3.45700E+02    1.46835E-01    8.63436E-01
    3.45800E+02    1.47001E-01    8.63293E-01
    3.45900E+02    1.47173E-01    8.63144E-01
    3.46000E+02    1.47350E-01    8.62992E-01
    3.46100E+02    1.47548E-01    8.62821E-01
    3.46200E+02    1.47730E-01    8.62664E-01
    3.46300E+02    1.47900E-01    8.62517E-01
    3.46400E+02    1.48091E-01    8.62353E-01
    3.46500E+02    1.48279E-01    8.62191E-01
    3.46600E+02    1.48487E-01    8.62011E-01
    3.46700E+02    1.48687E-01    8.61839E-01
    3.46800E+02    1.48930E-01    8.61630E-01
    3.46900E+02    1.49207E-01    8.61390E-01
    3.47000E+02    1.49332E-01    8.61283E-01
    3.47100E+02    1.49575E-01    8.61074E-01
    3.47200E+02    1.50028E-01    8.60684E-01
    3.47300E+02    1.50070E-01    8.60648E-01
    3.47400E+02    1.50189E-01    8.60546E-01
    3.47500E+02    1.50396E-01    8.60367E-01
    3.47600E+02    1.50635E-01    8.60162E-01
    3.47700E+02    1.50920E-01    8.59916E-01
    3.47800E+02    1.51524E-01    8.59397E-01
    3.47900E+02    1.51413E-01    8.59493E-01
    3.48000E+02    1.51682E-01    8.59262E-01
    3.48100E+02    1.51851E-01    8.59116E-01
    3.48200E+02    1.52090E-01    8.58911E-01
    3.48300E+02    1.52332E-01    8.58703E-01
    3.48400E+02    1.52594E-01    8.58479E-01
    3.48500E+02    1.52879E-01    8.58234E-01
    3.48600E+02    1.53226E-01    8.57936E-01
    3.48700E+02    1.53403E-01    8.57784E-01
    3.48800E+02    1.53676E-01    8.57550E-01
    3.48900E+02    1.53970E-01    8.57298E-01
    3.49000E+02    1.54530E-01    8.56818E-01
    3.49100E+02    1.54562E-01    8.56790E-01
    3.49200E+02    1.54861E-01    8.56534E-01
    3.49300E+02    1.55198E-01    8.56245E-01
    3.49400E+02    1.55604E-01    8.55898E-01
    3.49500E+02    1.56250E-01    8.55345E-01
    3.49600E+02    1.56912E-01    8.54779E-01
    3.49700E+02    1.58982E-01    8.53012E-01
    3.49800E+02    1.58831E-01    8.53140E-01
    3.49900E+02    1.57661E-01    8.54139E-01
    3.50000E+02    1.57638E-01    8.54159E-01
    3.50100E+02    1.57814E-01    8.54008E-01
    3.50200E+02    1.58082E-01    8.53779E-01
    3.50300E+02    1.58408E-01    8.53502E-01
    3.50400E+02    1.58733E-01    8.53224E-01
    3.50500E+02    1.59094E-01    8.52916E-01
    3.50600E+02    1.59480E-01    8.52587E-01
    3.50700E+02    1.59876E-01    8.52250E-01
    3.50800E+02    1.60305E-01    8.51884E-01
    3.50900E+02    1.60772E-01    8.51486E-01
    3.51000E+02    1.61216E-01    8.51108E-01
    3.51100E+02    1.61722E-01    8.50678E-01
    3.51200E+02    1.62270E-01    8.50211E-01
    3.51300E+02    1.62877E-01    8.49696E-01
    3.51400E+02    1.63584E-01    8.49095E-01
    3.51500E+02    1.64463E-01    8.48349E-01
    3.51600E+02    1.65275E-01    8.47661E-01
    3.51700E+02    1.66431E-01    8.46681E-01
    3.51800E+02    1.67986E-01    8.45366E-01
    3.51900E+02    1.70321E-01    8.43394E-01
    3.52000E+02    1.73979E-01    8.40315E-01
    3.52100E+02    1.81026E-01    8.34414E-01
    3.52200E+02    1.98827E-01    8.19692E-01
    3.52300E+02    2.99386E-01    7.41274E-01
    3.52400E+02    2.26013E-01    7.97708E-01
    3.52500E+02    2.00577E-01    8.18258E-01
    3.52600E+02    2.34730E-01    7.90785E-01
    3.52700E+02    2.00722E-01    8.18140E-01
    3.52800E+02    2.72574E-01    7.61417E-01
    3.52900E+02    1.99517E-01    8.19127E-01
    3.53000E+02    1.81901E-01    8.33684E-01
    3.53100E+02    1.76803E-01    8.37945E-01
    3.53200E+02    1.75071E-01    8.39398E-01
    3.53300E+02    1.75150E-01    8.39331E-01
    3.53400E+02    1.73332E-01    8.40858E-01
    3.53500E+02    1.73048E-01    8.41097E-01
    3.53600E+02    1.72924E-01    8.41202E-01
    3.53700E+02    1.73119E-01    8.41038E-01
    3.53800E+02    1.73256E-01    8.40922E-01
    3.53900E+02    1.73555E-01    8.40671E-01
    3.54000E+02    1.73915E-01    8.40368E-01
    3.54100E+02    1.74403E-01    8.39958E-01
    3.54200E+02    1.74917E-01    8.39527E-01
    3.54300E+02    1.75513E-01    8.39026E-01
    3.54400E+02    1.76282E-01    8.38382E-01
    3.54500E+02    1.77365E-01    8.37474E-01
    3.54600E+02    1.78476E-01    8.36544E-01
    3.54700E+02    1.80360E-01    8.34970E-01
    3.54800E+02    1.83861E-01    8.32052E-01
    3.54900E+02    1.93033E-01    8.24455E-01
    3.55000E+02    2.48301E-01    7.80125E-01
    3.55100E+02    2.02007E-01    8.17089E-01
    3.55200E+02    1.88304E-01    8.28363E-01
    3.55300E+02    1.84360E-01    8.31637E-01
    3.55400E+02    1.83128E-01    8.32662E-01
    3.55500E+02    1.82708E-01    8.33011E-01
    3.55600E+02    1.82672E-01    8.33041E-01
    3.55700E+02    1.82909E-01    8.32844E-01
    3.55800E+02    1.83304E-01    8.32515E-01
    3.55900E+02    1.83833E-01    8.32075E-01
    3.56000E+02    1.84587E-01    8.31448E-01
    3.56100E+02    1.86518E-01    8.29844E-01
    3.56200E+02    1.85851E-01    8.30397E-01
    3.56300E+02    1.86725E-01    8.29672E-01
    3.56400E+02    1.89994E-01    8.26964E-01
    3.56500E+02    1.88582E-01    8.28132E-01
    3.56600E+02    1.88881E-01    8.27885E-01
    3.56700E+02    1.89501E-01    8.27372E-01
    3.56800E+02    1.90265E-01    8.26740E-01
    3.56900E+02    1.91263E-01    8.25915E-01
    3.57000E+02    1.92465E-01    8.24923E-01
    3.57100E+02    1.93941E-01    8.23706E-01
    3.57200E+02    1.95889E-01    8.22104E-01
    3.57300E+02    1.99006E-01    8.19545E-01
    3.57400E+02    2.03787E-01    8.15636E-01
    3.57500E+02    2.15875E-01    8.05836E-01
    3.57600E+02    2.77856E-01    7.57406E-01
    3.57700E+02    2.38665E-01    7.87679E-01
    3.57800E+02    2.14450E-01    8.06985E-01
    3.57900E+02    2.10295E-01    8.10345E-01
    3.58000E+02    2.12415E-01    8.08629E-01
    3.58100E+02    2.24421E-01    7.98978E-01
    3.58200E+02    3.51754E-01    7.03453E-01
    3.58300E+02    2.27177E-01    7.96780E-01
    3.58400E+02    2.18381E-01    8.03819E-01
    3.58500E+02    2.19631E-01    8.02815E-01
    3.58600E+02    2.27156E-01    7.96797E-01
    3.58700E+02    2.48881E-01    7.79673E-01
    3.58800E+02    3.38698E-01    7.12698E-01
    3.58900E+02    3.54116E-01    7.01793E-01
    3.59000E+02    2.52597E-01    7.76781E-01
    3.59100E+02    2.31060E-01    7.93691E-01
    3.59200E+02    2.23790E-01    7.99483E-01
    3.59300E+02    2.21736E-01    8.01127E-01
    3.59400E+02    2.23152E-01    7.99993E-01
    3.59500E+02    2.30516E-01    7.94124E-01
    3.59600E+02    2.68225E-01    7.64735E-01
    3.59700E+02    2.66453E-01    7.66092E-01
    3.59800E+02    2.30934E-01    7.93792E-01
    3.59900E+02    2.24057E-01    7.99269E-01
    3.60000E+02    2.21773E-01    8.01097E-01
    3.60100E+02    2.20709E-01    8.01950E-01
    3.60200E+02    2.20611E-01    8.02028E-01
    3.60300E+02    2.21011E-01    8.01708E-01
    3.60400E+02    2.21620E-01    8.01220E-01
    3.60500E+02    2.22420E-01    8.00579E-01
    3.60600E+02    2.23396E-01    7.99798E-01
    3.60700E+02    2.24327E-01    7.99054E-01
    3.60800E+02    2.25444E-01    7.98162E-01
    3.60900E+02    2.26730E-01    7.97136E-01
    3.61000E+02    2.27855E-01    7.96240E-01
    3.61100E+02    2.29310E-01    7.95082E-01
    3.61200E+02    2.30729E-01    7.93955E-01
    3.61300E+02    2.32440E-01    7.92597E-01
    3.61400E+02    2.34591E-01    7.90895E-01
    3.61500E+02    2.38085E-01    7.88135E-01
    3.61600E+02    2.47686E-01    7.80605E-01
    3.61700E+02    2.61199E-01    7.70127E-01
    3.61800E+02    2.44523E-01    7.83078E-01
    3.61900E+02    2.42466E-01    7.84691E-01
    3.62000E+02    2.42796E-01    7.84432E-01
    3.62100E+02    2.43898E-01    7.83568E-01
    3.62200E+02    2.45451E-01    7.82351E-01
    3.62300E+02    2.47369E-01    7.80852E-01
    3.62400E+02    2.48510E-01    7.79962E-01
    3.62500E+02    2.50282E-01    7.78581E-01
    3.62600E+02    2.52771E-01    7.76646E-01
    3.62700E+02    2.54200E-01    7.75537E-01
    3.62800E+02    2.56317E-01    7.73897E-01
    3.62900E+02    2.58824E-01    7.71959E-01
    3.63000E+02    2.61223E-01    7.70109E-01
    3.63100E+02    2.64621E-01    7.67496E-01
    3.63200E+02    2.68028E-01    7.64886E-01
    3.63300E+02    2.74308E-01    7.60098E-01
    3.63400E+02    2.92376E-01    7.46488E-01
    3.63500E+02    3.19630E-01    7.26418E-01
    3.63600E+02    2.88331E-01    7.49514E-01
    3.63700E+02    2.85967E-01    7.51287E-01
    3.63800E+02    2.85029E-01    7.51992E-01
    3.63900E+02    2.87582E-01    7.50075E-01
    3.64000E+02    2.92102E-01    7.46692E-01
    3.64100E+02    2.98984E-01    7.41571E-01
    3.64200E+02    3.10763E-01    7.32888E-01
    3.64300E+02    3.37326E-01    7.13676E-01
    3.64400E+02    4.52861E-01    6.35806E-01
    3.64500E+02    4.41613E-01    6.42998E-01
    3.64600E+02    3.45501E-01    7.07866E-01
    3.64700E+02    3.26204E-01    7.21658E-01
    3.64800E+02    3.20966E-01    7.25448E-01
    3.64900E+02    3.20409E-01    7.25852E-01
    3.65000E+02    3.21969E-01    7.24721E-01
    3.65100E+02    3.24705E-01    7.22740E-01
    3.65200E+02    3.28256E-01    7.20179E-01
    3.65300E+02    3.32989E-01    7.16778E-01
    3.65400E+02    3.36969E-01    7.13931E-01
    3.65500E+02    3.41968E-01    7.10371E-01
    3.65600E+02    3.47508E-01    7.06447E-01
    3.65700E+02    3.53625E-01    7.02138E-01
    3.65800E+02    3.60885E-01    6.97059E-01
    3.65900E+02    3.67624E-01    6.92377E-01
    3.66000E+02    3.75108E-01    6.87215E-01
    3.66100E+02    3.83649E-01    6.81370E-01
    3.66200E+02    3.93236E-01    6.74869E-01
    3.66300E+02    4.03899E-01    6.67712E-01
    3.66400E+02    4.16254E-01    6.59513E-01
    3.66500E+02    4.31246E-01    6.49699E-01
    3.66600E+02    4.51861E-01    6.36442E-01
    3.66700E+02    4.93763E-01    6.10326E-01
    3.66800E+02    5.79819E-01    5.59999E-01
    3.66900E+02    5.11410E-01    5.99650E-01
    3.67000E+02    5.19000E-01    5.95115E-01
    3.67100E+02    5.38690E-01    5.83512E-01
    3.67200E+02    5.64714E-01    5.68523E-01
    3.67300E+02    5.96690E-01    5.50631E-01
    3.67400E+02    6.34366E-01    5.30272E-01
    3.67500E+02    6.79183E-01    5.07031E-01
    3.67600E+02    7.33511E-01    4.80220E-01
    3.67700E+02    7.99736E-01    4.49447E-01
    3.67800E+02    8.80838E-01    4.14435E-01
    3.67900E+02    9.83095E-01    3.74151E-01
    3.68000E+02    1.11326E+00    3.28486E-01
    3.68100E+02    1.28560E+00    2.76486E-01
    3.68200E+02    1.52354E+00    2.17940E-01
    3.68300E+02    1.88021E+00    1.52558E-01
    3.68400E+02    2.49788E+00    8.22594E-02
    3.68500E+02    5.08477E+00    6.19028E-03
    3.68600E+02    2.48027E+00    8.37209E-02
    3.68700E+02    1.88396E+00    1.51987E-01
    3.68800E+02    1.54540E+00    2.13226E-01
    3.68900E+02    1.32548E+00    2.65674E-01
    3.69000E+02    1.16357E+00    3.12368E-01
    3.69100E+02    1.03607E+00    3.54845E-01
    3.69200E+02    9.41952E-01    3.89866E-01
    3.69300E+02    8.69024E-01    4.19361E-01
    3.69400E+02    8.11446E-01    4.44215E-01
    3.69500E+02    7.65615E-01    4.65048E-01
    3.69600E+02    7.28913E-01    4.82433E-01
    3.69700E+02    6.99358E-01    4.96904E-01
    3.69800E+02    6.75616E-01    5.08843E-01
    3.69900E+02    6.56643E-01    5.18590E-01
    3.70000E+02    6.41925E-01    5.26278E-01
    3.70100E+02    6.29925E-01    5.32632E-01
    3.70200E+02    6.20341E-01    5.37761E-01
    3.70300E+02    6.13438E-01    5.41486E-01
    3.70400E+02    6.08661E-01    5.44079E-01
    3.70500E+02    6.05805E-01    5.45635E-01
    3.70600E+02    6.04855E-01    5.46154E-01
    3.70700E+02    6.06127E-01    5.45459E-01
    3.70800E+02    6.10655E-01    5.42995E-01
    3.70900E+02    6.24068E-01    5.35760E-01
    3.71000E+02    7.00665E-01    4.96255E-01
    3.71100E+02    6.44754E-01    5.24792E-01
    3.71200E+02    6.25460E-01    5.35016E-01
    3.71300E+02    6.23779E-01    5.35915E-01
    3.71400E+02    6.26537E-01    5.34439E-01
    3.71500E+02    6.31293E-01    5.31904E-01
    3.71600E+02    6.37219E-01    5.28761E-01
    3.71700E+02    6.44099E-01    5.25136E-01
    3.71800E+02    6.51755E-01    5.21130E-01
    3.71900E+02    6.60091E-01    5.16805E-01
    3.72000E+02    6.69205E-01    5.12115E-01
    3.72100E+02    6.78714E-01    5.07269E-01
    3.72200E+02    6.88956E-01    5.02100E-01
    3.72300E+02    6.99854E-01    4.96658E-01
    3.72400E+02    7.11346E-01    4.90983E-01
    3.72500E+02    7.23522E-01    4.85041E-01
    3.72600E+02    7.36452E-01    4.78810E-01
    3.72700E+02    7.49939E-01    4.72395E-01
    3.72800E+02    7.63902E-01    4.65845E-01
    3.72900E+02    7.78881E-01    4.58919E-01
    3.73000E+02    7.96511E-01    4.50899E-01
    3.73100E+02    8.10623E-01    4.44581E-01
    3.73200E+02    8.27599E-01    4.37098E-01
    3.73300E+02    8.45070E-01    4.29527E-01
    3.73400E+02    8.63614E-01    4.21636E-01
    3.73500E+02    8.83221E-01    4.13449E-01
    3.73600E+02    9.03542E-01    4.05132E-01
    3.73700E+02    9.24876E-01    3.96580E-01
    3.73800E+02    9.47342E-01    3.87771E-01
    3.73900E+02    9.70901E-01    3.78742E-01
    3.74000E+02    9.95486E-01    3.69544E-01
    3.74100E+02    1.02144E+00    3.60077E-01
    3.74200E+02    1.04866E+00    3.50408E-01
    3.74300E+02    1.07770E+00    3.40377E-01
    3.74400E+02    1.10736E+00    3.30431E-01
    3.74500E+02    1.13881E+00    3.20201E-01
    3.74600E+02    1.17230E+00    3.09655E-01
    3.74700E+02    1.20788E+00    2.98830E-01
    3.74800E+02    1.24616E+00    2.87607E-01
    3.74900E+02    1.28832E+00    2.75733E-01
    3.75000E+02    1.33800E+00    2.62369E-01
    3.75100E+02    1.41413E+00    2.43138E-01
    3.75200E+02    1.55403E+00    2.11394E-01
    3.75300E+02    1.48514E+00    2.26470E-01
    3.75400E+02    1.51614E+00    2.19558E-01
    3.75500E+02    1.56218E+00    2.09679E-01
    3.75600E+02    1.61455E+00    1.98980E-01
    3.75700E+02    1.67177E+00    1.87913E-01
    3.75800E+02    1.73345E+00    1.76673E-01
    3.75900E+02    1.80054E+00    1.65209E-01
    3.76000E+02    1.87542E+00    1.53291E-01
    3.76100E+02    1.94865E+00    1.42467E-01
    3.76200E+02    2.04950E+00    1.28799E-01
    3.76300E+02    2.12224E+00    1.19763E-01
    3.76400E+02    2.19737E+00    1.11095E-01
    3.76500E+02    2.28915E+00    1.01353E-01
    3.76600E+02    2.38935E+00    9.16891E-02
    3.76700E+02    2.49723E+00    8.23123E-02
    3.76800E+02    2.61281E+00    7.33283E-02
    3.76900E+02    2.73676E+00    6.47799E-02
    3.77000E+02    2.86991E+00    5.67038E-02
    3.77100E+02    3.01250E+00    4.91687E-02
    3.77200E+02    3.16588E+00    4.21771E-02
    3.77300E+02    3.33083E+00    3.57633E-02
    3.77400E+02    3.50835E+00    2.99462E-02
    3.77500E+02    3.69998E+00    2.47240E-02
    3.77600E+02    3.90606E+00    2.01197E-02
    3.77700E+02    4.12893E+00    1.61000E-02
    3.77800E+02    4.36996E+00    1.26518E-02
    3.77900E+02    4.63124E+00    9.74269E-03
    3.78000E+02    4.91493E+00    7.33624E-03
    3.78100E+02    5.22674E+00    5.37103E-03
    3.78200E+02    5.58568E+00    3.75118E-03
    3.78300E+02    6.04432E+00    2.37129E-03
    3.78400E+02    6.30727E+00    1.82300E-03
    3.78500E+02    6.70647E+00    1.22298E-03
    3.78600E+02    7.15239E+00    7.82994E-04
    3.78700E+02    7.67599E+00    4.63833E-04
    3.78800E+02    8.14573E+00    2.89971E-04
    3.78900E+02    8.69365E+00    1.67646E-04
    3.79000E+02    9.28288E+00    9.30029E-05
    3.79100E+02    9.91084E+00    4.96335E-05
    3.79200E+02    1.05731E+01    2.55964E-05
    3.79300E+02    1.12655E+01    1.28068E-05
    3.79400E+02    1.19822E+01    6.25478E-06
    3.79500E+02    1.27132E+01    3.01117E-06
    3.79600E+02    1.34449E+01    1.44855E-06
    3.79700E+02    1.41596E+01    7.08859E-07
    3.79800E+02    1.48347E+01    3.60899E-07
    3.79900E+02    1.54412E+01    1.96780E-07
    3.80000E+02    1.59450E+01    1.18894E-07
    3.80100E+02    1.63041E+01    8.30247E-08
    3.80200E+02    1.64541E+01    7.14644E-08
    3.80300E+02    1.63078E+01    8.27213E-08
    3.80400E+02    1.59568E+01    1.17508E-07
    3.80500E+02    1.54625E+01    1.92629E-07
    3.80600E+02    1.48648E+01    3.50202E-07
    3.80700E+02    1.41996E+01    6.81098E-07
    3.80800E+02    1.34938E+01    1.37953E-06
    3.80900E+02    1.27700E+01    2.84476E-06
    3.81000E+02    1.20470E+01    5.86183E-06
    3.81100E+02    1.13368E+01    1.19257E-05
    3.81200E+02    1.06491E+01    2.37221E-05
    3.81300E+02    9.99140E+00    4.57922E-05
    3.81400E+02    9.36745E+00    8.54608E-05
    3.81500E+02    8.77881E+00    1.53961E-04
    3.81600E+02    8.22760E+00    2.67176E-04
    3.81700E+02    7.71242E+00    4.47238E-04
    3.81800E+02    7.23254E+00    7.22686E-04
    3.81900E+02    6.78716E+00    1.12817E-03
    3.82000E+02    6.37446E+00    1.70455E-03
    3.82100E+02    5.99396E+00    2.49376E-03
    3.82200E+02    5.63978E+00    3.55365E-03
    3.82300E+02    5.30962E+00    4.94380E-03
    3.82400E+02    5.00615E+00    6.69661E-03
    3.82500E+02    4.72547E+00    8.86658E-03
    3.82600E+02    4.46572E+00    1.14964E-02
    3.82700E+02    4.22529E+00    1.46211E-02
    3.82800E+02    4.00254E+00    1.82692E-02
    3.82900E+02    3.79542E+00    2.24735E-02
    3.83000E+02    3.60349E+00    2.72286E-02
    3.83100E+02    3.42519E+00    3.25429E-02
    3.83200E+02    3.25945E+00    3.84096E-02
    3.83300E+02    3.10584E+00    4.47869E-02
    3.83400E+02    2.96152E+00    5.17402E-02
    3.83500E+02    2.82703E+00    5.91883E-02
    3.83600E+02    2.70173E+00    6.70893E-02
    3.83700E+02    2.58459E+00    7.54272E-02
    3.83800E+02    2.47515E+00    8.41501E-02
    3.83900E+02    2.37257E+00    9.32405E-02
    3.84000E+02    2.27638E+00    1.02655E-01
    3.84100E+02    2.18615E+00    1.12349E-01
    3.84200E+02    2.10142E+00    1.22283E-01
    3.84300E+02    2.02174E+00    1.32425E-01
    3.84400E+02    1.94683E+00    1.42726E-01
    3.84500E+02    1.87638E+00    1.53144E-01
    3.84600E+02    1.81071E+00    1.63539E-01
    3.84700E+02    1.74764E+00    1.74184E-01
    3.84800E+02    1.68792E+00    1.84904E-01
    3.84900E+02    1.63161E+00    1.95614E-01
    3.85000E+02    1.57844E+00    2.06297E-01
    3.85100E+02    1.52830E+00    2.16905E-01
    3.85200E+02    1.48073E+00    2.27472E-01
    3.85300E+02    1.43668E+00    2.37715E-01
    3.85400E+02    1.39267E+00    2.48410E-01
    3.85500E+02    1.35192E+00    2.58744E-01
    3.85600E+02    1.31326E+00    2.68942E-01
    3.85700E+02    1.27642E+00    2.79033E-01
    3.85800E+02    1.24128E+00    2.89015E-01
    3.85900E+02    1.20770E+00    2.98883E-01
    3.86000E+02    1.17562E+00    3.08626E-01
    3.86100E+02    1.14514E+00    3.18179E-01
    3.86200E+02    1.11604E+00    3.27573E-01
    3.86300E+02    1.08855E+00    3.36703E-01
    3.86400E+02    1.06179E+00    3.45835E-01
    3.86500E+02    1.03656E+00    3.54673E-01
    3.86600E+02    1.01287E+00    3.63174E-01
    3.86700E+02    9.90100E-01    3.71540E-01
    3.86800E+02    9.69780E-01    3.79166E-01
    3.86900E+02    9.50674E-01    3.86481E-01
    3.87000E+02    9.38186E-01    3.91337E-01
    3.87100E+02    9.78546E-01    3.75857E-01
    3.87200E+02    9.20840E-01    3.98184E-01
    3.87300E+02    9.73097E-01    3.77911E-01
    3.87400E+02    8.71120E-01    4.18483E-01
    3.87500E+02    8.42288E-01    4.30724E-01
    3.87600E+02    8.21302E-01    4.39858E-01
    3.87700E+02    8.03737E-01    4.47653E-01
    3.87800E+02    7.87772E-01    4.54857E-01
    3.87900E+02    7.72893E-01    4.61675E-01
    3.88000E+02    7.59106E-01    4.68084E-01
    3.88100E+02    7.45284E-01    4.74600E-01
    3.88200E+02    7.32431E-01    4.80739E-01
    3.88300E+02    7.20154E-01    4.86677E-01
    3.88400E+02    7.08433E-01    4.92415E-01
    3.88500E+02    6.97213E-01    4.97971E-01
    3.88600E+02    6.86475E-01    5.03347E-01
    3.88700E+02    6.76196E-01    5.08548E-01
    3.88800E+02    6.66413E-01    5.13547E-01
    3.88900E+02    6.57407E-01    5.18193E-01
    3.89000E+02    6.48104E-01    5.23036E-01
    3.89100E+02    6.39324E-01    5.27649E-01
    3.89200E+02    6.31061E-01    5.32027E-01
    3.89300E+02    6.23260E-01    5.36193E-01
    3.89400E+02    6.15730E-01    5.40246E-01
    3.89500E+02    6.08452E-01    5.44193E-01
    3.89600E+02    6.01581E-01    5.47945E-01
    3.89700E+02    5.94978E-01    5.51575E-01
    3.89800E+02    5.88647E-01    5.55078E-01
    3.89900E+02    5.82558E-01    5.58468E-01
    3.90000E+02    5.76738E-01    5.61728E-01
    3.90100E+02    5.70952E-01    5.64987E-01
    3.90200E+02    5.65209E-01    5.68242E-01
    3.90300E+02    5.59637E-01    5.71417E-01
    3.90400E+02    5.53913E-01    5.74697E-01
    3.90500E+02    5.48273E-01    5.77947E-01
    3.90600E+02    5.42394E-01    5.81355E-01
    3.90700E+02    5.36189E-01    5.84973E-01
    3.90800E+02    5.29892E-01    5.88668E-01
    3.90900E+02    5.23554E-01    5.92411E-01
    3.91000E+02    5.17199E-01    5.96188E-01
    3.91100E+02    5.10909E-01    5.99950E-01
    3.91200E+02    5.04779E-01    6.03639E-01
    3.91300E+02    4.99411E-01    6.06888E-01
    3.91400E+02    4.92918E-01    6.10842E-01
    3.91500E+02    4.87501E-01    6.14159E-01
    3.91600E+02    4.81295E-01    6.17983E-01
    3.91700E+02    4.75837E-01    6.21365E-01
    3.91800E+02    4.70790E-01    6.24509E-01
    3.91900E+02    4.67043E-01    6.26853E-01
    3.92000E+02    4.61613E-01    6.30266E-01
    3.92100E+02    4.57417E-01    6.32916E-01
    3.92200E+02    4.54059E-01    6.35045E-01
    3.92300E+02    4.52122E-01    6.36277E-01
    3.92400E+02    4.53298E-01    6.35529E-01
    3.92500E+02    4.62911E-01    6.29449E-01
    3.92600E+02    5.19661E-01    5.94722E-01
    3.92700E+02    5.28572E-01    5.89446E-01
    3.92800E+02    4.52947E-01    6.35752E-01
    3.92900E+02    4.33371E-01    6.48320E-01
    3.93000E+02    4.23726E-01    6.54603E-01
    3.93100E+02    4.17281E-01    6.58836E-01
    3.93200E+02    4.12330E-01    6.62106E-01
    3.93300E+02    4.07786E-01    6.65121E-01
    3.93400E+02    4.03882E-01    6.67723E-01
    3.93500E+02    4.00071E-01    6.70272E-01
    3.93600E+02    3.96566E-01    6.72626E-01
    3.93700E+02    3.93284E-01    6.74837E-01
    3.93800E+02    3.90173E-01    6.76940E-01
    3.93900E+02    3.87232E-01    6.78934E-01
    3.94000E+02    3.84429E-01    6.80839E-01
    3.94100E+02    3.81834E-01    6.82609E-01
    3.94200E+02    3.79007E-01    6.84541E-01
    3.94300E+02    3.76350E-01    6.86362E-01
    3.94400E+02    3.73844E-01    6.88084E-01
    3.94500E+02    3.71497E-01    6.89701E-01
    3.94600E+02    3.69280E-01    6.91232E-01
    3.94700E+02    3.67258E-01    6.92631E-01
    3.94800E+02    3.65616E-01    6.93769E-01
    3.94900E+02    3.64913E-01    6.94257E-01
    3.95000E+02    3.68860E-01    6.91522E-01
    3.95100E+02    3.72112E-01    6.89277E-01
    3.95200E+02    3.59516E-01    6.98014E-01
    3.95300E+02    3.55587E-01    7.00762E-01
    3.95400E+02    3.53072E-01    7.02527E-01
    3.95500E+02    3.50863E-01    7.04080E-01
    3.95600E+02    3.48942E-01    7.05434E-01
    3.95700E+02    3.47199E-01    7.06665E-01
    3.95800E+02    3.45595E-01    7.07799E-01
    3.95900E+02    3.44162E-01    7.08814E-01
    3.96000E+02    3.42931E-01    7.09687E-01
    3.96100E+02    3.42054E-01    7.10310E-01
    3.96200E+02    3.41814E-01    7.10480E-01
    3.96300E+02    3.43121E-01    7.09553E-01
    3.96400E+02    3.49608E-01    7.04964E-01
    3.96500E+02    3.94656E-01    6.73912E-01
    3.96600E+02    3.62002E-01    6.96281E-01
    3.96700E+02    3.42031E-01    7.10326E-01
    3.96800E+02    3.37058E-01    7.13867E-01
    3.96900E+02    3.37523E-01    7.13535E-01
    3.97000E+02    3.59215E-01    6.98224E-01
    3.97100E+02    3.40188E-01    7.11637E-01
    3.97200E+02    3.29528E-01    7.19263E-01
    3.97300E+02    3.25790E-01    7.21956E-01
    3.97400E+02    3.23548E-01    7.23577E-01
    3.97500E+02    3.21786E-01    7.24854E-01
    3.97600E+02    3.20312E-01    7.25923E-01
    3.97700E+02    3.18990E-01    7.26883E-01
    3.97800E+02    3.17790E-01    7.27756E-01
    3.97900E+02    3.16704E-01    7.28546E-01
    3.98000E+02    3.15594E-01    7.29356E-01
    3.98100E+02    3.14518E-01    7.30141E-01
    3.98200E+02    3.13531E-01    7.30861E-01
    3.98300E+02    3.12600E-01    7.31543E-01
    3.98400E+02    3.11721E-01    7.32186E-01
    3.98500E+02    3.10883E-01    7.32800E-01
    3.98600E+02    3.10096E-01    7.33377E-01
    3.98700E+02    3.09355E-01    7.33920E-01
    3.98800E+02    3.08676E-01    7.34418E-01
    3.98900E+02    3.08068E-01    7.34865E-01
    3.99000E+02    3.07550E-01    7.35246E-01
    3.99100E+02    3.07202E-01    7.35502E-01
    3.99200E+02    3.07552E-01    7.35245E-01
    3.99300E+02    3.07639E-01    7.35181E-01
    3.99400E+02    3.06584E-01    7.35957E-01
    3.99500E+02    3.06956E-01    7.35683E-01
    3.99600E+02    3.06787E-01    7.35808E-01
    3.99700E+02    3.07863E-01    7.35016E-01
    3.99800E+02    3.10449E-01    7.33117E-01
    3.99900E+02    3.17086E-01    7.28268E-01

