#	Freq	Err	Trans
    2.99900E+02    2.57474E-01    7.73002E-01
    3.00000E+02    2.57801E-01    7.72749E-01
    3.00100E+02    2.58299E-01    7.72364E-01
    3.00200E+02    2.58785E-01    7.71989E-01
    3.00300E+02    2.59445E-01    7.71479E-01
    3.00400E+02    2.60517E-01    7.70653E-01
    3.00500E+02    2.62582E-01    7.69064E-01
    3.00600E+02    2.68654E-01    7.64408E-01
    3.00700E+02    2.92024E-01    7.46751E-01
    3.00800E+02    2.67112E-01    7.65588E-01
    3.00900E+02    2.64167E-01    7.67845E-01
    3.01000E+02    2.63680E-01    7.68219E-01
    3.01100E+02    2.63944E-01    7.68017E-01
    3.01200E+02    2.64730E-01    7.67413E-01
    3.01300E+02    2.66118E-01    7.66349E-01
    3.01400E+02    2.68375E-01    7.64621E-01
    3.01500E+02    2.72348E-01    7.61589E-01
    3.01600E+02    2.80638E-01    7.55301E-01
    3.01700E+02    3.04354E-01    7.37599E-01
    3.01800E+02    4.70388E-01    6.24760E-01
    3.01900E+02    3.19313E-01    7.26648E-01
    3.02000E+02    2.85953E-01    7.51298E-01
    3.02100E+02    2.76321E-01    7.58570E-01
    3.02200E+02    2.72446E-01    7.61515E-01
    3.02300E+02    2.70711E-01    7.62837E-01
    3.02400E+02    2.69999E-01    7.63381E-01
    3.02500E+02    2.69958E-01    7.63412E-01
    3.02600E+02    2.70267E-01    7.63175E-01
    3.02700E+02    2.71001E-01    7.62616E-01
    3.02800E+02    2.72476E-01    7.61492E-01
    3.02900E+02    2.75418E-01    7.59255E-01
    3.03000E+02    2.82468E-01    7.53920E-01
    3.03100E+02    3.08008E-01    7.34909E-01
    3.03200E+02    3.33290E-01    7.16562E-01
    3.03300E+02    2.87264E-01    7.50314E-01
    3.03400E+02    2.78392E-01    7.57000E-01
    3.03500E+02    2.75451E-01    7.59230E-01
    3.03600E+02    2.74475E-01    7.59971E-01
    3.03700E+02    2.73603E-01    7.60634E-01
    3.03800E+02    2.73434E-01    7.60762E-01
    3.03900E+02    2.73543E-01    7.60680E-01
    3.04000E+02    2.73749E-01    7.60523E-01
    3.04100E+02    2.74067E-01    7.60281E-01
    3.04200E+02    2.74471E-01    7.59974E-01
    3.04300E+02    2.74943E-01    7.59615E-01
    3.04400E+02    2.75486E-01    7.59203E-01
    3.04500E+02    2.76109E-01    7.58730E-01
    3.04600E+02    2.76847E-01    7.58171E-01
    3.04700E+02    2.77802E-01    7.57447E-01
    3.04800E+02    2.79675E-01    7.56029E-01
    3.04900E+02    2.79076E-01    7.56482E-01
    3.05000E+02    2.78847E-01    7.56656E-01
    3.05100E+02    2.78976E-01    7.56558E-01
    3.05200E+02    2.79164E-01    7.56416E-01
    3.05300E+02    2.79453E-01    7.56197E-01
    3.05400E+02    2.79799E-01    7.55936E-01
    3.05500E+02    2.80183E-01    7.55645E-01
    3.05600E+02    2.80601E-01    7.55330E-01
    3.05700E+02    2.81041E-01    7.54998E-01
    3.05800E+02    2.81503E-01    7.54649E-01
    3.05900E+02    2.81998E-01    7.54275E-01
    3.06000E+02    2.82517E-01    7.53884E-01
    3.06100E+02    2.82995E-01    7.53524E-01
    3.06200E+02    2.83516E-01    7.53131E-01
    3.06300E+02    2.84049E-01    7.52730E-01
    3.06400E+02    2.84603E-01    7.52313E-01
    3.06500E+02    2.85149E-01    7.51902E-01
    3.06600E+02    2.85718E-01    7.51475E-01
    3.06700E+02    2.86300E-01    7.51037E-01
    3.06800E+02    2.86901E-01    7.50586E-01
    3.06900E+02    2.87584E-01    7.50074E-01
    3.07000E+02    2.88142E-01    7.49655E-01
    3.07100E+02    2.88727E-01    7.49217E-01
    3.07200E+02    2.89364E-01    7.48740E-01
    3.07300E+02    2.90213E-01    7.48104E-01
    3.07400E+02    2.90948E-01    7.47554E-01
    3.07500E+02    2.91784E-01    7.46930E-01
    3.07600E+02    2.92237E-01    7.46592E-01
    3.07700E+02    2.92857E-01    7.46129E-01
    3.07800E+02    2.93529E-01    7.45628E-01
    3.07900E+02    2.94227E-01    7.45107E-01
    3.08000E+02    2.94931E-01    7.44583E-01
    3.08100E+02    2.95654E-01    7.44045E-01
    3.08200E+02    2.96400E-01    7.43490E-01
    3.08300E+02    2.97170E-01    7.42917E-01
    3.08400E+02    2.97999E-01    7.42302E-01
    3.08500E+02    2.99094E-01    7.41489E-01
    3.08600E+02    3.00296E-01    7.40599E-01
    3.08700E+02    3.00448E-01    7.40486E-01
    3.08800E+02    3.01290E-01    7.39863E-01
    3.08900E+02    3.02158E-01    7.39221E-01
    3.09000E+02    3.02811E-01    7.38739E-01
    3.09100E+02    3.03655E-01    7.38115E-01
    3.09200E+02    3.04591E-01    7.37425E-01
    3.09300E+02    3.05536E-01    7.36729E-01
    3.09400E+02    3.06631E-01    7.35922E-01
    3.09500E+02    3.07440E-01    7.35327E-01
    3.09600E+02    3.08509E-01    7.34541E-01
    3.09700E+02    3.09751E-01    7.33629E-01
    3.09800E+02    3.11366E-01    7.32446E-01
    3.09900E+02    3.13879E-01    7.30607E-01
    3.10000E+02    3.21017E-01    7.25411E-01
    3.10100E+02    3.27539E-01    7.20695E-01
    3.10200E+02    3.17645E-01    7.27861E-01
    3.10300E+02    3.16602E-01    7.28621E-01
    3.10400E+02    3.16725E-01    7.28531E-01
    3.10500E+02    3.17345E-01    7.28079E-01
    3.10600E+02    3.18130E-01    7.27509E-01
    3.10700E+02    3.19007E-01    7.26870E-01
    3.10800E+02    3.19940E-01    7.26193E-01
    3.10900E+02    3.20911E-01    7.25488E-01
    3.11000E+02    3.21923E-01    7.24754E-01
    3.11100E+02    3.23019E-01    7.23960E-01
    3.11200E+02    3.24039E-01    7.23222E-01
    3.11300E+02    3.25079E-01    7.22470E-01
    3.11400E+02    3.26175E-01    7.21679E-01
    3.11500E+02    3.27315E-01    7.20857E-01
    3.11600E+02    3.28564E-01    7.19957E-01
    3.11700E+02    3.29739E-01    7.19111E-01
    3.11800E+02    3.30882E-01    7.18290E-01
    3.11900E+02    3.32086E-01    7.17426E-01
    3.12000E+02    3.33356E-01    7.16515E-01
    3.12100E+02    3.34662E-01    7.15580E-01
    3.12200E+02    3.36002E-01    7.14622E-01
    3.12300E+02    3.37380E-01    7.13637E-01
    3.12400E+02    3.38799E-01    7.12625E-01
    3.12500E+02    3.40305E-01    7.11553E-01
    3.12600E+02    3.41811E-01    7.10483E-01
    3.12700E+02    3.43252E-01    7.09460E-01
    3.12800E+02    3.44809E-01    7.08356E-01
    3.12900E+02    3.46675E-01    7.07035E-01
    3.13000E+02    3.48029E-01    7.06078E-01
    3.13100E+02    3.49657E-01    7.04930E-01
    3.13200E+02    3.51280E-01    7.03787E-01
    3.13300E+02    3.52995E-01    7.02580E-01
    3.13400E+02    3.54771E-01    7.01334E-01
    3.13500E+02    3.56631E-01    7.00031E-01
    3.13600E+02    3.58661E-01    6.98611E-01
    3.13700E+02    3.60221E-01    6.97522E-01
    3.13800E+02    3.62079E-01    6.96227E-01
    3.13900E+02    3.64039E-01    6.94864E-01
    3.14000E+02    3.66574E-01    6.93105E-01
    3.14100E+02    3.67870E-01    6.92207E-01
    3.14200E+02    3.69809E-01    6.90866E-01
    3.14300E+02    3.71846E-01    6.89461E-01
    3.14400E+02    3.73951E-01    6.88011E-01
    3.14500E+02    3.76125E-01    6.86517E-01
    3.14600E+02    3.78374E-01    6.84974E-01
    3.14700E+02    3.80705E-01    6.83380E-01
    3.14800E+02    3.83129E-01    6.81725E-01
    3.14900E+02    3.85657E-01    6.80004E-01
    3.15000E+02    3.88313E-01    6.78200E-01
    3.15100E+02    3.91148E-01    6.76280E-01
    3.15200E+02    3.94099E-01    6.74288E-01
    3.15300E+02    3.97326E-01    6.72115E-01
    3.15400E+02    4.00942E-01    6.69689E-01
    3.15500E+02    4.05216E-01    6.66833E-01
    3.15600E+02    4.10823E-01    6.63105E-01
    3.15700E+02    4.20011E-01    6.57040E-01
    3.15800E+02    4.45013E-01    6.40816E-01
    3.15900E+02    4.97673E-01    6.07944E-01
    3.16000E+02    4.40450E-01    6.43746E-01
    3.16100E+02    4.38232E-01    6.45176E-01
    3.16200E+02    4.50865E-01    6.37077E-01
    3.16300E+02    5.22935E-01    5.92778E-01
    3.16400E+02    4.76002E-01    6.21262E-01
    3.16500E+02    4.52441E-01    6.36074E-01
    3.16600E+02    4.50493E-01    6.37314E-01
    3.16700E+02    4.58903E-01    6.31977E-01
    3.16800E+02    4.52601E-01    6.35972E-01
    3.16900E+02    4.54972E-01    6.34466E-01
    3.17000E+02    4.59123E-01    6.31837E-01
    3.17100E+02    4.65538E-01    6.27797E-01
    3.17200E+02    4.87201E-01    6.14343E-01
    3.17300E+02    4.74149E-01    6.22415E-01
    3.17400E+02    4.76962E-01    6.20666E-01
    3.17500E+02    4.81452E-01    6.17886E-01
    3.17600E+02    4.86589E-01    6.14719E-01
    3.17700E+02    4.92144E-01    6.11314E-01
    3.17800E+02    4.98007E-01    6.07740E-01
    3.17900E+02    5.04154E-01    6.04016E-01
    3.18000E+02    5.10614E-01    6.00127E-01
    3.18100E+02    5.17439E-01    5.96045E-01
    3.18200E+02    5.24488E-01    5.91858E-01
    3.18300E+02    5.31921E-01    5.87475E-01
    3.18400E+02    5.39716E-01    5.82914E-01
    3.18500E+02    5.47927E-01    5.78147E-01
    3.18600E+02    5.56429E-01    5.73253E-01
    3.18700E+02    5.65425E-01    5.68118E-01
    3.18800E+02    5.74879E-01    5.62773E-01
    3.18900E+02    5.84831E-01    5.57200E-01
    3.19000E+02    5.95306E-01    5.51394E-01
    3.19100E+02    6.06368E-01    5.45328E-01
    3.19200E+02    6.18163E-01    5.38934E-01
    3.19300E+02    6.30557E-01    5.32295E-01
    3.19400E+02    6.43868E-01    5.25257E-01
    3.19500E+02    6.57884E-01    5.17946E-01
    3.19600E+02    6.73262E-01    5.10042E-01
    3.19700E+02    6.90551E-01    5.01300E-01
    3.19800E+02    7.11584E-01    4.90866E-01
    3.19900E+02    7.44906E-01    4.74779E-01
    3.20000E+02    8.98969E-01    4.06989E-01
    3.20100E+02    7.79574E-01    4.58601E-01
    3.20200E+02    7.84500E-01    4.56348E-01
    3.20300E+02    8.00745E-01    4.48994E-01
    3.20400E+02    8.20806E-01    4.40077E-01
    3.20500E+02    8.42888E-01    4.30465E-01
    3.20600E+02    8.66647E-01    4.20359E-01
    3.20700E+02    8.91627E-01    4.09988E-01
    3.20800E+02    9.17746E-01    3.99418E-01
    3.20900E+02    9.44764E-01    3.88771E-01
    3.21000E+02    9.72530E-01    3.78125E-01
    3.21100E+02    1.00092E+00    3.67541E-01
    3.21200E+02    1.02958E+00    3.57157E-01
    3.21300E+02    1.05865E+00    3.46925E-01
    3.21400E+02    1.08846E+00    3.36734E-01
    3.21500E+02    1.11947E+00    3.26454E-01
    3.21600E+02    1.15184E+00    3.16054E-01
    3.21700E+02    1.18628E+00    3.05356E-01
    3.21800E+02    1.22315E+00    2.94303E-01
    3.21900E+02    1.26302E+00    2.82799E-01
    3.22000E+02    1.30850E+00    2.70224E-01
    3.22100E+02    1.35289E+00    2.58492E-01
    3.22200E+02    1.40261E+00    2.45954E-01
    3.22300E+02    1.45675E+00    2.32992E-01
    3.22400E+02    1.51583E+00    2.19625E-01
    3.22500E+02    1.58001E+00    2.05973E-01
    3.22600E+02    1.64967E+00    1.92113E-01
    3.22700E+02    1.72549E+00    1.78086E-01
    3.22800E+02    1.80741E+00    1.64079E-01
    3.22900E+02    1.89661E+00    1.50077E-01
    3.23000E+02    1.99349E+00    1.36219E-01
    3.23100E+02    2.09871E+00    1.22615E-01
    3.23200E+02    2.21295E+00    1.09377E-01
    3.23300E+02    2.33689E+00    9.66280E-02
    3.23400E+02    2.47128E+00    8.44769E-02
    3.23500E+02    2.61686E+00    7.30317E-02
    3.23600E+02    2.77445E+00    6.23835E-02
    3.23700E+02    2.94960E+00    5.23608E-02
    3.23800E+02    3.12638E+00    4.38763E-02
    3.23900E+02    3.32111E+00    3.61127E-02
    3.24000E+02    3.52897E+00    2.93352E-02
    3.24100E+02    3.74920E+00    2.35365E-02
    3.24200E+02    3.98104E+00    1.86662E-02
    3.24300E+02    4.22191E+00    1.46706E-02
    3.24400E+02    4.46933E+00    1.14550E-02
    3.24500E+02    4.71914E+00    8.92286E-03
    3.24600E+02    4.96599E+00    6.97106E-03
    3.24700E+02    5.20262E+00    5.50212E-03
    3.24800E+02    5.42008E+00    4.42679E-03
    3.24900E+02    5.60801E+00    3.66838E-03
    3.25000E+02    5.75362E+00    3.17128E-03
    3.25100E+02    5.84257E+00    2.90138E-03
    3.25200E+02    5.84855E+00    2.88408E-03
    3.25300E+02    5.76956E+00    3.12112E-03
    3.25400E+02    5.63292E+00    3.57811E-03
    3.25500E+02    5.45243E+00    4.28590E-03
    3.25600E+02    5.24128E+00    5.29346E-03
    3.25700E+02    5.00944E+00    6.67461E-03
    3.25800E+02    4.76667E+00    8.50864E-03
    3.25900E+02    4.51977E+00    1.08915E-02
    3.26000E+02    4.27454E+00    1.39184E-02
    3.26100E+02    4.03503E+00    1.76851E-02
    3.26200E+02    3.80418E+00    2.22775E-02
    3.26300E+02    3.58456E+00    2.77489E-02
    3.26400E+02    3.37820E+00    3.41087E-02
    3.26500E+02    3.18590E+00    4.13410E-02
    3.26600E+02    3.00397E+00    4.95898E-02
    3.26700E+02    2.84224E+00    5.82948E-02
    3.26800E+02    2.71320E+00    6.63241E-02
    3.26900E+02    2.83665E+00    5.86215E-02
    3.27000E+02    2.42988E+00    8.80473E-02
    3.27100E+02    2.27255E+00    1.03049E-01
    3.27200E+02    2.14577E+00    1.16978E-01
    3.27300E+02    2.03338E+00    1.30893E-01
    3.27400E+02    1.93132E+00    1.44957E-01
    3.27500E+02    1.83796E+00    1.59142E-01
    3.27600E+02    1.75263E+00    1.73318E-01
    3.27700E+02    1.67635E+00    1.87055E-01
    3.27800E+02    1.61520E+00    1.98850E-01
    3.27900E+02    1.54366E+00    2.13597E-01
    3.28000E+02    1.46955E+00    2.30029E-01
    3.28100E+02    1.40811E+00    2.44605E-01
    3.28200E+02    1.35246E+00    2.58602E-01
    3.28300E+02    1.30110E+00    2.72233E-01
    3.28400E+02    1.25343E+00    2.85523E-01
    3.28500E+02    1.20918E+00    2.98441E-01
    3.28600E+02    1.16778E+00    3.11057E-01
    3.28700E+02    1.12915E+00    3.23308E-01
    3.28800E+02    1.09311E+00    3.35173E-01
    3.28900E+02    1.05935E+00    3.46683E-01
    3.29000E+02    1.02775E+00    3.57810E-01
    3.29100E+02    9.98186E-01    3.68547E-01
    3.29200E+02    9.70297E-01    3.78971E-01
    3.29300E+02    9.44248E-01    3.88972E-01
    3.29400E+02    9.19500E-01    3.98718E-01
    3.29500E+02    8.96335E-01    4.08062E-01
    3.29600E+02    8.74629E-01    4.17017E-01
    3.29700E+02    8.54104E-01    4.25664E-01
    3.29800E+02    8.35545E-01    4.33638E-01
    3.29900E+02    8.16189E-01    4.42113E-01
    3.30000E+02    7.98694E-01    4.49916E-01
    3.30100E+02    7.82238E-01    4.57381E-01
    3.30200E+02    7.66681E-01    4.64553E-01
    3.30300E+02    7.51933E-01    4.71454E-01
    3.30400E+02    7.37967E-01    4.78085E-01
    3.30500E+02    7.24688E-01    4.84476E-01
    3.30600E+02    7.12119E-01    4.90604E-01
    3.30700E+02    7.00173E-01    4.96499E-01
    3.30800E+02    6.88795E-01    5.02181E-01
    3.30900E+02    6.78005E-01    5.07629E-01
    3.31000E+02    6.67779E-01    5.12847E-01
    3.31100E+02    6.58009E-01    5.17881E-01
    3.31200E+02    6.48677E-01    5.22737E-01
    3.31300E+02    6.39827E-01    5.27384E-01
    3.31400E+02    6.31409E-01    5.31842E-01
    3.31500E+02    6.23439E-01    5.36098E-01
    3.31600E+02    6.15869E-01    5.40171E-01
    3.31700E+02    6.08750E-01    5.44030E-01
    3.31800E+02    6.02668E-01    5.47350E-01
    3.31900E+02    5.95504E-01    5.51285E-01
    3.32000E+02    5.89459E-01    5.54627E-01
    3.32100E+02    5.84134E-01    5.57588E-01
    3.32200E+02    5.79159E-01    5.60369E-01
    3.32300E+02    5.75290E-01    5.62542E-01
    3.32400E+02    5.73196E-01    5.63721E-01
    3.32500E+02    5.75203E-01    5.62591E-01
    3.32600E+02    5.91321E-01    5.53595E-01
    3.32700E+02    7.58656E-01    4.68296E-01
    3.32800E+02    6.00833E-01    5.48355E-01
    3.32900E+02    6.10593E-01    5.43029E-01
    3.33000E+02    5.56048E-01    5.73471E-01
    3.33100E+02    5.41958E-01    5.81608E-01
    3.33200E+02    5.33922E-01    5.86301E-01
    3.33300E+02    5.27997E-01    5.89785E-01
    3.33400E+02    5.23112E-01    5.92673E-01
    3.33500E+02    5.18772E-01    5.95251E-01
    3.33600E+02    5.14877E-01    5.97574E-01
    3.33700E+02    5.11252E-01    5.99744E-01
    3.33800E+02    5.07898E-01    6.01759E-01
    3.33900E+02    5.04806E-01    6.03623E-01
    3.34000E+02    5.01853E-01    6.05408E-01
    3.34100E+02    4.98806E-01    6.07255E-01
    3.34200E+02    4.96034E-01    6.08941E-01
    3.34300E+02    4.93446E-01    6.10519E-01
    3.34400E+02    4.90946E-01    6.12047E-01
    3.34500E+02    4.88609E-01    6.13479E-01
    3.34600E+02    4.86388E-01    6.14843E-01
    3.34700E+02    4.84320E-01    6.16116E-01
    3.34800E+02    4.82388E-01    6.17307E-01
    3.34900E+02    4.80717E-01    6.18340E-01
    3.35000E+02    4.79483E-01    6.19103E-01
    3.35100E+02    4.79407E-01    6.19150E-01
    3.35200E+02    4.84136E-01    6.16230E-01
    3.35300E+02    4.93537E-01    6.10463E-01
    3.35400E+02    4.75642E-01    6.21486E-01
    3.35500E+02    4.71160E-01    6.24278E-01
    3.35600E+02    4.68644E-01    6.25850E-01
    3.35700E+02    4.67010E-01    6.26874E-01
    3.35800E+02    4.64745E-01    6.28295E-01
    3.35900E+02    4.63515E-01    6.29068E-01
    3.36000E+02    4.61518E-01    6.30326E-01
    3.36100E+02    4.60001E-01    6.31283E-01
    3.36200E+02    4.58982E-01    6.31926E-01
    3.36300E+02    4.57223E-01    6.33039E-01
    3.36400E+02    4.55884E-01    6.33887E-01
    3.36500E+02    4.54629E-01    6.34683E-01
    3.36600E+02    4.53445E-01    6.35436E-01
    3.36700E+02    4.52299E-01    6.36164E-01
    3.36800E+02    4.51212E-01    6.36856E-01
    3.36900E+02    4.50187E-01    6.37509E-01
    3.37000E+02    4.49187E-01    6.38147E-01
    3.37100E+02    4.48366E-01    6.38671E-01
    3.37200E+02    4.47452E-01    6.39255E-01
    3.37300E+02    4.46540E-01    6.39838E-01
    3.37400E+02    4.45703E-01    6.40374E-01
    3.37500E+02    4.45042E-01    6.40797E-01
    3.37600E+02    4.44614E-01    6.41072E-01
    3.37700E+02    4.43633E-01    6.41701E-01
    3.37800E+02    4.42700E-01    6.42300E-01
    3.37900E+02    4.41976E-01    6.42765E-01
    3.38000E+02    4.41322E-01    6.43186E-01
    3.38100E+02    4.40731E-01    6.43566E-01
    3.38200E+02    4.40157E-01    6.43936E-01
    3.38300E+02    4.39692E-01    6.44235E-01
    3.38400E+02    4.39178E-01    6.44566E-01
    3.38500E+02    4.38695E-01    6.44877E-01
    3.38600E+02    4.38397E-01    6.45069E-01
    3.38700E+02    4.39334E-01    6.44465E-01
    3.38800E+02    4.37775E-01    6.45471E-01
    3.38900E+02    4.37068E-01    6.45927E-01
    3.39000E+02    4.36575E-01    6.46246E-01
    3.39100E+02    4.36186E-01    6.46497E-01
    3.39200E+02    4.35845E-01    6.46718E-01
    3.39300E+02    4.35532E-01    6.46920E-01
    3.39400E+02    4.35247E-01    6.47105E-01
    3.39500E+02    4.34984E-01    6.47275E-01
    3.39600E+02    4.34744E-01    6.47430E-01
    3.39700E+02    4.34525E-01    6.47572E-01
    3.39800E+02    4.34342E-01    6.47691E-01
    3.39900E+02    4.34187E-01    6.47791E-01
    3.40000E+02    4.33994E-01    6.47916E-01
    3.40100E+02    4.33847E-01    6.48012E-01
    3.40200E+02    4.33723E-01    6.48092E-01
    3.40300E+02    4.33617E-01    6.48160E-01
    3.40400E+02    4.33535E-01    6.48214E-01
    3.40500E+02    4.33483E-01    6.48247E-01
    3.40600E+02    4.33527E-01    6.48219E-01
    3.40700E+02    4.33802E-01    6.48040E-01
    3.40800E+02    4.33396E-01    6.48304E-01
    3.40900E+02    4.33342E-01    6.48339E-01
    3.41000E+02    4.33334E-01    6.48344E-01
    3.41100E+02    4.33351E-01    6.48333E-01
    3.41200E+02    4.33389E-01    6.48308E-01
    3.41300E+02    4.33443E-01    6.48273E-01
    3.41400E+02    4.33514E-01    6.48227E-01
    3.41500E+02    4.33606E-01    6.48168E-01
    3.41600E+02    4.33714E-01    6.48098E-01
    3.41700E+02    4.33846E-01    6.48012E-01
    3.41800E+02    4.34030E-01    6.47893E-01
    3.41900E+02    4.34391E-01    6.47659E-01
    3.42000E+02    4.34417E-01    6.47642E-01
    3.42100E+02    4.35081E-01    6.47212E-01
    3.42200E+02    4.34818E-01    6.47382E-01
    3.42300E+02    4.35050E-01    6.47232E-01
    3.42400E+02    4.35340E-01    6.47045E-01
    3.42500E+02    4.35724E-01    6.46797E-01
    3.42600E+02    4.36091E-01    6.46559E-01
    3.42700E+02    4.36632E-01    6.46209E-01
    3.42800E+02    4.37402E-01    6.45712E-01
    3.42900E+02    4.38583E-01    6.44950E-01
    3.43000E+02    4.40912E-01    6.43450E-01
    3.43100E+02    4.47495E-01    6.39228E-01
    3.43200E+02    4.74742E-01    6.22046E-01
    3.43300E+02    4.56149E-01    6.33719E-01
    3.43400E+02    4.46141E-01    6.40093E-01
    3.43500E+02    4.56030E-01    6.33795E-01
    3.43600E+02    4.42828E-01    6.42218E-01
    3.43700E+02    4.40726E-01    6.43569E-01
    3.43800E+02    4.40136E-01    6.43949E-01
    3.43900E+02    4.40025E-01    6.44020E-01
    3.44000E+02    4.40063E-01    6.43996E-01
    3.44100E+02    4.40227E-01    6.43890E-01
    3.44200E+02    4.40458E-01    6.43741E-01
    3.44300E+02    4.40736E-01    6.43563E-01
    3.44400E+02    4.41054E-01    6.43358E-01
    3.44500E+02    4.41404E-01    6.43133E-01
    3.44600E+02    4.41802E-01    6.42877E-01
    3.44700E+02    4.42186E-01    6.42630E-01
    3.44800E+02    4.42641E-01    6.42338E-01
    3.44900E+02    4.43069E-01    6.42063E-01
    3.45000E+02    4.43433E-01    6.41829E-01
    3.45100E+02    4.43862E-01    6.41554E-01
    3.45200E+02    4.44317E-01    6.41262E-01
    3.45300E+02    4.44780E-01    6.40965E-01
    3.45400E+02    4.45262E-01    6.40657E-01
    3.45500E+02    4.45752E-01    6.40342E-01
    3.45600E+02    4.46257E-01    6.40019E-01
    3.45700E+02    4.46770E-01    6.39691E-01
    3.45800E+02    4.47294E-01    6.39356E-01
    3.45900E+02    4.47832E-01    6.39012E-01
    3.46000E+02    4.48378E-01    6.38663E-01
    3.46100E+02    4.48948E-01    6.38299E-01
    3.46200E+02    4.49517E-01    6.37936E-01
    3.46300E+02    4.50075E-01    6.37580E-01
    3.46400E+02    4.50672E-01    6.37200E-01
    3.46500E+02    4.51247E-01    6.36834E-01
    3.46600E+02    4.51880E-01    6.36431E-01
    3.46700E+02    4.52484E-01    6.36046E-01
    3.46800E+02    4.53152E-01    6.35622E-01
    3.46900E+02    4.53851E-01    6.35177E-01
    3.47000E+02    4.54418E-01    6.34817E-01
    3.47100E+02    4.55101E-01    6.34384E-01
    3.47200E+02    4.55996E-01    6.33816E-01
    3.47300E+02    4.56495E-01    6.33500E-01
    3.47400E+02    4.57073E-01    6.33134E-01
    3.47500E+02    4.57738E-01    6.32713E-01
    3.47600E+02    4.58453E-01    6.32261E-01
    3.47700E+02    4.59214E-01    6.31780E-01
    3.47800E+02    4.60312E-01    6.31086E-01
    3.47900E+02    4.60678E-01    6.30856E-01
    3.48000E+02    4.61457E-01    6.30365E-01
    3.48100E+02    4.62121E-01    6.29946E-01
    3.48200E+02    4.62871E-01    6.29474E-01
    3.48300E+02    4.63623E-01    6.29001E-01
    3.48400E+02    4.64414E-01    6.28503E-01
    3.48500E+02    4.65229E-01    6.27991E-01
    3.48600E+02    4.66121E-01    6.27431E-01
    3.48700E+02    4.66828E-01    6.26988E-01
    3.48800E+02    4.67666E-01    6.26463E-01
    3.48900E+02    4.68504E-01    6.25938E-01
    3.49000E+02    4.69629E-01    6.25234E-01
    3.49100E+02    4.70226E-01    6.24861E-01
    3.49200E+02    4.71104E-01    6.24312E-01
    3.49300E+02    4.72024E-01    6.23738E-01
    3.49400E+02    4.73030E-01    6.23112E-01
    3.49500E+02    4.74258E-01    6.22347E-01
    3.49600E+02    4.75537E-01    6.21551E-01
    3.49700E+02    4.78205E-01    6.19895E-01
    3.49800E+02    4.78671E-01    6.19606E-01
    3.49900E+02    4.78136E-01    6.19938E-01
    3.50000E+02    4.78747E-01    6.19559E-01
    3.50100E+02    4.79558E-01    6.19057E-01
    3.50200E+02    4.80477E-01    6.18489E-01
    3.50300E+02    4.81454E-01    6.17884E-01
    3.50400E+02    4.82431E-01    6.17281E-01
    3.50500E+02    4.83463E-01    6.16644E-01
    3.50600E+02    4.84536E-01    6.15983E-01
    3.50700E+02    4.85601E-01    6.15327E-01
    3.50800E+02    4.86736E-01    6.14629E-01
    3.50900E+02    4.87889E-01    6.13921E-01
    3.51000E+02    4.89038E-01    6.13216E-01
    3.51100E+02    4.90266E-01    6.12463E-01
    3.51200E+02    4.91537E-01    6.11685E-01
    3.51300E+02    4.92866E-01    6.10873E-01
    3.51400E+02    4.94313E-01    6.09990E-01
    3.51500E+02    4.95932E-01    6.09003E-01
    3.51600E+02    4.97501E-01    6.08048E-01
    3.51700E+02    4.99432E-01    6.06875E-01
    3.51800E+02    5.01744E-01    6.05474E-01
    3.51900E+02    5.04871E-01    6.03583E-01
    3.52000E+02    5.09305E-01    6.00913E-01
    3.52100E+02    5.17162E-01    5.96210E-01
    3.52200E+02    5.35755E-01    5.85227E-01
    3.52300E+02    6.37124E-01    5.28811E-01
    3.52400E+02    5.64579E-01    5.68599E-01
    3.52500E+02    5.39971E-01    5.82765E-01
    3.52600E+02    5.74968E-01    5.62723E-01
    3.52700E+02    5.41806E-01    5.81697E-01
    3.52800E+02    6.14520E-01    5.40901E-01
    3.52900E+02    5.42345E-01    5.81384E-01
    3.53000E+02    5.25592E-01    5.91205E-01
    3.53100E+02    5.21391E-01    5.93694E-01
    3.53200E+02    5.20556E-01    5.94190E-01
    3.53300E+02    5.21533E-01    5.93610E-01
    3.53400E+02    5.20630E-01    5.94146E-01
    3.53500E+02    5.21281E-01    5.93760E-01
    3.53600E+02    5.22089E-01    5.93280E-01
    3.53700E+02    5.23234E-01    5.92601E-01
    3.53800E+02    5.24339E-01    5.91946E-01
    3.53900E+02    5.25607E-01    5.91196E-01
    3.54000E+02    5.26936E-01    5.90411E-01
    3.54100E+02    5.28426E-01    5.89532E-01
    3.54200E+02    5.29943E-01    5.88638E-01
    3.54300E+02    5.31544E-01    5.87697E-01
    3.54400E+02    5.33332E-01    5.86647E-01
    3.54500E+02    5.35453E-01    5.85404E-01
    3.54600E+02    5.37621E-01    5.84136E-01
    3.54700E+02    5.40561E-01    5.82422E-01
    3.54800E+02    5.45134E-01    5.79764E-01
    3.54900E+02    5.55381E-01    5.73854E-01
    3.55000E+02    6.11757E-01    5.42397E-01
    3.55100E+02    5.66571E-01    5.67468E-01
    3.55200E+02    5.53977E-01    5.74660E-01
    3.55300E+02    5.51176E-01    5.76272E-01
    3.55400E+02    5.51089E-01    5.76322E-01
    3.55500E+02    5.51830E-01    5.75895E-01
    3.55600E+02    5.52971E-01    5.75238E-01
    3.55700E+02    5.54388E-01    5.74424E-01
    3.55800E+02    5.55979E-01    5.73511E-01
    3.55900E+02    5.57722E-01    5.72512E-01
    3.56000E+02    5.59706E-01    5.71377E-01
    3.56100E+02    5.62887E-01    5.69562E-01
    3.56200E+02    5.63468E-01    5.69231E-01
    3.56300E+02    5.65627E-01    5.68004E-01
    3.56400E+02    5.70179E-01    5.65424E-01
    3.56500E+02    5.70070E-01    5.65486E-01
    3.56600E+02    5.71687E-01    5.64572E-01
    3.56700E+02    5.73644E-01    5.63468E-01
    3.56800E+02    5.75761E-01    5.62277E-01
    3.56900E+02    5.78114E-01    5.60955E-01
    3.57000E+02    5.80706E-01    5.59503E-01
    3.57100E+02    5.83588E-01    5.57893E-01
    3.57200E+02    5.86942E-01    5.56025E-01
    3.57300E+02    5.91501E-01    5.53496E-01
    3.57400E+02    5.97741E-01    5.50053E-01
    3.57500E+02    6.11289E-01    5.42651E-01
    3.57600E+02    6.74764E-01    5.09277E-01
    3.57700E+02    6.37085E-01    5.28832E-01
    3.57800E+02    6.14400E-01    5.40965E-01
    3.57900E+02    6.11791E-01    5.42378E-01
    3.58000E+02    6.15476E-01    5.40384E-01
    3.58100E+02    6.29065E-01    5.33090E-01
    3.58200E+02    7.57998E-01    4.68604E-01
    3.58300E+02    6.35054E-01    5.29907E-01
    3.58400E+02    6.27893E-01    5.33715E-01
    3.58500E+02    6.30814E-01    5.32158E-01
    3.58600E+02    6.40042E-01    5.27270E-01
    3.58700E+02    6.63472E-01    5.15060E-01
    3.58800E+02    7.55029E-01    4.69997E-01
    3.58900E+02    7.72205E-01    4.61993E-01
    3.59000E+02    6.72462E-01    5.10450E-01
    3.59100E+02    6.52733E-01    5.20621E-01
    3.59200E+02    6.47290E-01    5.23462E-01
    3.59300E+02    6.47099E-01    5.23562E-01
    3.59400E+02    6.50378E-01    5.21848E-01
    3.59500E+02    6.59657E-01    5.17029E-01
    3.59600E+02    6.99300E-01    4.96933E-01
    3.59700E+02    6.99477E-01    4.96845E-01
    3.59800E+02    6.65943E-01    5.13789E-01
    3.59900E+02    6.61086E-01    5.16291E-01
    3.60000E+02    6.60840E-01    5.16418E-01
    3.60100E+02    6.61848E-01    5.15897E-01
    3.60200E+02    6.63841E-01    5.14870E-01
    3.60300E+02    6.66366E-01    5.13571E-01
    3.60400E+02    6.69136E-01    5.12151E-01
    3.60500E+02    6.72132E-01    5.10619E-01
    3.60600E+02    6.75319E-01    5.08994E-01
    3.60700E+02    6.78498E-01    5.07378E-01
    3.60800E+02    6.81899E-01    5.05656E-01
    3.60900E+02    6.85521E-01    5.03828E-01
    3.61000E+02    6.88998E-01    5.02079E-01
    3.61100E+02    6.92841E-01    5.00153E-01
    3.61200E+02    6.96684E-01    4.98235E-01
    3.61300E+02    7.00854E-01    4.96162E-01
    3.61400E+02    7.05497E-01    4.93863E-01
    3.61500E+02    7.11520E-01    4.90898E-01
    3.61600E+02    7.23701E-01    4.84954E-01
    3.61700E+02    7.39831E-01    4.77195E-01
    3.61800E+02    7.25805E-01    4.83935E-01
    3.61900E+02    7.26436E-01    4.83630E-01
    3.62000E+02    7.29504E-01    4.82148E-01
    3.62100E+02    7.33397E-01    4.80275E-01
    3.62200E+02    7.37777E-01    4.78176E-01
    3.62300E+02    7.42556E-01    4.75896E-01
    3.62400E+02    7.46609E-01    4.73971E-01
    3.62500E+02    7.51347E-01    4.71730E-01
    3.62600E+02    7.56840E-01    4.69147E-01
    3.62700E+02    7.61322E-01    4.67048E-01
    3.62800E+02    7.66563E-01    4.64607E-01
    3.62900E+02    7.72228E-01    4.61983E-01
    3.63000E+02    7.77841E-01    4.59397E-01
    3.63100E+02    7.84503E-01    4.56347E-01
    3.63200E+02    7.91226E-01    4.53289E-01
    3.63300E+02    8.00892E-01    4.48929E-01
    3.63400E+02    8.22382E-01    4.39384E-01
    3.63500E+02    8.53128E-01    4.26080E-01
    3.63600E+02    8.25390E-01    4.38064E-01
    3.63700E+02    8.26640E-01    4.37517E-01
    3.63800E+02    8.29387E-01    4.36317E-01
    3.63900E+02    8.35676E-01    4.33581E-01
    3.64000E+02    8.44003E-01    4.29986E-01
    3.64100E+02    8.54762E-01    4.25384E-01
    3.64200E+02    8.70488E-01    4.18747E-01
    3.64300E+02    9.01087E-01    4.06128E-01
    3.64400E+02    1.02071E+00    3.60339E-01
    3.64500E+02    1.01362E+00    3.62904E-01
    3.64600E+02    9.21751E-01    3.97822E-01
    3.64700E+02    9.06786E-01    4.03820E-01
    3.64800E+02    9.05952E-01    4.04157E-01
    3.64900E+02    9.09867E-01    4.02578E-01
    3.65000E+02    9.16003E-01    4.00115E-01
    3.65100E+02    9.23406E-01    3.97164E-01
    3.65200E+02    9.31691E-01    3.93887E-01
    3.65300E+02    9.41265E-01    3.90134E-01
    3.65400E+02    9.50189E-01    3.86668E-01
    3.65500E+02    9.60222E-01    3.82808E-01
    3.65600E+02    9.70882E-01    3.78749E-01
    3.65700E+02    9.82225E-01    3.74477E-01
    3.65800E+02    9.94833E-01    3.69785E-01
    3.65900E+02    1.00701E+00    3.65310E-01
    3.66000E+02    1.02005E+00    3.60577E-01
    3.66100E+02    1.03427E+00    3.55485E-01
    3.66200E+02    1.04965E+00    3.50062E-01
    3.66300E+02    1.06622E+00    3.44309E-01
    3.66400E+02    1.08460E+00    3.38036E-01
    3.66500E+02    1.10575E+00    3.30964E-01
    3.66600E+02    1.13266E+00    3.22176E-01
    3.66700E+02    1.18098E+00    3.06979E-01
    3.66800E+02    1.27360E+00    2.79821E-01
    3.66900E+02    1.21189E+00    2.97634E-01
    3.67000E+02    1.22634E+00    2.93365E-01
    3.67100E+02    1.25304E+00    2.85636E-01
    3.67200E+02    1.28621E+00    2.76315E-01
    3.67300E+02    1.32552E+00    2.65666E-01
    3.67400E+02    1.37067E+00    2.53936E-01
    3.67500E+02    1.42315E+00    2.40953E-01
    3.67600E+02    1.48533E+00    2.26427E-01
    3.67700E+02    1.55957E+00    2.10227E-01
    3.67800E+02    1.64887E+00    1.92267E-01
    3.67900E+02    1.75952E+00    1.72127E-01
    3.68000E+02    1.89829E+00    1.49824E-01
    3.68100E+02    2.07944E+00    1.25000E-01
    3.68200E+02    2.32639E+00    9.76476E-02
    3.68300E+02    2.69230E+00    6.77251E-02
    3.68400E+02    3.31945E+00    3.61729E-02
    3.68500E+02    5.91603E+00    2.69587E-03
    3.68600E+02    3.32148E+00    3.60994E-02
    3.68700E+02    2.73535E+00    6.48712E-02
    3.68800E+02    2.40726E+00    9.00621E-02
    3.68900E+02    2.19806E+00    1.11018E-01
    3.69000E+02    2.04715E+00    1.29102E-01
    3.69100E+02    1.93093E+00    1.45013E-01
    3.69200E+02    1.84841E+00    1.57487E-01
    3.69300E+02    1.78738E+00    1.67398E-01
    3.69400E+02    1.74201E+00    1.75167E-01
    3.69500E+02    1.70873E+00    1.81096E-01
    3.69600E+02    1.68492E+00    1.85460E-01
    3.69700E+02    1.66861E+00    1.88509E-01
    3.69800E+02    1.65848E+00    1.90429E-01
    3.69900E+02    1.65350E+00    1.91379E-01
    3.70000E+02    1.65318E+00    1.91440E-01
    3.70100E+02    1.65598E+00    1.90904E-01
    3.70200E+02    1.66164E+00    1.89828E-01
    3.70300E+02    1.67043E+00    1.88166E-01
    3.70400E+02    1.68178E+00    1.86042E-01
    3.70500E+02    1.69557E+00    1.83495E-01
    3.70600E+02    1.71175E+00    1.80550E-01
    3.70700E+02    1.73068E+00    1.77165E-01
    3.70800E+02    1.75340E+00    1.73184E-01
    3.70900E+02    1.78557E+00    1.67701E-01
    3.71000E+02    1.88152E+00    1.52358E-01
    3.71100E+02    1.84556E+00    1.57937E-01
    3.71200E+02    1.84688E+00    1.57729E-01
    3.71300E+02    1.86648E+00    1.54668E-01
    3.71400E+02    1.89119E+00    1.50891E-01
    3.71500E+02    1.91865E+00    1.46806E-01
    3.71600E+02    1.94802E+00    1.42556E-01
    3.71700E+02    1.97916E+00    1.38186E-01
    3.71800E+02    2.01189E+00    1.33736E-01
    3.71900E+02    2.04616E+00    1.29230E-01
    3.72000E+02    2.08213E+00    1.24664E-01
    3.72100E+02    2.11945E+00    1.20098E-01
    3.72200E+02    2.15848E+00    1.15501E-01
    3.72300E+02    2.19921E+00    1.10890E-01
    3.72400E+02    2.24165E+00    1.06283E-01
    3.72500E+02    2.28589E+00    1.01683E-01
    3.72600E+02    2.33211E+00    9.70909E-02
    3.72700E+02    2.38014E+00    9.25375E-02
    3.72800E+02    2.42998E+00    8.80386E-02
    3.72900E+02    2.48223E+00    8.35564E-02
    3.73000E+02    2.53859E+00    7.89774E-02
    3.73100E+02    2.59299E+00    7.47959E-02
    3.73200E+02    2.65188E+00    7.05184E-02
    3.73300E+02    2.71296E+00    6.63399E-02
    3.73400E+02    2.77692E+00    6.22296E-02
    3.73500E+02    2.84387E+00    5.82000E-02
    3.73600E+02    2.91363E+00    5.42782E-02
    3.73700E+02    2.98633E+00    5.04722E-02
    3.73800E+02    3.06261E+00    4.67654E-02
    3.73900E+02    3.14226E+00    4.31850E-02
    3.74000E+02    3.22539E+00    3.97403E-02
    3.74100E+02    3.31268E+00    3.64184E-02
    3.74200E+02    3.40404E+00    3.32386E-02
    3.74300E+02    3.50020E+00    3.01912E-02
    3.74400E+02    3.60013E+00    2.73202E-02
    3.74500E+02    3.70534E+00    2.45918E-02
    3.74600E+02    3.81610E+00    2.20135E-02
    3.74700E+02    3.93280E+00    1.95887E-02
    3.74800E+02    4.05623E+00    1.73142E-02
    3.74900E+02    4.18791E+00    1.51780E-02
    3.75000E+02    4.33183E+00    1.31434E-02
    3.75100E+02    4.50710E+00    1.10304E-02
    3.75200E+02    4.75158E+00    8.63808E-03
    3.75300E+02    4.79268E+00    8.29017E-03
    3.75400E+02    4.93998E+00    7.15477E-03
    3.75500E+02    5.10878E+00    6.04342E-03
    3.75600E+02    5.29076E+00    5.03795E-03
    3.75700E+02    5.48528E+00    4.14739E-03
    3.75800E+02    5.69213E+00    3.37241E-03
    3.75900E+02    5.91314E+00    2.70368E-03
    3.76000E+02    6.15139E+00    2.13052E-03
    3.76100E+02    6.39797E+00    1.66493E-03
    3.76200E+02    6.68302E+00    1.25199E-03
    3.76300E+02    6.95186E+00    9.56852E-04
    3.76400E+02    7.23569E+00    7.20407E-04
    3.76500E+02    7.54999E+00    5.26113E-04
    3.76600E+02    7.88760E+00    3.75369E-04
    3.76700E+02    8.24899E+00    2.61523E-04
    3.76800E+02    8.63574E+00    1.77643E-04
    3.76900E+02    9.04977E+00    1.17418E-04
    3.77000E+02    9.49383E+00    7.53153E-05
    3.77100E+02    9.96989E+00    4.67876E-05
    3.77200E+02    1.04814E+01    2.80527E-05
    3.77300E+02    1.10313E+01    1.61868E-05
    3.77400E+02    1.16228E+01    8.95932E-06
    3.77500E+02    1.22605E+01    4.73535E-06
    3.77600E+02    1.29472E+01    2.38291E-06
    3.77700E+02    1.36887E+01    1.13520E-06
    3.77800E+02    1.44895E+01    5.09680E-07
    3.77900E+02    1.53557E+01    2.14345E-07
    3.78000E+02    1.62933E+01    8.39301E-08
    3.78100E+02    1.73122E+01    3.02974E-08
    3.78200E+02    1.84358E+01    9.84953E-09
    3.78300E+02    1.97216E+01    2.72269E-09
    3.78400E+02    2.08790E+01    8.55820E-10
    3.78500E+02    2.22445E+01    2.18453E-10
    3.78600E+02    2.37331E+01    4.92977E-11
    3.78700E+02    2.53811E+01    9.48732E-12
    3.78800E+02    2.70584E+01    1.77285E-12
    3.78900E+02    2.88997E+01    2.81193E-13
    3.79000E+02    3.08698E+01    3.92103E-14
    3.79100E+02    3.29662E+01    4.81915E-15
    3.79200E+02    3.51755E+01    5.29009E-16
    3.79300E+02    3.74851E+01    5.25307E-17
    3.79400E+02    3.98749E+01    4.81450E-18
    3.79500E+02    4.23123E+01    4.20727E-19
    3.79600E+02    4.47522E+01    3.66744E-20
    3.79700E+02    4.71348E+01    3.38558E-21
    3.79800E+02    4.93850E+01    3.56766E-22
    3.79900E+02    5.14074E+01    4.72130E-23
    3.80000E+02    5.30874E+01    8.79926E-24
    3.80100E+02    5.42849E+01    2.65691E-24
    3.80200E+02    5.47850E+01    1.61135E-24
    3.80300E+02    5.42976E+01    2.62330E-24
    3.80400E+02    5.31277E+01    8.45109E-24
    3.80500E+02    5.14804E+01    4.38880E-23
    3.80600E+02    4.94881E+01    3.21811E-22
    3.80700E+02    4.72708E+01    2.95493E-21
    3.80800E+02    4.49184E+01    3.10575E-20
    3.80900E+02    4.25061E+01    3.46589E-19
    3.81000E+02    4.00964E+01    3.85810E-18
    3.81100E+02    3.77291E+01    4.11597E-17
    3.81200E+02    3.54368E+01    4.07372E-16
    3.81300E+02    3.32446E+01    3.64816E-15
    3.81400E+02    3.11648E+01    2.91939E-14
    3.81500E+02    2.92026E+01    2.07709E-13
    3.81600E+02    2.73654E+01    1.30425E-12
    3.81700E+02    2.56482E+01    7.26333E-12
    3.81800E+02    2.40485E+01    3.59635E-11
    3.81900E+02    2.25637E+01    1.58750E-10
    3.82000E+02    2.11870E+01    6.28957E-10
    3.82100E+02    1.99137E+01    2.24702E-09
    3.82200E+02    1.87332E+01    7.31621E-09
    3.82300E+02    1.76383E+01    2.18665E-08
    3.82400E+02    1.66274E+01    6.00933E-08
    3.82500E+02    1.56921E+01    1.53118E-07
    3.82600E+02    1.48264E+01    3.63912E-07
    3.82700E+02    1.40248E+01    8.11192E-07
    3.82800E+02    1.32818E+01    1.70521E-06
    3.82900E+02    1.25921E+01    3.39863E-06
    3.83000E+02    1.19525E+01    6.44318E-06
    3.83100E+02    1.13582E+01    1.16738E-05
    3.83200E+02    1.08055E+01    2.02886E-05
    3.83300E+02    1.02917E+01    3.39144E-05
    3.83400E+02    9.81170E+00    5.48068E-05
    3.83500E+02    9.36432E+00    8.57286E-05
    3.83600E+02    8.94681E+00    1.30152E-04
    3.83700E+02    8.55637E+00    1.92315E-04
    3.83800E+02    8.19152E+00    2.76993E-04
    3.83900E+02    7.84965E+00    3.89890E-04
    3.84000E+02    7.52906E+00    5.37243E-04
    3.84100E+02    7.22829E+00    7.25761E-04
    3.84200E+02    6.94582E+00    9.62650E-04
    3.84300E+02    6.68016E+00    1.25558E-03
    3.84400E+02    6.43032E+00    1.61194E-03
    3.84500E+02    6.19512E+00    2.03936E-03
    3.84600E+02    5.97418E+00    2.54359E-03
    3.84700E+02    5.76445E+00    3.13711E-03
    3.84800E+02    5.56631E+00    3.82456E-03
    3.84900E+02    5.37914E+00    4.61181E-03
    3.85000E+02    5.20211E+00    5.50494E-03
    3.85100E+02    5.03477E+00    6.50767E-03
    3.85200E+02    4.87614E+00    7.62640E-03
    3.85300E+02    4.72661E+00    8.85641E-03
    3.85400E+02    4.58252E+00    1.02291E-02
    3.85500E+02    4.44671E+00    1.17170E-02
    3.85600E+02    4.31767E+00    1.33310E-02
    3.85700E+02    4.19455E+00    1.50775E-02
    3.85800E+02    4.07737E+00    1.69519E-02
    3.85900E+02    3.96528E+00    1.89627E-02
    3.86000E+02    3.85824E+00    2.11050E-02
    3.86100E+02    3.75623E+00    2.33718E-02
    3.86200E+02    3.65887E+00    2.57616E-02
    3.86300E+02    3.56607E+00    2.82668E-02
    3.86400E+02    3.47677E+00    3.09069E-02
    3.86500E+02    3.39164E+00    3.36535E-02
    3.86600E+02    3.31087E+00    3.64845E-02
    3.86700E+02    3.23331E+00    3.94268E-02
    3.86800E+02    3.16051E+00    4.24039E-02
    3.86900E+02    3.09125E+00    4.54452E-02
    3.87000E+02    3.03058E+00    4.82878E-02
    3.87100E+02    3.02473E+00    4.85709E-02
    3.87200E+02    2.92280E+00    5.37830E-02
    3.87300E+02    2.93264E+00    5.32564E-02
    3.87400E+02    2.79001E+00    6.14208E-02
    3.87500E+02    2.72213E+00    6.57348E-02
    3.87600E+02    2.66367E+00    6.96922E-02
    3.87700E+02    2.61012E+00    7.35260E-02
    3.87800E+02    2.55961E+00    7.73351E-02
    3.87900E+02    2.51158E+00    8.11403E-02
    3.88000E+02    2.46594E+00    8.49288E-02
    3.88100E+02    2.42153E+00    8.87854E-02
    3.88200E+02    2.37932E+00    9.26134E-02
    3.88300E+02    2.33887E+00    9.64370E-02
    3.88400E+02    2.30010E+00    1.00249E-01
    3.88500E+02    2.26292E+00    1.04046E-01
    3.88600E+02    2.22727E+00    1.07822E-01
    3.88700E+02    2.19310E+00    1.11571E-01
    3.88800E+02    2.16044E+00    1.15275E-01
    3.88900E+02    2.12950E+00    1.18897E-01
    3.89000E+02    2.09920E+00    1.22555E-01
    3.89100E+02    2.07033E+00    1.26145E-01
    3.89200E+02    2.04284E+00    1.29660E-01
    3.89300E+02    2.01666E+00    1.33100E-01
    3.89400E+02    1.99155E+00    1.36483E-01
    3.89500E+02    1.96747E+00    1.39810E-01
    3.89600E+02    1.94452E+00    1.43056E-01
    3.89700E+02    1.92250E+00    1.46241E-01
    3.89800E+02    1.90135E+00    1.49366E-01
    3.89900E+02    1.88096E+00    1.52444E-01
    3.90000E+02    1.86126E+00    1.55477E-01
    3.90100E+02    1.84191E+00    1.58514E-01
    3.90200E+02    1.82282E+00    1.61570E-01
    3.90300E+02    1.80396E+00    1.64646E-01
    3.90400E+02    1.78493E+00    1.67808E-01
    3.90500E+02    1.76581E+00    1.71048E-01
    3.90600E+02    1.74612E+00    1.74449E-01
    3.90700E+02    1.72545E+00    1.78092E-01
    3.90800E+02    1.70431E+00    1.81897E-01
    3.90900E+02    1.68296E+00    1.85823E-01
    3.91000E+02    1.66155E+00    1.89845E-01
    3.91100E+02    1.64026E+00    1.93930E-01
    3.91200E+02    1.61930E+00    1.98038E-01
    3.91300E+02    1.59930E+00    2.02038E-01
    3.91400E+02    1.57847E+00    2.06290E-01
    3.91500E+02    1.55905E+00    2.10337E-01
    3.91600E+02    1.53919E+00    2.14556E-01
    3.91700E+02    1.52043E+00    2.18618E-01
    3.91800E+02    1.50248E+00    2.22577E-01
    3.91900E+02    1.48624E+00    2.26221E-01
    3.92000E+02    1.46869E+00    2.30228E-01
    3.92100E+02    1.45275E+00    2.33925E-01
    3.92200E+02    1.43803E+00    2.37395E-01
    3.92300E+02    1.42510E+00    2.40485E-01
    3.92400E+02    1.41565E+00    2.42769E-01
    3.92500E+02    1.41496E+00    2.42935E-01
    3.92600E+02    1.46174E+00    2.31834E-01
    3.92700E+02    1.46099E+00    2.32007E-01
    3.92800E+02    1.37601E+00    2.52584E-01
    3.92900E+02    1.34739E+00    2.59918E-01
    3.93000E+02    1.32896E+00    2.64752E-01
    3.93100E+02    1.31399E+00    2.68746E-01
    3.93200E+02    1.30078E+00    2.72318E-01
    3.93300E+02    1.28821E+00    2.75764E-01
    3.93400E+02    1.27652E+00    2.79008E-01
    3.93500E+02    1.26513E+00    2.82201E-01
    3.93600E+02    1.25427E+00    2.85283E-01
    3.93700E+02    1.24384E+00    2.88274E-01
    3.93800E+02    1.23379E+00    2.91187E-01
    3.93900E+02    1.22407E+00    2.94030E-01
    3.94000E+02    1.21470E+00    2.96800E-01
    3.94100E+02    1.20569E+00    2.99486E-01
    3.94200E+02    1.19662E+00    3.02214E-01
    3.94300E+02    1.18788E+00    3.04867E-01
    3.94400E+02    1.17944E+00    3.07451E-01
    3.94500E+02    1.17133E+00    3.09954E-01
    3.94600E+02    1.16348E+00    3.12396E-01
    3.94700E+02    1.15596E+00    3.14756E-01
    3.94800E+02    1.14896E+00    3.16966E-01
    3.94900E+02    1.14303E+00    3.18853E-01
    3.95000E+02    1.14187E+00    3.19223E-01
    3.95100E+02    1.14014E+00    3.19776E-01
    3.95200E+02    1.12268E+00    3.25407E-01
    3.95300E+02    1.11399E+00    3.28245E-01
    3.95400E+02    1.10684E+00    3.30602E-01
    3.95500E+02    1.10010E+00    3.32839E-01
    3.95600E+02    1.09374E+00    3.34961E-01
    3.95700E+02    1.08768E+00    3.36998E-01
    3.95800E+02    1.08184E+00    3.38972E-01
    3.95900E+02    1.07627E+00    3.40866E-01
    3.96000E+02    1.07098E+00    3.42673E-01
    3.96100E+02    1.06616E+00    3.44329E-01
    3.96200E+02    1.06204E+00    3.45751E-01
    3.96300E+02    1.05956E+00    3.46609E-01
    3.96400E+02    1.06235E+00    3.45641E-01
    3.96500E+02    1.10377E+00    3.31618E-01
    3.96600E+02    1.06758E+00    3.43839E-01
    3.96700E+02    1.04414E+00    3.51996E-01
    3.96800E+02    1.03576E+00    3.54956E-01
    3.96900E+02    1.03290E+00    3.55972E-01
    3.97000E+02    1.05135E+00    3.49467E-01
    3.97100E+02    1.02914E+00    3.57313E-01
    3.97200E+02    1.01537E+00    3.62269E-01
    3.97300E+02    1.00857E+00    3.64739E-01
    3.97400E+02    1.00335E+00    3.66650E-01
    3.97500E+02    9.98657E-01    3.68374E-01
    3.97600E+02    9.94313E-01    3.69978E-01
    3.97700E+02    9.90177E-01    3.71511E-01
    3.97800E+02    9.86237E-01    3.72978E-01
    3.97900E+02    9.82449E-01    3.74393E-01
    3.98000E+02    9.78710E-01    3.75795E-01
    3.98100E+02    9.75044E-01    3.77176E-01
    3.98200E+02    9.71523E-01    3.78506E-01
    3.98300E+02    9.68112E-01    3.79799E-01
    3.98400E+02    9.64809E-01    3.81056E-01
    3.98500E+02    9.61585E-01    3.82287E-01
    3.98600E+02    9.58468E-01    3.83480E-01
    3.98700E+02    9.55434E-01    3.84645E-01
    3.98800E+02    9.52516E-01    3.85769E-01
    3.98900E+02    9.49723E-01    3.86848E-01
    3.99000E+02    9.47057E-01    3.87881E-01
    3.99100E+02    9.44599E-01    3.88836E-01
    3.99200E+02    9.42875E-01    3.89506E-01
    3.99300E+02    9.40944E-01    3.90259E-01
    3.99400E+02    9.37908E-01    3.91446E-01
    3.99500E+02    9.36334E-01    3.92063E-01
    3.99600E+02    9.34256E-01    3.92878E-01
    3.99700E+02    9.33478E-01    3.93184E-01
    3.99800E+02    9.34228E-01    3.92889E-01
    3.99900E+02    9.39067E-01    3.90992E-01

