#	Freq	Err	Trans
    2.99900E+02    5.14907E-01    5.97556E-01
    3.00000E+02    5.15597E-01    5.97144E-01
    3.00100E+02    5.16464E-01    5.96626E-01
    3.00200E+02    5.17320E-01    5.96116E-01
    3.00300E+02    5.18353E-01    5.95501E-01
    3.00400E+02    5.19799E-01    5.94640E-01
    3.00500E+02    5.22239E-01    5.93191E-01
    3.00600E+02    5.28690E-01    5.89377E-01
    3.00700E+02    5.52439E-01    5.75544E-01
    3.00800E+02    5.27912E-01    5.89835E-01
    3.00900E+02    5.25356E-01    5.91345E-01
    3.01000E+02    5.25254E-01    5.91405E-01
    3.01100E+02    5.25909E-01    5.91018E-01
    3.01200E+02    5.27088E-01    5.90322E-01
    3.01300E+02    5.28872E-01    5.89269E-01
    3.01400E+02    5.31526E-01    5.87707E-01
    3.01500E+02    5.35898E-01    5.85143E-01
    3.01600E+02    5.44592E-01    5.80078E-01
    3.01700E+02    5.68715E-01    5.66253E-01
    3.01800E+02    7.35159E-01    4.79429E-01
    3.01900E+02    5.84494E-01    5.57388E-01
    3.02000E+02    5.51550E-01    5.76056E-01
    3.02100E+02    5.42335E-01    5.81389E-01
    3.02200E+02    5.38880E-01    5.83402E-01
    3.02300E+02    5.37567E-01    5.84168E-01
    3.02400E+02    5.37282E-01    5.84334E-01
    3.02500E+02    5.37666E-01    5.84110E-01
    3.02600E+02    5.38411E-01    5.83675E-01
    3.02700E+02    5.39581E-01    5.82992E-01
    3.02800E+02    5.41494E-01    5.81878E-01
    3.02900E+02    5.44877E-01    5.79913E-01
    3.03000E+02    5.52375E-01    5.75581E-01
    3.03100E+02    5.78364E-01    5.60815E-01
    3.03200E+02    6.04098E-01    5.46567E-01
    3.03300E+02    5.58527E-01    5.72051E-01
    3.03400E+02    5.50118E-01    5.76882E-01
    3.03500E+02    5.47638E-01    5.78314E-01
    3.03600E+02    5.47133E-01    5.78606E-01
    3.03700E+02    5.46728E-01    5.78841E-01
    3.03800E+02    5.47037E-01    5.78662E-01
    3.03900E+02    5.47626E-01    5.78321E-01
    3.04000E+02    5.48318E-01    5.77921E-01
    3.04100E+02    5.49126E-01    5.77454E-01
    3.04200E+02    5.50021E-01    5.76938E-01
    3.04300E+02    5.50989E-01    5.76379E-01
    3.04400E+02    5.52031E-01    5.75779E-01
    3.04500E+02    5.53158E-01    5.75131E-01
    3.04600E+02    5.54404E-01    5.74415E-01
    3.04700E+02    5.55869E-01    5.73573E-01
    3.04800E+02    5.58260E-01    5.72204E-01
    3.04900E+02    5.58180E-01    5.72250E-01
    3.05000E+02    5.58472E-01    5.72082E-01
    3.05100E+02    5.59125E-01    5.71709E-01
    3.05200E+02    5.59840E-01    5.71301E-01
    3.05300E+02    5.60662E-01    5.70831E-01
    3.05400E+02    5.61542E-01    5.70329E-01
    3.05500E+02    5.62465E-01    5.69803E-01
    3.05600E+02    5.63429E-01    5.69254E-01
    3.05700E+02    5.64417E-01    5.68692E-01
    3.05800E+02    5.65432E-01    5.68114E-01
    3.05900E+02    5.66486E-01    5.67516E-01
    3.06000E+02    5.67571E-01    5.66901E-01
    3.06100E+02    5.68619E-01    5.66307E-01
    3.06200E+02    5.69723E-01    5.65682E-01
    3.06300E+02    5.70839E-01    5.65051E-01
    3.06400E+02    5.71983E-01    5.64405E-01
    3.06500E+02    5.73126E-01    5.63760E-01
    3.06600E+02    5.74300E-01    5.63099E-01
    3.06700E+02    5.75492E-01    5.62428E-01
    3.06800E+02    5.76712E-01    5.61742E-01
    3.06900E+02    5.78023E-01    5.61006E-01
    3.07000E+02    5.79216E-01    5.60338E-01
    3.07100E+02    5.80439E-01    5.59653E-01
    3.07200E+02    5.81727E-01    5.58932E-01
    3.07300E+02    5.83391E-01    5.58003E-01
    3.07400E+02    5.84793E-01    5.57221E-01
    3.07500E+02    5.86301E-01    5.56382E-01
    3.07600E+02    5.87437E-01    5.55750E-01
    3.07700E+02    5.88749E-01    5.55021E-01
    3.07800E+02    5.90122E-01    5.54259E-01
    3.07900E+02    5.91531E-01    5.53479E-01
    3.08000E+02    5.92956E-01    5.52691E-01
    3.08100E+02    5.94410E-01    5.51888E-01
    3.08200E+02    5.95898E-01    5.51067E-01
    3.08300E+02    5.97419E-01    5.50230E-01
    3.08400E+02    5.99009E-01    5.49356E-01
    3.08500E+02    6.00880E-01    5.48329E-01
    3.08600E+02    6.02865E-01    5.47241E-01
    3.08700E+02    6.03816E-01    5.46722E-01
    3.08800E+02    6.05466E-01    5.45820E-01
    3.08900E+02    6.07158E-01    5.44897E-01
    3.09000E+02    6.08647E-01    5.44086E-01
    3.09100E+02    6.10341E-01    5.43166E-01
    3.09200E+02    6.12139E-01    5.42190E-01
    3.09300E+02    6.13962E-01    5.41202E-01
    3.09400E+02    6.15948E-01    5.40129E-01
    3.09500E+02    6.17663E-01    5.39203E-01
    3.09600E+02    6.19652E-01    5.38131E-01
    3.09700E+02    6.21829E-01    5.36961E-01
    3.09800E+02    6.24393E-01    5.35586E-01
    3.09900E+02    6.27868E-01    5.33728E-01
    3.10000E+02    6.35978E-01    5.29417E-01
    3.10100E+02    6.43487E-01    5.25457E-01
    3.10200E+02    6.34589E-01    5.30153E-01
    3.10300E+02    6.34550E-01    5.30174E-01
    3.10400E+02    6.35684E-01    5.29573E-01
    3.10500E+02    6.37323E-01    5.28706E-01
    3.10600E+02    6.39121E-01    5.27756E-01
    3.10700E+02    6.41019E-01    5.26756E-01
    3.10800E+02    6.42977E-01    5.25725E-01
    3.10900E+02    6.44983E-01    5.24671E-01
    3.11000E+02    6.47043E-01    5.23592E-01
    3.11100E+02    6.49201E-01    5.22463E-01
    3.11200E+02    6.51304E-01    5.21365E-01
    3.11300E+02    6.53447E-01    5.20249E-01
    3.11400E+02    6.55664E-01    5.19097E-01
    3.11500E+02    6.57951E-01    5.17912E-01
    3.11600E+02    6.60372E-01    5.16659E-01
    3.11700E+02    6.62743E-01    5.15435E-01
    3.11800E+02    6.65110E-01    5.14217E-01
    3.11900E+02    6.67565E-01    5.12956E-01
    3.12000E+02    6.70114E-01    5.11650E-01
    3.12100E+02    6.72731E-01    5.10313E-01
    3.12200E+02    6.75410E-01    5.08948E-01
    3.12300E+02    6.78162E-01    5.07549E-01
    3.12400E+02    6.80983E-01    5.06119E-01
    3.12500E+02    6.83927E-01    5.04631E-01
    3.12600E+02    6.86901E-01    5.03133E-01
    3.12700E+02    6.89846E-01    5.01653E-01
    3.12800E+02    6.92942E-01    5.00103E-01
    3.12900E+02    6.96379E-01    4.98387E-01
    3.13000E+02    6.99339E-01    4.96914E-01
    3.13100E+02    7.02609E-01    4.95291E-01
    3.13200E+02    7.05903E-01    4.93663E-01
    3.13300E+02    7.09325E-01    4.91976E-01
    3.13400E+02    7.12835E-01    4.90253E-01
    3.13500E+02    7.16457E-01    4.88480E-01
    3.13600E+02    7.20276E-01    4.86618E-01
    3.13700E+02    7.23649E-01    4.84979E-01
    3.13800E+02    7.27339E-01    4.83193E-01
    3.13900E+02    7.31151E-01    4.81354E-01
    3.14000E+02    7.35565E-01    4.79234E-01
    3.14100E+02    7.38773E-01    4.77700E-01
    3.14200E+02    7.42665E-01    4.75844E-01
    3.14300E+02    7.46696E-01    4.73930E-01
    3.14400E+02    7.50843E-01    4.71968E-01
    3.14500E+02    7.55108E-01    4.69960E-01
    3.14600E+02    7.59507E-01    4.67897E-01
    3.14700E+02    7.64044E-01    4.65779E-01
    3.14800E+02    7.68739E-01    4.63597E-01
    3.14900E+02    7.73602E-01    4.61349E-01
    3.15000E+02    7.78661E-01    4.59020E-01
    3.15100E+02    7.83973E-01    4.56589E-01
    3.15200E+02    7.89473E-01    4.54084E-01
    3.15300E+02    7.95326E-01    4.51434E-01
    3.15400E+02    8.01648E-01    4.48589E-01
    3.15500E+02    8.08713E-01    4.45431E-01
    3.15600E+02    8.17195E-01    4.41669E-01
    3.15700E+02    8.29348E-01    4.36334E-01
    3.15800E+02    8.57412E-01    4.24259E-01
    3.15900E+02    9.13227E-01    4.01227E-01
    3.16000E+02    8.59259E-01    4.23476E-01
    3.16100E+02    8.60400E-01    4.22993E-01
    3.16200E+02    8.76502E-01    4.16236E-01
    3.16300E+02    9.52170E-01    3.85903E-01
    3.16400E+02    9.08940E-01    4.02951E-01
    3.16500E+02    8.89181E-01    4.10992E-01
    3.16600E+02    8.91189E-01    4.10168E-01
    3.16700E+02    9.03708E-01    4.05065E-01
    3.16800E+02    9.01612E-01    4.05915E-01
    3.16900E+02    9.08365E-01    4.03183E-01
    3.17000E+02    9.17045E-01    3.99698E-01
    3.17100E+02    9.28137E-01    3.95290E-01
    3.17200E+02    9.54619E-01    3.84959E-01
    3.17300E+02    9.46606E-01    3.88056E-01
    3.17400E+02    9.54604E-01    3.84965E-01
    3.17500E+02    9.64478E-01    3.81182E-01
    3.17600E+02    9.75222E-01    3.77109E-01
    3.17700E+02    9.86610E-01    3.72839E-01
    3.17800E+02    9.98533E-01    3.68420E-01
    3.17900E+02    1.01099E+00    3.63859E-01
    3.18000E+02    1.02401E+00    3.59151E-01
    3.18100E+02    1.03771E+00    3.54267E-01
    3.18200E+02    1.05190E+00    3.49274E-01
    3.18300E+02    1.06681E+00    3.44106E-01
    3.18400E+02    1.08241E+00    3.38780E-01
    3.18500E+02    1.09880E+00    3.33270E-01
    3.18600E+02    1.11584E+00    3.27639E-01
    3.18700E+02    1.13381E+00    3.21805E-01
    3.18800E+02    1.15267E+00    3.15794E-01
    3.18900E+02    1.17250E+00    3.09593E-01
    3.19000E+02    1.19334E+00    3.03208E-01
    3.19100E+02    1.21529E+00    2.96623E-01
    3.19200E+02    1.23859E+00    2.89792E-01
    3.19300E+02    1.26307E+00    2.82785E-01
    3.19400E+02    1.28915E+00    2.75505E-01
    3.19500E+02    1.31664E+00    2.68034E-01
    3.19600E+02    1.34623E+00    2.60219E-01
    3.19700E+02    1.37856E+00    2.51940E-01
    3.19800E+02    1.41550E+00    2.42804E-01
    3.19900E+02    1.46567E+00    2.30924E-01
    3.20000E+02    1.63755E+00    1.94455E-01
    3.20100E+02    1.53703E+00    2.15020E-01
    3.20200E+02    1.56188E+00    2.09742E-01
    3.20300E+02    1.59917E+00    2.02065E-01
    3.20400E+02    1.64144E+00    1.93701E-01
    3.20500E+02    1.68684E+00    1.85103E-01
    3.20600E+02    1.73504E+00    1.76393E-01
    3.20700E+02    1.78551E+00    1.67711E-01
    3.20800E+02    1.83808E+00    1.59122E-01
    3.20900E+02    1.89235E+00    1.50717E-01
    3.21000E+02    1.94804E+00    1.42553E-01
    3.21100E+02    2.00487E+00    1.34678E-01
    3.21200E+02    2.06240E+00    1.27148E-01
    3.21300E+02    2.12063E+00    1.19956E-01
    3.21400E+02    2.18033E+00    1.13005E-01
    3.21500E+02    2.24231E+00    1.06213E-01
    3.21600E+02    2.30718E+00    9.95420E-02
    3.21700E+02    2.37606E+00    9.29155E-02
    3.21800E+02    2.44977E+00    8.63138E-02
    3.21900E+02    2.52929E+00    7.97160E-02
    3.22000E+02    2.61758E+00    7.29789E-02
    3.22100E+02    2.70835E+00    6.66465E-02
    3.22200E+02    2.80834E+00    6.03049E-02
    3.22300E+02    2.91706E+00    5.40925E-02
    3.22400E+02    3.03533E+00    4.80587E-02
    3.22500E+02    3.16373E+00    4.22677E-02
    3.22600E+02    3.30306E+00    3.67706E-02
    3.22700E+02    3.45452E+00    3.16025E-02
    3.22800E+02    3.61856E+00    2.68212E-02
    3.22900E+02    3.79699E+00    2.24383E-02
    3.23000E+02    3.99077E+00    1.84856E-02
    3.23100E+02    4.20120E+00    1.49776E-02
    3.23200E+02    4.42968E+00    1.19184E-02
    3.23300E+02    4.67751E+00    9.30215E-03
    3.23400E+02    4.94623E+00    7.11020E-03
    3.23500E+02    5.23724E+00    5.31490E-03
    3.23600E+02    5.55192E+00    3.88001E-03
    3.23700E+02    5.89660E+00    2.74878E-03
    3.23800E+02    6.25567E+00    1.91954E-03
    3.23900E+02    6.64568E+00    1.29963E-03
    3.24000E+02    7.06156E+00    8.57439E-04
    3.24100E+02    7.50208E+00    5.51937E-04
    3.24200E+02    7.96570E+00    3.47168E-04
    3.24300E+02    8.44737E+00    2.14464E-04
    3.24400E+02    8.94235E+00    1.30734E-04
    3.24500E+02    9.44197E+00    7.93236E-05
    3.24600E+02    9.93566E+00    4.84170E-05
    3.24700E+02    1.04089E+01    3.01631E-05
    3.24800E+02    1.08437E+01    1.95270E-05
    3.24900E+02    1.12195E+01    1.34099E-05
    3.25000E+02    1.15108E+01    1.00216E-05
    3.25100E+02    1.16886E+01    8.38870E-06
    3.25200E+02    1.17005E+01    8.28946E-06
    3.25300E+02    1.15425E+01    9.70884E-06
    3.25400E+02    1.12690E+01    1.27622E-05
    3.25500E+02    1.09080E+01    1.83114E-05
    3.25600E+02    1.04856E+01    2.79371E-05
    3.25700E+02    1.00217E+01    4.44257E-05
    3.25800E+02    9.53591E+00    7.22117E-05
    3.25900E+02    9.04175E+00    1.18364E-04
    3.26000E+02    8.55077E+00    1.93396E-04
    3.26100E+02    8.07127E+00    3.12388E-04
    3.26200E+02    7.60893E+00    4.96004E-04
    3.26300E+02    7.16858E+00    7.70415E-04
    3.26400E+02    6.75350E+00    1.16678E-03
    3.26500E+02    6.36473E+00    1.72120E-03
    3.26600E+02    5.99909E+00    2.48101E-03
    3.26700E+02    5.66615E+00    3.46115E-03
    3.26800E+02    5.37801E+00    4.61700E-03
    3.26900E+02    5.35384E+00    4.72996E-03
    3.27000E+02    4.81034E+00    8.14507E-03
    3.27100E+02    4.52652E+00    1.08182E-02
    3.27200E+02    4.28276E+00    1.38046E-02
    3.27300E+02    4.06222E+00    1.72108E-02
    3.27400E+02    3.86018E+00    2.10643E-02
    3.27500E+02    3.67434E+00    2.53662E-02
    3.27600E+02    3.50345E+00    3.00932E-02
    3.27700E+02    3.34798E+00    3.51552E-02
    3.27800E+02    3.21348E+00    4.02164E-02
    3.27900E+02    3.07392E+00    4.62396E-02
    3.28000E+02    2.93668E+00    5.30414E-02
    3.28100E+02    2.81660E+00    5.98088E-02
    3.28200E+02    2.70646E+00    6.67725E-02
    3.28300E+02    2.60438E+00    7.39490E-02
    3.28400E+02    2.50945E+00    8.13126E-02
    3.28500E+02    2.42117E+00    8.88178E-02
    3.28600E+02    2.33863E+00    9.64599E-02
    3.28700E+02    2.26156E+00    1.04187E-01
    3.28800E+02    2.18959E+00    1.11963E-01
    3.28900E+02    2.12217E+00    1.19771E-01
    3.29000E+02    2.05905E+00    1.27576E-01
    3.29100E+02    1.99988E+00    1.35352E-01
    3.29200E+02    1.94421E+00    1.43101E-01
    3.29300E+02    1.89203E+00    1.50765E-01
    3.29400E+02    1.84271E+00    1.58388E-01
    3.29500E+02    1.79641E+00    1.65893E-01
    3.29600E+02    1.75291E+00    1.73269E-01
    3.29700E+02    1.71181E+00    1.80539E-01
    3.29800E+02    1.67383E+00    1.87528E-01
    3.29900E+02    1.63612E+00    1.94733E-01
    3.30000E+02    1.60126E+00    2.01643E-01
    3.30100E+02    1.56838E+00    2.08382E-01
    3.30200E+02    1.53728E+00    2.14965E-01
    3.30300E+02    1.50778E+00    2.21400E-01
    3.30400E+02    1.47985E+00    2.27672E-01
    3.30500E+02    1.45328E+00    2.33803E-01
    3.30600E+02    1.42812E+00    2.39760E-01
    3.30700E+02    1.40420E+00    2.45563E-01
    3.30800E+02    1.38141E+00    2.51224E-01
    3.30900E+02    1.35978E+00    2.56717E-01
    3.31000E+02    1.33924E+00    2.62045E-01
    3.31100E+02    1.31963E+00    2.67234E-01
    3.31200E+02    1.30094E+00    2.72277E-01
    3.31300E+02    1.28315E+00    2.77163E-01
    3.31400E+02    1.26620E+00    2.81902E-01
    3.31500E+02    1.25009E+00    2.86479E-01
    3.31600E+02    1.23473E+00    2.90912E-01
    3.31700E+02    1.22018E+00    2.95177E-01
    3.31800E+02    1.20699E+00    2.99096E-01
    3.31900E+02    1.19305E+00    3.03296E-01
    3.32000E+02    1.18050E+00    3.07126E-01
    3.32100E+02    1.16894E+00    3.10695E-01
    3.32200E+02    1.15801E+00    3.14109E-01
    3.32300E+02    1.14842E+00    3.17138E-01
    3.32400E+02    1.14085E+00    3.19548E-01
    3.32500E+02    1.13763E+00    3.20579E-01
    3.32600E+02    1.14870E+00    3.17049E-01
    3.32700E+02    1.31121E+00    2.69494E-01
    3.32800E+02    1.14877E+00    3.17027E-01
    3.32900E+02    1.15408E+00    3.15346E-01
    3.33000E+02    1.09527E+00    3.34448E-01
    3.33100E+02    1.07709E+00    3.40584E-01
    3.33200E+02    1.06515E+00    3.44677E-01
    3.33300E+02    1.05544E+00    3.48041E-01
    3.33400E+02    1.04694E+00    3.51009E-01
    3.33500E+02    1.03910E+00    3.53773E-01
    3.33600E+02    1.03188E+00    3.56337E-01
    3.33700E+02    1.02503E+00    3.58785E-01
    3.33800E+02    1.01861E+00    3.61097E-01
    3.33900E+02    1.01255E+00    3.63292E-01
    3.34000E+02    1.00673E+00    3.65412E-01
    3.34100E+02    1.00095E+00    3.67531E-01
    3.34200E+02    9.95541E-01    3.69523E-01
    3.34300E+02    9.90448E-01    3.71410E-01
    3.34400E+02    9.85495E-01    3.73254E-01
    3.34500E+02    9.80835E-01    3.74998E-01
    3.34600E+02    9.76368E-01    3.76677E-01
    3.34700E+02    9.72152E-01    3.78268E-01
    3.34800E+02    9.68121E-01    3.79796E-01
    3.34900E+02    9.64449E-01    3.81193E-01
    3.35000E+02    9.61284E-01    3.82401E-01
    3.35100E+02    9.59349E-01    3.83142E-01
    3.35200E+02    9.62283E-01    3.82020E-01
    3.35300E+02    9.69925E-01    3.79111E-01
    3.35400E+02    9.50328E-01    3.86614E-01
    3.35500E+02    9.44198E-01    3.88992E-01
    3.35600E+02    9.40064E-01    3.90603E-01
    3.35700E+02    9.36852E-01    3.91860E-01
    3.35800E+02    9.33073E-01    3.93343E-01
    3.35900E+02    9.30349E-01    3.94416E-01
    3.36000E+02    9.26927E-01    3.95768E-01
    3.36100E+02    9.24032E-01    3.96915E-01
    3.36200E+02    9.21690E-01    3.97846E-01
    3.36300E+02    9.18628E-01    3.99066E-01
    3.36400E+02    9.16063E-01    4.00091E-01
    3.36500E+02    9.13612E-01    4.01073E-01
    3.36600E+02    9.11283E-01    4.02008E-01
    3.36700E+02    9.09022E-01    4.02918E-01
    3.36800E+02    9.06870E-01    4.03786E-01
    3.36900E+02    9.04833E-01    4.04609E-01
    3.37000E+02    9.02854E-01    4.05411E-01
    3.37100E+02    9.01102E-01    4.06122E-01
    3.37200E+02    8.99287E-01    4.06859E-01
    3.37300E+02    8.97525E-01    4.07577E-01
    3.37400E+02    8.95870E-01    4.08252E-01
    3.37500E+02    8.94415E-01    4.08847E-01
    3.37600E+02    8.93222E-01    4.09335E-01
    3.37700E+02    8.91528E-01    4.10029E-01
    3.37800E+02    8.89909E-01    4.10693E-01
    3.37900E+02    8.88523E-01    4.11263E-01
    3.38000E+02    8.87239E-01    4.11791E-01
    3.38100E+02    8.86065E-01    4.12275E-01
    3.38200E+02    8.84912E-01    4.12751E-01
    3.38300E+02    8.83918E-01    4.13161E-01
    3.38400E+02    8.82891E-01    4.13586E-01
    3.38500E+02    8.81920E-01    4.13987E-01
    3.38600E+02    8.81165E-01    4.14300E-01
    3.38700E+02    8.81666E-01    4.14092E-01
    3.38800E+02    8.79695E-01    4.14910E-01
    3.38900E+02    8.78603E-01    4.15363E-01
    3.39000E+02    8.77747E-01    4.15718E-01
    3.39100E+02    8.77013E-01    4.16024E-01
    3.39200E+02    8.76355E-01    4.16297E-01
    3.39300E+02    8.75741E-01    4.16553E-01
    3.39400E+02    8.75180E-01    4.16787E-01
    3.39500E+02    8.74659E-01    4.17004E-01
    3.39600E+02    8.74182E-01    4.17203E-01
    3.39700E+02    8.73747E-01    4.17385E-01
    3.39800E+02    8.73365E-01    4.17544E-01
    3.39900E+02    8.73032E-01    4.17683E-01
    3.40000E+02    8.72673E-01    4.17833E-01
    3.40100E+02    8.72380E-01    4.17955E-01
    3.40200E+02    8.72132E-01    4.18059E-01
    3.40300E+02    8.71914E-01    4.18150E-01
    3.40400E+02    8.71740E-01    4.18223E-01
    3.40500E+02    8.71609E-01    4.18278E-01
    3.40600E+02    8.71595E-01    4.18284E-01
    3.40700E+02    8.71824E-01    4.18188E-01
    3.40800E+02    8.71389E-01    4.18370E-01
    3.40900E+02    8.71320E-01    4.18399E-01
    3.41000E+02    8.71311E-01    4.18402E-01
    3.41100E+02    8.71342E-01    4.18390E-01
    3.41200E+02    8.71409E-01    4.18362E-01
    3.41300E+02    8.71506E-01    4.18321E-01
    3.41400E+02    8.71635E-01    4.18267E-01
    3.41500E+02    8.71797E-01    4.18199E-01
    3.41600E+02    8.71988E-01    4.18119E-01
    3.41700E+02    8.72217E-01    4.18024E-01
    3.41800E+02    8.72514E-01    4.17900E-01
    3.41900E+02    8.72996E-01    4.17698E-01
    3.42000E+02    8.73158E-01    4.17630E-01
    3.42100E+02    8.73969E-01    4.17292E-01
    3.42200E+02    8.73867E-01    4.17335E-01
    3.42300E+02    8.74268E-01    4.17167E-01
    3.42400E+02    8.74745E-01    4.16968E-01
    3.42500E+02    8.75323E-01    4.16727E-01
    3.42600E+02    8.75897E-01    4.16488E-01
    3.42700E+02    8.76657E-01    4.16172E-01
    3.42800E+02    8.77657E-01    4.15756E-01
    3.42900E+02    8.79080E-01    4.15165E-01
    3.43000E+02    8.81658E-01    4.14096E-01
    3.43100E+02    8.88506E-01    4.11270E-01
    3.43200E+02    9.16027E-01    4.00105E-01
    3.43300E+02    8.97718E-01    4.07499E-01
    3.43400E+02    8.88004E-01    4.11476E-01
    3.43500E+02    8.98198E-01    4.07303E-01
    3.43600E+02    8.85314E-01    4.12585E-01
    3.43700E+02    8.83539E-01    4.13318E-01
    3.43800E+02    8.83285E-01    4.13423E-01
    3.43900E+02    8.83518E-01    4.13326E-01
    3.44000E+02    8.83914E-01    4.13163E-01
    3.44100E+02    8.84443E-01    4.12944E-01
    3.44200E+02    8.85052E-01    4.12693E-01
    3.44300E+02    8.85716E-01    4.12419E-01
    3.44400E+02    8.86430E-01    4.12125E-01
    3.44500E+02    8.87185E-01    4.11813E-01
    3.44600E+02    8.87999E-01    4.11478E-01
    3.44700E+02    8.88805E-01    4.11147E-01
    3.44800E+02    8.89695E-01    4.10781E-01
    3.44900E+02    8.90566E-01    4.10423E-01
    3.45000E+02    8.91384E-01    4.10088E-01
    3.45100E+02    8.92274E-01    4.09723E-01
    3.45200E+02    8.93201E-01    4.09343E-01
    3.45300E+02    8.94143E-01    4.08958E-01
    3.45400E+02    8.95115E-01    4.08560E-01
    3.45500E+02    8.96104E-01    4.08157E-01
    3.45600E+02    8.97120E-01    4.07742E-01
    3.45700E+02    8.98149E-01    4.07323E-01
    3.45800E+02    8.99199E-01    4.06896E-01
    3.45900E+02    9.00275E-01    4.06458E-01
    3.46000E+02    9.01362E-01    4.06016E-01
    3.46100E+02    9.02478E-01    4.05564E-01
    3.46200E+02    9.03616E-01    4.05102E-01
    3.46300E+02    9.04741E-01    4.04647E-01
    3.46400E+02    9.05935E-01    4.04164E-01
    3.46500E+02    9.07076E-01    4.03703E-01
    3.46600E+02    9.08329E-01    4.03197E-01
    3.46700E+02    9.09528E-01    4.02714E-01
    3.46800E+02    9.10816E-01    4.02196E-01
    3.46900E+02    9.12132E-01    4.01667E-01
    3.47000E+02    9.13345E-01    4.01180E-01
    3.47100E+02    9.14671E-01    4.00648E-01
    3.47200E+02    9.16212E-01    4.00031E-01
    3.47300E+02    9.17380E-01    3.99564E-01
    3.47400E+02    9.18629E-01    3.99066E-01
    3.47500E+02    9.19961E-01    3.98535E-01
    3.47600E+02    9.21372E-01    3.97973E-01
    3.47700E+02    9.22827E-01    3.97394E-01
    3.47800E+02    9.24646E-01    3.96672E-01
    3.47900E+02    9.25708E-01    3.96251E-01
    3.48000E+02    9.27230E-01    3.95648E-01
    3.48100E+02    9.28616E-01    3.95100E-01
    3.48200E+02    9.30110E-01    3.94510E-01
    3.48300E+02    9.31606E-01    3.93921E-01
    3.48400E+02    9.33169E-01    3.93305E-01
    3.48500E+02    9.34755E-01    3.92682E-01
    3.48600E+02    9.36441E-01    3.92021E-01
    3.48700E+02    9.37919E-01    3.91442E-01
    3.48800E+02    9.39578E-01    3.90793E-01
    3.48900E+02    9.41211E-01    3.90155E-01
    3.49000E+02    9.43157E-01    3.89397E-01
    3.49100E+02    9.44573E-01    3.88846E-01
    3.49200E+02    9.46296E-01    3.88176E-01
    3.49300E+02    9.48062E-01    3.87491E-01
    3.49400E+02    9.49939E-01    3.86765E-01
    3.49500E+02    9.52013E-01    3.85963E-01
    3.49600E+02    9.54189E-01    3.85124E-01
    3.49700E+02    9.57726E-01    3.83765E-01
    3.49800E+02    9.59089E-01    3.83242E-01
    3.49900E+02    9.59475E-01    3.83094E-01
    3.50000E+02    9.61008E-01    3.82507E-01
    3.50100E+02    9.62741E-01    3.81845E-01
    3.50200E+02    9.64603E-01    3.81134E-01
    3.50300E+02    9.66527E-01    3.80402E-01
    3.50400E+02    9.68451E-01    3.79671E-01
    3.50500E+02    9.70454E-01    3.78911E-01
    3.50600E+02    9.72524E-01    3.78127E-01
    3.50700E+02    9.74561E-01    3.77358E-01
    3.50800E+02    9.76717E-01    3.76545E-01
    3.50900E+02    9.78867E-01    3.75736E-01
    3.51000E+02    9.81038E-01    3.74922E-01
    3.51100E+02    9.83313E-01    3.74070E-01
    3.51200E+02    9.85630E-01    3.73204E-01
    3.51300E+02    9.88006E-01    3.72318E-01
    3.51400E+02    9.90525E-01    3.71382E-01
    3.51500E+02    9.93215E-01    3.70384E-01
    3.51600E+02    9.95882E-01    3.69398E-01
    3.51700E+02    9.98934E-01    3.68272E-01
    3.51800E+02    1.00234E+00    3.67018E-01
    3.51900E+02    1.00662E+00    3.65453E-01
    3.52000E+02    1.01217E+00    3.63428E-01
    3.52100E+02    1.02120E+00    3.60161E-01
    3.52200E+02    1.04094E+00    3.53121E-01
    3.52300E+02    1.14348E+00    3.18707E-01
    3.52400E+02    1.07214E+00    3.42277E-01
    3.52500E+02    1.04872E+00    3.50384E-01
    3.52600E+02    1.08494E+00    3.37921E-01
    3.52700E+02    1.05300E+00    3.48888E-01
    3.52800E+02    1.12696E+00    3.24015E-01
    3.52900E+02    1.05607E+00    3.47821E-01
    3.53000E+02    1.04056E+00    3.53257E-01
    3.53100E+02    1.03766E+00    3.54284E-01
    3.53200E+02    1.03812E+00    3.54120E-01
    3.53300E+02    1.04039E+00    3.53316E-01
    3.53400E+02    1.04081E+00    3.53168E-01
    3.53500E+02    1.04281E+00    3.52462E-01
    3.53600E+02    1.04497E+00    3.51703E-01
    3.53700E+02    1.04749E+00    3.50818E-01
    3.53800E+02    1.04999E+00    3.49942E-01
    3.53900E+02    1.05266E+00    3.49009E-01
    3.54000E+02    1.05538E+00    3.48060E-01
    3.54100E+02    1.05832E+00    3.47039E-01
    3.54200E+02    1.06129E+00    3.46011E-01
    3.54300E+02    1.06434E+00    3.44957E-01
    3.54400E+02    1.06760E+00    3.43834E-01
    3.54500E+02    1.07121E+00    3.42592E-01
    3.54600E+02    1.07491E+00    3.41329E-01
    3.54700E+02    1.07937E+00    3.39809E-01
    3.54800E+02    1.08549E+00    3.37736E-01
    3.54900E+02    1.09729E+00    3.33775E-01
    3.55000E+02    1.15526E+00    3.14975E-01
    3.55100E+02    1.11167E+00    3.29008E-01
    3.55200E+02    1.10068E+00    3.32645E-01
    3.55300E+02    1.09953E+00    3.33029E-01
    3.55400E+02    1.10109E+00    3.32508E-01
    3.55500E+02    1.10350E+00    3.31707E-01
    3.55600E+02    1.10634E+00    3.30766E-01
    3.55700E+02    1.10946E+00    3.29737E-01
    3.55800E+02    1.11278E+00    3.28646E-01
    3.55900E+02    1.11627E+00    3.27500E-01
    3.56000E+02    1.12003E+00    3.26271E-01
    3.56100E+02    1.12501E+00    3.24650E-01
    3.56200E+02    1.12739E+00    3.23879E-01
    3.56300E+02    1.13140E+00    3.22583E-01
    3.56400E+02    1.13780E+00    3.20524E-01
    3.56500E+02    1.13956E+00    3.19959E-01
    3.56600E+02    1.14308E+00    3.18836E-01
    3.56700E+02    1.14696E+00    3.17600E-01
    3.56800E+02    1.15103E+00    3.16312E-01
    3.56900E+02    1.15533E+00    3.14954E-01
    3.57000E+02    1.15992E+00    3.13510E-01
    3.57100E+02    1.16483E+00    3.11976E-01
    3.57200E+02    1.17021E+00    3.10303E-01
    3.57300E+02    1.17684E+00    3.08251E-01
    3.57400E+02    1.18518E+00    3.05691E-01
    3.57500E+02    1.20083E+00    3.00945E-01
    3.57600E+02    1.26645E+00    2.81829E-01
    3.57700E+02    1.23095E+00    2.92015E-01
    3.57800E+02    1.21047E+00    2.98058E-01
    3.57900E+02    1.21008E+00    2.98173E-01
    3.58000E+02    1.21602E+00    2.96409E-01
    3.58100E+02    1.23188E+00    2.91743E-01
    3.58200E+02    1.36312E+00    2.55862E-01
    3.58300E+02    1.24252E+00    2.88655E-01
    3.58400E+02    1.23771E+00    2.90047E-01
    3.58500E+02    1.24303E+00    2.88507E-01
    3.58600E+02    1.25471E+00    2.85158E-01
    3.58700E+02    1.28059E+00    2.77873E-01
    3.58800E+02    1.37465E+00    2.52928E-01
    3.58900E+02    1.39435E+00    2.47994E-01
    3.59000E+02    1.29716E+00    2.73307E-01
    3.59100E+02    1.28003E+00    2.78029E-01
    3.59200E+02    1.27722E+00    2.78813E-01
    3.59300E+02    1.27970E+00    2.78121E-01
    3.59400E+02    1.28566E+00    2.76469E-01
    3.59500E+02    1.29769E+00    2.73163E-01
    3.59600E+02    1.34011E+00    2.61818E-01
    3.59700E+02    1.34308E+00    2.61039E-01
    3.59800E+02    1.31240E+00    2.69173E-01
    3.59900E+02    1.31044E+00    2.69700E-01
    3.60000E+02    1.31312E+00    2.68978E-01
    3.60100E+02    1.31711E+00    2.67909E-01
    3.60200E+02    1.32211E+00    2.66574E-01
    3.60300E+02    1.32768E+00    2.65091E-01
    3.60400E+02    1.33355E+00    2.63539E-01
    3.60500E+02    1.33970E+00    2.61924E-01
    3.60600E+02    1.34606E+00    2.60263E-01
    3.60700E+02    1.35247E+00    2.58600E-01
    3.60800E+02    1.35915E+00    2.56880E-01
    3.60900E+02    1.36612E+00    2.55094E-01
    3.61000E+02    1.37298E+00    2.53352E-01
    3.61100E+02    1.38025E+00    2.51516E-01
    3.61200E+02    1.38757E+00    2.49682E-01
    3.61300E+02    1.39526E+00    2.47768E-01
    3.61400E+02    1.40349E+00    2.45739E-01
    3.61500E+02    1.41313E+00    2.43379E-01
    3.61600E+02    1.42902E+00    2.39544E-01
    3.61700E+02    1.44890E+00    2.34828E-01
    3.61800E+02    1.43868E+00    2.37241E-01
    3.61900E+02    1.44316E+00    2.36180E-01
    3.62000E+02    1.45016E+00    2.34533E-01
    3.62100E+02    1.45805E+00    2.32689E-01
    3.62200E+02    1.46649E+00    2.30735E-01
    3.62300E+02    1.47537E+00    2.28694E-01
    3.62400E+02    1.48360E+00    2.26820E-01
    3.62500E+02    1.49259E+00    2.24789E-01
    3.62600E+02    1.50239E+00    2.22598E-01
    3.62700E+02    1.51125E+00    2.20634E-01
    3.62800E+02    1.52097E+00    2.18500E-01
    3.62900E+02    1.53116E+00    2.16284E-01
    3.63000E+02    1.54138E+00    2.14086E-01
    3.63100E+02    1.55272E+00    2.11672E-01
    3.63200E+02    1.56420E+00    2.09256E-01
    3.63300E+02    1.57871E+00    2.06240E-01
    3.63400E+02    1.60511E+00    2.00867E-01
    3.63500E+02    1.64086E+00    1.93813E-01
    3.63600E+02    1.61823E+00    1.98250E-01
    3.63700E+02    1.62465E+00    1.96980E-01
    3.63800E+02    1.63268E+00    1.95406E-01
    3.63900E+02    1.64432E+00    1.93144E-01
    3.64000E+02    1.65810E+00    1.90500E-01
    3.64100E+02    1.67442E+00    1.87417E-01
    3.64200E+02    1.69580E+00    1.83453E-01
    3.64300E+02    1.73218E+00    1.76899E-01
    3.64400E+02    1.85765E+00    1.56038E-01
    3.64500E+02    1.85651E+00    1.56216E-01
    3.64600E+02    1.77073E+00    1.70209E-01
    3.64700E+02    1.76197E+00    1.71707E-01
    3.64800E+02    1.76744E+00    1.70769E-01
    3.64900E+02    1.77776E+00    1.69016E-01
    3.65000E+02    1.79045E+00    1.66885E-01
    3.65100E+02    1.80453E+00    1.64551E-01
    3.65200E+02    1.81960E+00    1.62091E-01
    3.65300E+02    1.83611E+00    1.59437E-01
    3.65400E+02    1.85211E+00    1.56906E-01
    3.65500E+02    1.86935E+00    1.54224E-01
    3.65600E+02    1.88734E+00    1.51475E-01
    3.65700E+02    1.90616E+00    1.48650E-01
    3.65800E+02    1.92643E+00    1.45668E-01
    3.65900E+02    1.94638E+00    1.42790E-01
    3.66000E+02    1.96738E+00    1.39822E-01
    3.66100E+02    1.98973E+00    1.36732E-01
    3.66200E+02    2.01339E+00    1.33535E-01
    3.66300E+02    2.03841E+00    1.30235E-01
    3.66400E+02    2.06543E+00    1.26763E-01
    3.66500E+02    2.09538E+00    1.23023E-01
    3.66600E+02    2.13130E+00    1.18683E-01
    3.66700E+02    2.18880E+00    1.12051E-01
    3.66800E+02    2.29084E+00    1.01182E-01
    3.66900E+02    2.23871E+00    1.06596E-01
    3.67000E+02    2.26296E+00    1.04042E-01
    3.67100E+02    2.29969E+00    1.00290E-01
    3.67200E+02    2.34310E+00    9.60294E-02
    3.67300E+02    2.39289E+00    9.13655E-02
    3.67400E+02    2.44875E+00    8.64016E-02
    3.67500E+02    2.51219E+00    8.10909E-02
    3.67600E+02    2.58560E+00    7.53509E-02
    3.67700E+02    2.67129E+00    6.91627E-02
    3.67800E+02    2.77233E+00    6.25163E-02
    3.67900E+02    2.89499E+00    5.52997E-02
    3.68000E+02    3.04607E+00    4.75455E-02
    3.68100E+02    3.23983E+00    3.91707E-02
    3.68200E+02    3.49966E+00    3.02077E-02
    3.68300E+02    3.87877E+00    2.06762E-02
    3.68400E+02    4.51948E+00    1.08947E-02
    3.68500E+02    7.12993E+00    8.00777E-04
    3.68600E+02    4.54961E+00    1.05714E-02
    3.68700E+02    3.97804E+00    1.87223E-02
    3.68800E+02    3.66490E+00    2.56066E-02
    3.68900E+02    3.47104E+00    3.10847E-02
    3.69000E+02    3.33587E+00    3.55837E-02
    3.69100E+02    3.23579E+00    3.93293E-02
    3.69200E+02    3.16985E+00    4.20100E-02
    3.69300E+02    3.12583E+00    4.39006E-02
    3.69400E+02    3.09792E+00    4.51429E-02
    3.69500E+02    3.08257E+00    4.58413E-02
    3.69600E+02    3.07720E+00    4.60882E-02
    3.69700E+02    3.07982E+00    4.59674E-02
    3.69800E+02    3.08915E+00    4.55405E-02
    3.69900E+02    3.10419E+00    4.48610E-02
    3.70000E+02    3.12445E+00    4.39609E-02
    3.70100E+02    3.14842E+00    4.29200E-02
    3.70200E+02    3.17586E+00    4.17582E-02
    3.70300E+02    3.20709E+00    4.04744E-02
    3.70400E+02    3.24150E+00    3.91050E-02
    3.70500E+02    3.27908E+00    3.76630E-02
    3.70600E+02    3.31974E+00    3.61621E-02
    3.70700E+02    3.36391E+00    3.45998E-02
    3.70800E+02    3.41265E+00    3.29539E-02
    3.70900E+02    3.47163E+00    3.10664E-02
    3.71000E+02    3.59524E+00    2.74541E-02
    3.71100E+02    3.58779E+00    2.76594E-02
    3.71200E+02    3.61857E+00    2.68209E-02
    3.71300E+02    3.66859E+00    2.55124E-02
    3.71400E+02    3.72470E+00    2.41204E-02
    3.71500E+02    3.78459E+00    2.27183E-02
    3.71600E+02    3.84747E+00    2.13336E-02
    3.71700E+02    3.91327E+00    1.99750E-02
    3.71800E+02    3.98184E+00    1.86512E-02
    3.71900E+02    4.05318E+00    1.73670E-02
    3.72000E+02    4.12755E+00    1.61224E-02
    3.72100E+02    4.20460E+00    1.49267E-02
    3.72200E+02    4.28477E+00    1.37767E-02
    3.72300E+02    4.36815E+00    1.26747E-02
    3.72400E+02    4.45480E+00    1.16226E-02
    3.72500E+02    4.54487E+00    1.06215E-02
    3.72600E+02    4.63866E+00    9.67068E-03
    3.72700E+02    4.73606E+00    8.77316E-03
    3.72800E+02    4.83716E+00    7.92952E-03
    3.72900E+02    4.94268E+00    7.13542E-03
    3.73000E+02    5.05439E+00    6.38128E-03
    3.73100E+02    5.16636E+00    5.70532E-03
    3.73200E+02    5.28514E+00    5.06633E-03
    3.73300E+02    5.40854E+00    4.47818E-03
    3.73400E+02    5.53740E+00    3.93677E-03
    3.73500E+02    5.67198E+00    3.44103E-03
    3.73600E+02    5.81239E+00    2.99027E-03
    3.73700E+02    5.95849E+00    2.58381E-03
    3.73800E+02    6.11166E+00    2.21686E-03
    3.73900E+02    6.27146E+00    1.88947E-03
    3.74000E+02    6.43823E+00    1.59923E-03
    3.74100E+02    6.61317E+00    1.34257E-03
    3.74200E+02    6.79618E+00    1.11804E-03
    3.74300E+02    6.98824E+00    9.22670E-04
    3.74400E+02    7.18856E+00    7.55175E-04
    3.74500E+02    7.39917E+00    6.11759E-04
    3.74600E+02    7.62033E+00    4.90379E-04
    3.74700E+02    7.85293E+00    3.88612E-04
    3.74800E+02    8.09801E+00    3.04145E-04
    3.74900E+02    8.35759E+00    2.34610E-04
    3.75000E+02    8.63616E+00    1.77567E-04
    3.75100E+02    8.95309E+00    1.29337E-04
    3.75200E+02    9.34696E+00    8.72301E-05
    3.75300E+02    9.54522E+00    7.15422E-05
    3.75400E+02    9.85867E+00    5.22920E-05
    3.75500E+02    1.02029E+01    3.70634E-05
    3.75600E+02    1.05700E+01    2.56747E-05
    3.75700E+02    1.09607E+01    1.73715E-05
    3.75800E+02    1.13749E+01    1.14796E-05
    3.75900E+02    1.18159E+01    7.38649E-06
    3.76000E+02    1.22875E+01    4.60893E-06
    3.76100E+02    1.27818E+01    2.81161E-06
    3.76200E+02    1.33300E+01    1.62507E-06
    3.76300E+02    1.38790E+01    9.38518E-07
    3.76400E+02    1.44610E+01    5.24428E-07
    3.76500E+02    1.50932E+01    2.78690E-07
    3.76600E+02    1.57699E+01    1.41646E-07
    3.76700E+02    1.64935E+01    6.87021E-08
    3.76800E+02    1.72676E+01    3.16779E-08
    3.76900E+02    1.80961E+01    1.38346E-08
    3.77000E+02    1.89843E+01    5.69135E-09
    3.77100E+02    1.99368E+01    2.19562E-09
    3.77200E+02    2.09600E+01    7.89200E-10
    3.77300E+02    2.20598E+01    2.62753E-10
    3.77400E+02    2.32427E+01    8.05027E-11
    3.77500E+02    2.45175E+01    2.24992E-11
    3.77600E+02    2.58909E+01    5.69775E-12
    3.77700E+02    2.73734E+01    1.29387E-12
    3.77800E+02    2.89738E+01    2.61109E-13
    3.77900E+02    3.07042E+01    4.62732E-14
    3.78000E+02    3.25760E+01    7.11910E-15
    3.78100E+02    3.46051E+01    9.35830E-16
    3.78200E+02    3.68212E+01    1.02040E-16
    3.78300E+02    3.92887E+01    8.65275E-18
    3.78400E+02    4.17237E+01    7.57962E-19
    3.78500E+02    4.44696E+01    4.86527E-20
    3.78600E+02    4.74480E+01    2.47521E-21
    3.78700E+02    5.07021E+01    9.55805E-23
    3.78800E+02    5.41046E+01    3.18167E-24
    3.78900E+02    5.77936E+01    7.95324E-26
    3.79000E+02    6.17364E+01    1.54244E-27
    3.79100E+02    6.59305E+01    2.32679E-29
    3.79200E+02    7.03500E+01    2.80137E-31
    3.79300E+02    7.49698E+01    2.76065E-33
    3.79400E+02    7.97498E+01    2.31790E-35
    3.79500E+02    8.46249E+01    1.76953E-37
    3.79600E+02    8.95051E+01    1.34415E-39
    3.79700E+02    9.42703E+01    1.14529E-41
    3.79800E+02    9.87708E+01    1.27177E-43
    3.79900E+02    1.02816E+02    2.22652E-45
    3.80000E+02    1.06176E+02    7.73205E-47
    3.80100E+02    1.08571E+02    7.04785E-48
    3.80200E+02    1.09572E+02    2.59188E-48
    3.80300E+02    1.08597E+02    6.86888E-48
    3.80400E+02    1.06257E+02    7.12796E-47
    3.80500E+02    1.02963E+02    1.92215E-45
    3.80600E+02    9.89783E+01    1.03338E-43
    3.80700E+02    9.45438E+01    8.71240E-42
    3.80800E+02    8.98392E+01    9.62310E-40
    3.80900E+02    8.50147E+01    1.19833E-37
    3.81000E+02    8.01952E+01    1.48477E-35
    3.81100E+02    7.54607E+01    1.68974E-33
    3.81200E+02    7.08763E+01    1.65512E-31
    3.81300E+02    6.64918E+01    1.32730E-29
    3.81400E+02    6.23324E+01    8.49930E-28
    3.81500E+02    5.84080E+01    4.30238E-26
    3.81600E+02    5.47336E+01    1.69625E-24
    3.81700E+02    5.12992E+01    5.26046E-23
    3.81800E+02    4.80999E+01    1.28966E-21
    3.81900E+02    4.51302E+01    2.51315E-20
    3.82000E+02    4.23763E+01    3.94658E-19
    3.82100E+02    3.98275E+01    5.04795E-18
    3.82200E+02    3.74666E+01    5.35109E-17
    3.82300E+02    3.52794E+01    4.76834E-16
    3.82400E+02    3.32578E+01    3.60030E-15
    3.82500E+02    3.13873E+01    2.33706E-14
    3.82600E+02    2.96559E+01    1.32004E-13
    3.82700E+02    2.80527E+01    6.55933E-13
    3.82800E+02    2.65667E+01    2.89899E-12
    3.82900E+02    2.51876E+01    1.15121E-11
    3.83000E+02    2.39084E+01    4.13731E-11
    3.83100E+02    2.27198E+01    1.35811E-10
    3.83200E+02    2.16143E+01    4.10251E-10
    3.83300E+02    2.05860E+01    1.14719E-09
    3.83400E+02    1.96265E+01    2.99450E-09
    3.83500E+02    1.87322E+01    7.32366E-09
    3.83600E+02    1.78972E+01    1.68788E-08
    3.83700E+02    1.71164E+01    3.68514E-08
    3.83800E+02    1.63867E+01    7.64483E-08
    3.83900E+02    1.57029E+01    1.51459E-07
    3.84000E+02    1.50618E+01    2.87565E-07
    3.84100E+02    1.44603E+01    5.24777E-07
    3.84200E+02    1.38954E+01    9.23257E-07
    3.84300E+02    1.33640E+01    1.57064E-06
    3.84400E+02    1.28643E+01    2.58884E-06
    3.84500E+02    1.23938E+01    4.14434E-06
    3.84600E+02    1.19510E+01    6.45259E-06
    3.84700E+02    1.15318E+01    9.81305E-06
    3.84800E+02    1.11359E+01    1.45789E-05
    3.84900E+02    1.07618E+01    2.11934E-05
    3.85000E+02    1.04079E+01    3.01936E-05
    3.85100E+02    1.00731E+01    4.21978E-05
    3.85200E+02    9.75586E+00    5.79543E-05
    3.85300E+02    9.45566E+00    7.82453E-05
    3.85400E+02    9.16861E+00    1.04261E-04
    3.85500E+02    8.89703E+00    1.36794E-04
    3.85600E+02    8.63888E+00    1.77086E-04
    3.85700E+02    8.39253E+00    2.26554E-04
    3.85800E+02    8.15818E+00    2.86384E-04
    3.85900E+02    7.93393E+00    3.58376E-04
    3.86000E+02    7.71982E+00    4.43939E-04
    3.86100E+02    7.51563E+00    5.44505E-04
    3.86200E+02    7.32078E+00    6.61644E-04
    3.86300E+02    7.13469E+00    7.96977E-04
    3.86400E+02    6.95608E+00    9.52823E-04
    3.86500E+02    6.78539E+00    1.13017E-03
    3.86600E+02    6.62309E+00    1.32932E-03
    3.86700E+02    6.46728E+00    1.55345E-03
    3.86800E+02    6.31954E+00    1.80078E-03
    3.86900E+02    6.17863E+00    2.07326E-03
    3.87000E+02    6.04914E+00    2.35988E-03
    3.87100E+02    5.97730E+00    2.53565E-03
    3.87200E+02    5.81221E+00    2.99082E-03
    3.87300E+02    5.76147E+00    3.14648E-03
    3.87400E+02    5.56078E+00    3.84577E-03
    3.87500E+02    5.43714E+00    4.35193E-03
    3.87600E+02    5.32516E+00    4.86758E-03
    3.87700E+02    5.22022E+00    5.40615E-03
    3.87800E+02    5.12038E+00    5.97378E-03
    3.87900E+02    5.02500E+00    6.57160E-03
    3.88000E+02    4.93389E+00    7.19846E-03
    3.88100E+02    4.84580E+00    7.86131E-03
    3.88200E+02    4.76167E+00    8.55134E-03
    3.88300E+02    4.68097E+00    9.27002E-03
    3.88400E+02    4.60358E+00    1.00159E-02
    3.88500E+02    4.52933E+00    1.07879E-02
    3.88600E+02    4.45813E+00    1.15841E-02
    3.88700E+02    4.38983E+00    1.24028E-02
    3.88800E+02    4.32450E+00    1.32402E-02
    3.88900E+02    4.26225E+00    1.40906E-02
    3.89000E+02    4.20197E+00    1.49661E-02
    3.89100E+02    4.14441E+00    1.58527E-02
    3.89200E+02    4.08949E+00    1.67478E-02
    3.89300E+02    4.03706E+00    1.76494E-02
    3.89400E+02    3.98686E+00    1.85578E-02
    3.89500E+02    3.93880E+00    1.94716E-02
    3.89600E+02    3.89289E+00    2.03864E-02
    3.89700E+02    3.84886E+00    2.13039E-02
    3.89800E+02    3.80657E+00    2.22243E-02
    3.89900E+02    3.76576E+00    2.31501E-02
    3.90000E+02    3.72624E+00    2.40832E-02
    3.90100E+02    3.68754E+00    2.50335E-02
    3.90200E+02    3.64939E+00    2.60070E-02
    3.90300E+02    3.61157E+00    2.70095E-02
    3.90400E+02    3.57355E+00    2.80560E-02
    3.90500E+02    3.53519E+00    2.91532E-02
    3.90600E+02    3.49579E+00    3.03248E-02
    3.90700E+02    3.45448E+00    3.16038E-02
    3.90800E+02    3.41215E+00    3.29703E-02
    3.90900E+02    3.36936E+00    3.44117E-02
    3.91000E+02    3.32646E+00    3.59201E-02
    3.91100E+02    3.28375E+00    3.74872E-02
    3.91200E+02    3.24163E+00    3.91002E-02
    3.91300E+02    3.20075E+00    4.07318E-02
    3.91400E+02    3.15946E+00    4.24485E-02
    3.91500E+02    3.12004E+00    4.41556E-02
    3.91600E+02    3.08069E+00    4.59276E-02
    3.91700E+02    3.04295E+00    4.76938E-02
    3.91800E+02    3.00660E+00    4.94597E-02
    3.91900E+02    2.97253E+00    5.11738E-02
    3.92000E+02    2.93766E+00    5.29895E-02
    3.92100E+02    2.90498E+00    5.47498E-02
    3.92200E+02    2.87404E+00    5.64704E-02
    3.92300E+02    2.84542E+00    5.81100E-02
    3.92400E+02    2.82080E+00    5.95582E-02
    3.92500E+02    2.80542E+00    6.04815E-02
    3.92600E+02    2.83796E+00    5.85448E-02
    3.92700E+02    2.82343E+00    5.94020E-02
    3.92800E+02    2.72511E+00    6.55387E-02
    3.92900E+02    2.68358E+00    6.83178E-02
    3.93000E+02    2.65263E+00    7.04654E-02
    3.93100E+02    2.62550E+00    7.24038E-02
    3.93200E+02    2.60051E+00    7.42354E-02
    3.93300E+02    2.57648E+00    7.60409E-02
    3.93400E+02    2.55368E+00    7.77947E-02
    3.93500E+02    2.53150E+00    7.95395E-02
    3.93600E+02    2.51015E+00    8.12563E-02
    3.93700E+02    2.48953E+00    8.29493E-02
    3.93800E+02    2.46957E+00    8.46209E-02
    3.93900E+02    2.45020E+00    8.62766E-02
    3.94000E+02    2.43144E+00    8.79097E-02
    3.94100E+02    2.41329E+00    8.95204E-02
    3.94200E+02    2.39532E+00    9.11431E-02
    3.94300E+02    2.37791E+00    9.27442E-02
    3.94400E+02    2.36102E+00    9.43244E-02
    3.94500E+02    2.34469E+00    9.58769E-02
    3.94600E+02    2.32882E+00    9.74110E-02
    3.94700E+02    2.31345E+00    9.89199E-02
    3.94800E+02    2.29881E+00    1.00378E-01
    3.94900E+02    2.28542E+00    1.01731E-01
    3.95000E+02    2.27699E+00    1.02593E-01
    3.95100E+02    2.26816E+00    1.03503E-01
    3.95200E+02    2.24377E+00    1.06058E-01
    3.95300E+02    2.22831E+00    1.07710E-01
    3.95400E+02    2.21455E+00    1.09203E-01
    3.95500E+02    2.20134E+00    1.10654E-01
    3.95600E+02    2.18867E+00    1.12066E-01
    3.95700E+02    2.17646E+00    1.13443E-01
    3.95800E+02    2.16458E+00    1.14798E-01
    3.95900E+02    2.15312E+00    1.16122E-01
    3.96000E+02    2.14205E+00    1.17414E-01
    3.96100E+02    2.13162E+00    1.18645E-01
    3.96200E+02    2.12197E+00    1.19796E-01
    3.96300E+02    2.11409E+00    1.20743E-01
    3.96400E+02    2.11164E+00    1.21040E-01
    3.96500E+02    2.14788E+00    1.16731E-01
    3.96600E+02    2.10666E+00    1.21643E-01
    3.96700E+02    2.07827E+00    1.25147E-01
    3.96800E+02    2.06505E+00    1.26811E-01
    3.96900E+02    2.05746E+00    1.27778E-01
    3.97000E+02    2.07128E+00    1.26024E-01
    3.97100E+02    2.04457E+00    1.29436E-01
    3.97200E+02    2.02636E+00    1.31815E-01
    3.97300E+02    2.01521E+00    1.33293E-01
    3.97400E+02    2.00574E+00    1.34561E-01
    3.97500E+02    1.99688E+00    1.35758E-01
    3.97600E+02    1.98846E+00    1.36906E-01
    3.97700E+02    1.98032E+00    1.38025E-01
    3.97800E+02    1.97248E+00    1.39111E-01
    3.97900E+02    1.96485E+00    1.40177E-01
    3.98000E+02    1.95738E+00    1.41228E-01
    3.98100E+02    1.95003E+00    1.42270E-01
    3.98200E+02    1.94291E+00    1.43287E-01
    3.98300E+02    1.93597E+00    1.44284E-01
    3.98400E+02    1.92922E+00    1.45261E-01
    3.98500E+02    1.92261E+00    1.46225E-01
    3.98600E+02    1.91618E+00    1.47168E-01
    3.98700E+02    1.90989E+00    1.48097E-01
    3.98800E+02    1.90379E+00    1.49003E-01
    3.98900E+02    1.89789E+00    1.49884E-01
    3.99000E+02    1.89218E+00    1.50744E-01
    3.99100E+02    1.88672E+00    1.51568E-01
    3.99200E+02    1.88205E+00    1.52277E-01
    3.99300E+02    1.87726E+00    1.53009E-01
    3.99400E+02    1.87141E+00    1.53907E-01
    3.99500E+02    1.86707E+00    1.54576E-01
    3.99600E+02    1.86228E+00    1.55317E-01
    3.99700E+02    1.85887E+00    1.55848E-01
    3.99800E+02    1.85702E+00    1.56137E-01
    3.99900E+02    1.85931E+00    1.55780E-01

