#	Freq	Err	Trans
    5.49900E+02    1.45080E+02    9.83389E-64
    5.50000E+02    1.48932E+02    2.08842E-65
    5.50100E+02    1.52951E+02    3.75013E-67
    5.50200E+02    1.57147E+02    5.64964E-69
    5.50300E+02    1.61525E+02    7.08594E-71
    5.50400E+02    1.66099E+02    7.31109E-73
    5.50500E+02    1.70878E+02    6.14509E-75
    5.50600E+02    1.75871E+02    4.17162E-77
    5.50700E+02    1.81093E+02    2.25161E-79
    5.50800E+02    1.86563E+02    9.47417E-82
    5.50900E+02    1.92324E+02    2.98271E-84
    5.51000E+02    1.98584E+02    5.70118E-87
    5.51100E+02    2.04527E+02    1.49585E-89
    5.51200E+02    2.11024E+02    2.25639E-92
    5.51300E+02    2.17897E+02    2.33620E-95
    5.51400E+02    2.25123E+02    1.69999E-98
    5.51500E+02    2.32631E+02    9.32079E-100
    5.51600E+02    2.40521E+02    3.49133E-100
    5.51700E+02    2.48812E+02    8.75805E-100
    5.51800E+02    2.57544E+02    1.41267E-100
    5.51900E+02    2.66713E+02    1.47248E-100
    5.52000E+02    2.76355E+02    9.56348E-100
    5.52100E+02    2.86505E+02    3.73712E-100
    5.52200E+02    2.97185E+02    8.59064E-100
    5.52300E+02    3.08440E+02    1.11200E-100
    5.52400E+02    3.20330E+02    7.62841E-100
    5.52500E+02    3.32877E+02    2.71158E-100
    5.52600E+02    3.46143E+02    4.69810E-100
    5.52700E+02    3.60169E+02    3.80655E-100
    5.52800E+02    3.75036E+02    1.33063E-100
    5.52900E+02    3.90780E+02    1.93385E-100
    5.53000E+02    4.07487E+02    1.07294E-100
    5.53100E+02    4.25216E+02    2.14243E-100
    5.53200E+02    4.44048E+02    1.42100E-100
    5.53300E+02    4.64082E+02    2.82955E-100
    5.53400E+02    4.85398E+02    1.56489E-100
    5.53500E+02    5.08094E+02    2.17534E-100
    5.53600E+02    5.32293E+02    6.73085E-100
    5.53700E+02    5.58075E+02    4.27744E-100
    5.53800E+02    5.85619E+02    4.66635E-100
    5.53900E+02    6.15045E+02    7.75163E-100
    5.54000E+02    6.46493E+02    1.70481E-100
    5.54100E+02    6.80143E+02    4.14667E-100
    5.54200E+02    7.16135E+02    9.69801E-100
    5.54300E+02    7.54708E+02    0.00000E+00
    5.54400E+02    7.96023E+02    0.00000E+00
    5.54500E+02    8.40299E+02    0.00000E+00
    5.54600E+02    8.87757E+02    0.00000E+00
    5.54700E+02    9.38656E+02    0.00000E+00
    5.54800E+02    9.93216E+02    0.00000E+00
    5.54900E+02    1.05170E+03    0.00000E+00
    5.55000E+02    1.11434E+03    0.00000E+00
    5.55100E+02    1.18138E+03    0.00000E+00
    5.55200E+02    1.25307E+03    0.00000E+00
    5.55300E+02    1.32959E+03    0.00000E+00
    5.55400E+02    1.41112E+03    0.00000E+00
    5.55500E+02    1.49774E+03    0.00000E+00
    5.55600E+02    1.58947E+03    0.00000E+00
    5.55700E+02    1.68620E+03    0.00000E+00
    5.55800E+02    1.78766E+03    0.00000E+00
    5.55900E+02    1.89343E+03    0.00000E+00
    5.56000E+02    2.00276E+03    0.00000E+00
    5.56100E+02    2.11475E+03    0.00000E+00
    5.56200E+02    2.22794E+03    0.00000E+00
    5.56300E+02    2.34033E+03    0.00000E+00
    5.56400E+02    2.44992E+03    0.00000E+00
    5.56500E+02    2.55372E+03    0.00000E+00
    5.56600E+02    2.64811E+03    0.00000E+00
    5.56700E+02    2.72854E+03    0.00000E+00
    5.56800E+02    2.79010E+03    0.00000E+00
    5.56900E+02    2.82549E+03    0.00000E+00
    5.57000E+02    2.82008E+03    0.00000E+00
    5.57100E+02    2.77847E+03    0.00000E+00
    5.57200E+02    2.71287E+03    0.00000E+00
    5.57300E+02    2.62986E+03    0.00000E+00
    5.57400E+02    2.53405E+03    0.00000E+00
    5.57500E+02    2.42965E+03    0.00000E+00
    5.57600E+02    2.32024E+03    0.00000E+00
    5.57700E+02    2.20844E+03    0.00000E+00
    5.57800E+02    2.09624E+03    0.00000E+00
    5.57900E+02    1.98567E+03    0.00000E+00
    5.58000E+02    1.87780E+03    0.00000E+00
    5.58100E+02    1.77359E+03    0.00000E+00
    5.58200E+02    1.67374E+03    0.00000E+00
    5.58300E+02    1.57863E+03    0.00000E+00
    5.58400E+02    1.48849E+03    0.00000E+00
    5.58500E+02    1.40336E+03    0.00000E+00
    5.58600E+02    1.32328E+03    0.00000E+00
    5.58700E+02    1.24810E+03    0.00000E+00
    5.58800E+02    1.17763E+03    0.00000E+00
    5.58900E+02    1.11173E+03    0.00000E+00
    5.59000E+02    1.05013E+03    0.00000E+00
    5.59100E+02    9.92605E+02    0.00000E+00
    5.59200E+02    9.38903E+02    0.00000E+00
    5.59300E+02    8.88781E+02    0.00000E+00
    5.59400E+02    8.42003E+02    0.00000E+00
    5.59500E+02    7.98351E+02    0.00000E+00
    5.59600E+02    7.57585E+02    0.00000E+00
    5.59700E+02    7.19538E+02    3.22516E-100
    5.59800E+02    6.84049E+02    8.34275E-100
    5.59900E+02    6.50733E+02    2.45647E-100
    5.60000E+02    6.19562E+02    8.46344E-100
    5.60100E+02    5.90408E+02    3.88289E-100
    5.60200E+02    5.63101E+02    2.80875E-100
    5.60300E+02    5.37496E+02    3.70223E-100
    5.60400E+02    5.13473E+02    1.00371E-100
    5.60500E+02    4.90910E+02    6.31631E-100
    5.60600E+02    4.69707E+02    1.02087E-100
    5.60700E+02    4.49764E+02    4.67631E-100
    5.60800E+02    4.31002E+02    6.58050E-100
    5.60900E+02    4.13320E+02    3.14428E-100
    5.61000E+02    3.96638E+02    5.52641E-100
    5.61100E+02    3.80896E+02    3.79380E-100
    5.61200E+02    3.66034E+02    1.08016E-100
    5.61300E+02    3.51992E+02    1.35438E-100
    5.61400E+02    3.38691E+02    8.10165E-100
    5.61500E+02    3.26109E+02    2.35815E-100
    5.61600E+02    3.14187E+02    3.54901E-100
    5.61700E+02    3.02886E+02    2.87167E-100
    5.61800E+02    2.92165E+02    1.30176E-100
    5.61900E+02    2.81983E+02    3.43720E-100
    5.62000E+02    2.72302E+02    5.50708E-100
    5.62100E+02    2.63100E+02    5.45685E-100
    5.62200E+02    2.54339E+02    3.48337E-100
    5.62300E+02    2.45998E+02    1.46065E-100
    5.62400E+02    2.38057E+02    4.10534E-100
    5.62500E+02    2.30475E+02    8.04999E-100
    5.62600E+02    2.23254E+02    1.10107E-97
    5.62700E+02    2.16354E+02    1.09295E-94
    5.62800E+02    2.09754E+02    8.03357E-92
    5.62900E+02    2.03452E+02    4.38578E-89
    5.63000E+02    1.97435E+02    1.79926E-86
    5.63100E+02    1.91668E+02    5.74701E-84
    5.63200E+02    1.86145E+02    1.43898E-81
    5.63300E+02    1.80858E+02    2.84701E-79
    5.63400E+02    1.75794E+02    4.50350E-77
    5.63500E+02    1.70929E+02    5.83840E-75
    5.63600E+02    1.66257E+02    6.24380E-73
    5.63700E+02    1.61775E+02    5.51882E-71
    5.63800E+02    1.57472E+02    4.08008E-69
    5.63900E+02    1.53335E+02    2.55452E-67
    5.64000E+02    1.49361E+02    1.35981E-65
    5.64100E+02    1.45536E+02    6.23006E-64
    5.64200E+02    1.41856E+02    2.47115E-62
    5.64300E+02    1.38311E+02    8.55278E-61
    5.64400E+02    1.34899E+02    2.59381E-59
    5.64500E+02    1.31611E+02    6.95478E-58
    5.64600E+02    1.28440E+02    1.65621E-56
    5.64700E+02    1.25382E+02    3.52570E-55
    5.64800E+02    1.22432E+02    6.73600E-54
    5.64900E+02    1.19586E+02    1.15958E-52
    5.65000E+02    1.16837E+02    1.81337E-51
    5.65100E+02    1.14183E+02    2.57556E-50
    5.65200E+02    1.11618E+02    3.34877E-49
    5.65300E+02    1.09139E+02    3.99318E-48
    5.65400E+02    1.06744E+02    4.38208E-47
    5.65500E+02    1.04428E+02    4.44136E-46
    5.65600E+02    1.02192E+02    4.15442E-45
    5.65700E+02    1.00096E+02    3.37979E-44
    5.65800E+02    9.79233E+01    2.96778E-43
    5.65900E+02    9.58841E+01    2.28067E-42
    5.66000E+02    9.39213E+01    1.62370E-41
    5.66100E+02    9.20365E+01    1.06919E-40
    5.66200E+02    9.02759E+01    6.21832E-40
    5.66300E+02    8.91362E+01    1.94375E-39
    5.66400E+02    8.67184E+01    2.18113E-38
    5.66500E+02    8.49580E+01    1.26830E-37
    5.66600E+02    8.33129E+01    6.57180E-37
    5.66700E+02    8.18267E+01    2.90477E-36
    5.66800E+02    8.02174E+01    1.45223E-35
    5.66900E+02    7.86873E+01    6.70729E-35
    5.67000E+02    7.71630E+01    3.08001E-34
    5.67100E+02    7.57191E+01    1.30507E-33
    5.67200E+02    7.43233E+01    5.27010E-33
    5.67300E+02    7.29692E+01    2.04114E-32
    5.67400E+02    7.16553E+01    7.59434E-32
    5.67500E+02    7.03768E+01    2.72730E-31
    5.67600E+02    6.91335E+01    9.45548E-31
    5.67700E+02    6.79252E+01    3.16565E-30
    5.67800E+02    6.67542E+01    1.02096E-29
    5.67900E+02    6.56011E+01    3.23438E-29
    5.68000E+02    6.44839E+01    9.88583E-29
    5.68100E+02    6.33959E+01    2.93427E-28
    5.68200E+02    6.23364E+01    8.46534E-28
    5.68300E+02    6.13031E+01    2.37894E-27
    5.68400E+02    6.02961E+01    6.51265E-27
    5.68500E+02    5.93151E+01    1.73687E-26
    5.68600E+02    5.83564E+01    4.53064E-26
    5.68700E+02    5.74237E+01    1.15129E-25
    5.68800E+02    5.65116E+01    2.86633E-25
    5.68900E+02    5.56231E+01    6.96951E-25
    5.69000E+02    5.47549E+01    1.66047E-24
    5.69100E+02    5.39090E+01    3.86908E-24
    5.69200E+02    5.30810E+01    8.85549E-24
    5.69300E+02    5.22741E+01    1.98454E-23
    5.69400E+02    5.14863E+01    4.36304E-23
    5.69500E+02    5.07146E+01    9.43869E-23
    5.69600E+02    4.99628E+01    2.00179E-22
    5.69700E+02    4.92293E+01    4.16867E-22
    5.69800E+02    4.85153E+01    8.51245E-22
    5.69900E+02    4.78252E+01    1.69736E-21
    5.70000E+02    4.71808E+01    3.23323E-21
    5.70100E+02    4.68543E+01    4.48180E-21
    5.70200E+02    4.58466E+01    1.22762E-20
    5.70300E+02    4.51633E+01    2.43133E-20
    5.70400E+02    4.45223E+01    4.61562E-20
    5.70500E+02    4.39040E+01    8.56521E-20
    5.70600E+02    4.33026E+01    1.56288E-19
    5.70700E+02    4.27192E+01    2.80084E-19
    5.70800E+02    4.21651E+01    4.87435E-19
    5.70900E+02    4.16793E+01    7.92311E-19
    5.71000E+02    4.18985E+01    6.36388E-19
    5.71100E+02    4.05776E+01    2.38433E-18
    5.71200E+02    3.99635E+01    4.40638E-18
    5.71300E+02    3.94160E+01    7.61804E-18
    5.71400E+02    3.88944E+01    1.28347E-17
    5.71500E+02    3.83861E+01    2.13376E-17
    5.71600E+02    3.78922E+01    3.49638E-17
    5.71700E+02    3.74077E+01    5.67599E-17
    5.71800E+02    3.69340E+01    9.11533E-17
    5.71900E+02    3.64688E+01    1.45146E-16
    5.72000E+02    3.60140E+01    2.28737E-16
    5.72100E+02    3.55694E+01    3.56775E-16
    5.72200E+02    3.51312E+01    5.52991E-16
    5.72300E+02    3.47033E+01    8.48287E-16
    5.72400E+02    3.42839E+01    1.29024E-15
    5.72500E+02    3.38735E+01    1.94508E-15
    5.72600E+02    3.34709E+01    2.90910E-15
    5.72700E+02    3.30833E+01    4.28665E-15
    5.72800E+02    3.27216E+01    6.15429E-15
    5.72900E+02    3.24221E+01    8.30369E-15
    5.73000E+02    3.19439E+01    1.33944E-14
    5.73100E+02    3.15592E+01    1.96786E-14
    5.73200E+02    3.11927E+01    2.83900E-14
    5.73300E+02    3.08366E+01    4.05360E-14
    5.73400E+02    3.04908E+01    5.72825E-14
    5.73500E+02    3.01639E+01    7.94293E-14
    5.73600E+02    3.00059E+01    9.30266E-14
    5.73700E+02    2.94949E+01    1.55072E-13
    5.73800E+02    2.91491E+01    2.19134E-13
    5.73900E+02    2.88230E+01    3.03619E-13
    5.74000E+02    2.85065E+01    4.16661E-13
    5.74100E+02    2.81955E+01    5.68665E-13
    5.74200E+02    2.78914E+01    7.70796E-13
    5.74300E+02    2.75927E+01    1.03905E-12
    5.74400E+02    2.73036E+01    1.38732E-12
    5.74500E+02    2.70405E+01    1.80497E-12
    5.74600E+02    2.67457E+01    2.42384E-12
    5.74700E+02    2.64472E+01    3.26697E-12
    5.74800E+02    2.61666E+01    4.32513E-12
    5.74900E+02    2.58947E+01    5.67669E-12
    5.75000E+02    2.56277E+01    7.41356E-12
    5.75100E+02    2.53652E+01    9.63923E-12
    5.75200E+02    2.51068E+01    1.24810E-11
    5.75300E+02    2.48526E+01    1.60928E-11
    5.75400E+02    2.46026E+01    2.06639E-11
    5.75500E+02    2.43567E+01    2.64258E-11
    5.75600E+02    2.41149E+01    3.36535E-11
    5.75700E+02    2.38774E+01    4.26749E-11
    5.75800E+02    2.36437E+01    5.39090E-11
    5.75900E+02    2.34125E+01    6.79301E-11
    5.76000E+02    2.31859E+01    8.52126E-11
    5.76100E+02    2.29641E+01    1.06366E-10
    5.76200E+02    2.27483E+01    1.31983E-10
    5.76300E+02    2.25415E+01    1.62316E-10
    5.76400E+02    2.23542E+01    1.95752E-10
    5.76500E+02    2.23234E+01    2.01866E-10
    5.76600E+02    2.19553E+01    2.91692E-10
    5.76700E+02    2.17085E+01    3.73361E-10
    5.76800E+02    2.14979E+01    4.60884E-10
    5.76900E+02    2.12910E+01    5.66810E-10
    5.77000E+02    2.10941E+01    6.90158E-10
    5.77100E+02    2.08985E+01    8.39289E-10
    5.77200E+02    2.07075E+01    1.01592E-09
    5.77300E+02    2.05206E+01    1.22466E-09
    5.77400E+02    2.03346E+01    1.47499E-09
    5.77500E+02    2.01522E+01    1.77011E-09
    5.77600E+02    1.99726E+01    2.11843E-09
    5.77700E+02    1.97957E+01    2.52838E-09
    5.77800E+02    1.96218E+01    3.00871E-09
    5.77900E+02    1.94551E+01    3.55429E-09
    5.78000E+02    1.92802E+01    4.23357E-09
    5.78100E+02    1.91124E+01    5.00704E-09
    5.78200E+02    1.89474E+01    5.90526E-09
    5.78300E+02    1.87847E+01    6.94855E-09
    5.78400E+02    1.86243E+01    8.15754E-09
    5.78500E+02    1.84662E+01    9.55506E-09
    5.78600E+02    1.83113E+01    1.11556E-08
    5.78700E+02    1.81565E+01    1.30241E-08
    5.78800E+02    1.80044E+01    1.51627E-08
    5.78900E+02    1.78545E+01    1.76148E-08
    5.79000E+02    1.77067E+01    2.04205E-08
    5.79100E+02    1.75610E+01    2.36251E-08
    5.79200E+02    1.74170E+01    2.72822E-08
    5.79300E+02    1.72751E+01    3.14429E-08
    5.79400E+02    1.71350E+01    3.61723E-08
    5.79500E+02    1.69967E+01    4.15377E-08
    5.79600E+02    1.68602E+01    4.76121E-08
    5.79700E+02    1.67255E+01    5.44760E-08
    5.79800E+02    1.65925E+01    6.22270E-08
    5.79900E+02    1.64614E+01    7.09421E-08
    5.80000E+02    1.63336E+01    8.06110E-08
    5.80100E+02    1.62039E+01    9.17733E-08
    5.80200E+02    1.60781E+01    1.04084E-07
    5.80300E+02    1.59532E+01    1.17926E-07
    5.80400E+02    1.58307E+01    1.33296E-07
    5.80500E+02    1.57085E+01    1.50613E-07
    5.80600E+02    1.55886E+01    1.69814E-07
    5.80700E+02    1.54701E+01    1.91173E-07
    5.80800E+02    1.53531E+01    2.14897E-07
    5.80900E+02    1.52379E+01    2.41147E-07
    5.81000E+02    1.51244E+01    2.70111E-07
    5.81100E+02    1.50118E+01    3.02299E-07
    5.81200E+02    1.49011E+01    3.37718E-07
    5.81300E+02    1.47943E+01    3.75776E-07
    5.81400E+02    1.46846E+01    4.19314E-07
    5.81500E+02    1.45787E+01    4.66194E-07
    5.81600E+02    1.44744E+01    5.17425E-07
    5.81700E+02    1.43732E+01    5.72517E-07
    5.81800E+02    1.42769E+01    6.30393E-07
    5.81900E+02    1.41865E+01    6.90079E-07
    5.82000E+02    1.41173E+01    7.39498E-07
    5.82100E+02    1.41626E+01    7.06745E-07
    5.82200E+02    1.40334E+01    8.04197E-07
    5.82300E+02    1.38722E+01    9.44893E-07
    5.82400E+02    1.37042E+01    1.11769E-06
    5.82500E+02    1.35888E+01    1.25448E-06
    5.82600E+02    1.34860E+01    1.39035E-06
    5.82700E+02    1.33879E+01    1.53359E-06
    5.82800E+02    1.32928E+01    1.68661E-06
    5.82900E+02    1.32002E+01    1.85025E-06
    5.83000E+02    1.31096E+01    2.02562E-06
    5.83100E+02    1.30207E+01    2.21398E-06
    5.83200E+02    1.29354E+01    2.41123E-06
    5.83300E+02    1.28564E+01    2.60931E-06
    5.83400E+02    1.28038E+01    2.75025E-06
    5.83500E+02    1.27964E+01    2.77060E-06
    5.83600E+02    1.26095E+01    3.34021E-06
    5.83700E+02    1.25095E+01    3.69146E-06
    5.83800E+02    1.24217E+01    4.03027E-06
    5.83900E+02    1.23455E+01    4.34917E-06
    5.84000E+02    1.22552E+01    4.76039E-06
    5.84100E+02    1.21733E+01    5.16633E-06
    5.84200E+02    1.20933E+01    5.59710E-06
    5.84300E+02    1.20145E+01    6.05587E-06
    5.84400E+02    1.19367E+01    6.54542E-06
    5.84500E+02    1.18600E+01    7.06752E-06
    5.84600E+02    1.17850E+01    7.61762E-06
    5.84700E+02    1.17092E+01    8.21814E-06
    5.84800E+02    1.16345E+01    8.85541E-06
    5.84900E+02    1.15609E+01    9.53140E-06
    5.85000E+02    1.14882E+01    1.02501E-05
    5.85100E+02    1.14164E+01    1.10132E-05
    5.85200E+02    1.13453E+01    1.18253E-05
    5.85300E+02    1.12752E+01    1.26836E-05
    5.85400E+02    1.12054E+01    1.35999E-05
    5.85500E+02    1.11365E+01    1.45709E-05
    5.85600E+02    1.10685E+01    1.55966E-05
    5.85700E+02    1.10014E+01    1.66781E-05
    5.85800E+02    1.09345E+01    1.78319E-05
    5.85900E+02    1.08682E+01    1.90554E-05
    5.86000E+02    1.08029E+01    2.03398E-05
    5.86100E+02    1.07383E+01    2.16983E-05
    5.86200E+02    1.06740E+01    2.31383E-05
    5.86300E+02    1.06106E+01    2.46528E-05
    5.86400E+02    1.05480E+01    2.62449E-05
    5.86500E+02    1.04860E+01    2.79246E-05
    5.86600E+02    1.04246E+01    2.96944E-05
    5.86700E+02    1.03638E+01    3.15548E-05
    5.86800E+02    1.03046E+01    3.34780E-05
    5.86900E+02    1.02437E+01    3.55795E-05
    5.87000E+02    1.01853E+01    3.77226E-05
    5.87100E+02    1.01260E+01    4.00245E-05
    5.87200E+02    1.00680E+01    4.24157E-05
    5.87300E+02    1.00105E+01    4.49240E-05
    5.87400E+02    9.95377E+00    4.75478E-05
    5.87500E+02    9.89748E+00    5.03010E-05
    5.87600E+02    9.84183E+00    5.31801E-05
    5.87700E+02    9.78685E+00    5.61853E-05
    5.87800E+02    9.73238E+00    5.93311E-05
    5.87900E+02    9.67810E+00    6.26403E-05
    5.88000E+02    9.62448E+00    6.60911E-05
    5.88100E+02    9.57167E+00    6.96749E-05
    5.88200E+02    9.51902E+00    7.34420E-05
    5.88300E+02    9.46713E+00    7.73530E-05
    5.88400E+02    9.41609E+00    8.14036E-05
    5.88500E+02    9.36473E+00    8.56937E-05
    5.88600E+02    9.31409E+00    9.01453E-05
    5.88700E+02    9.26417E+00    9.47589E-05
    5.88800E+02    9.21482E+00    9.95535E-05
    5.88900E+02    9.16635E+00    1.04497E-04
    5.89000E+02    9.11926E+00    1.09535E-04
    5.89100E+02    9.08868E+00    1.12937E-04
    5.89200E+02    9.02407E+00    1.20475E-04
    5.89300E+02    8.97469E+00    1.26573E-04
    5.89400E+02    8.92743E+00    1.32699E-04
    5.89500E+02    8.88089E+00    1.39021E-04
    5.89600E+02    8.83485E+00    1.45570E-04
    5.89700E+02    8.78958E+00    1.52311E-04
    5.89800E+02    8.74464E+00    1.59313E-04
    5.89900E+02    8.70070E+00    1.66469E-04
    5.90000E+02    8.65748E+00    1.73822E-04
    5.90100E+02    8.61590E+00    1.81202E-04
    5.90200E+02    8.57894E+00    1.88024E-04
    5.90300E+02    8.56854E+00    1.89989E-04
    5.90400E+02    8.51012E+00    2.01419E-04
    5.90500E+02    8.44922E+00    2.14067E-04
    5.90600E+02    8.40362E+00    2.24056E-04
    5.90700E+02    8.36170E+00    2.33646E-04
    5.90800E+02    8.32274E+00    2.42930E-04
    5.90900E+02    8.28984E+00    2.51054E-04
    5.91000E+02    8.31531E+00    2.44740E-04
    5.91100E+02    8.21962E+00    2.69317E-04
    5.91200E+02    8.20398E+00    2.73562E-04
    5.91300E+02    8.16010E+00    2.85835E-04
    5.91400E+02    8.08906E+00    3.06877E-04
    5.91500E+02    8.04305E+00    3.21326E-04
    5.91600E+02    8.00200E+00    3.34792E-04
    5.91700E+02    7.96250E+00    3.48281E-04
    5.91800E+02    7.92419E+00    3.61884E-04
    5.91900E+02    7.88677E+00    3.75683E-04
    5.92000E+02    7.84996E+00    3.89769E-04
    5.92100E+02    7.81403E+00    4.04026E-04
    5.92200E+02    7.77911E+00    4.18384E-04
    5.92300E+02    7.74617E+00    4.32395E-04
    5.92400E+02    7.71781E+00    4.44832E-04
    5.92500E+02    7.70009E+00    4.52785E-04
    5.92600E+02    7.77234E+00    4.21226E-04
    5.92700E+02    7.66648E+00    4.68264E-04
    5.92800E+02    7.58498E+00    5.08025E-04
    5.92900E+02    7.53894E+00    5.31962E-04
    5.93000E+02    7.50002E+00    5.53075E-04
    5.93100E+02    7.46392E+00    5.73407E-04
    5.93200E+02    7.42930E+00    5.93603E-04
    5.93300E+02    7.39521E+00    6.14187E-04
    5.93400E+02    7.36210E+00    6.34863E-04
    5.93500E+02    7.32936E+00    6.55991E-04
    5.93600E+02    7.29677E+00    6.77721E-04
    5.93700E+02    7.26484E+00    6.99716E-04
    5.93800E+02    7.23306E+00    7.22310E-04
    5.93900E+02    7.20199E+00    7.45104E-04
    5.94000E+02    7.17129E+00    7.68333E-04
    5.94100E+02    7.14085E+00    7.92076E-04
    5.94200E+02    7.11208E+00    8.15194E-04
    5.94300E+02    7.08350E+00    8.38833E-04
    5.94400E+02    7.05300E+00    8.64809E-04
    5.94500E+02    7.02456E+00    8.89759E-04
    5.94600E+02    6.99702E+00    9.14603E-04
    5.94700E+02    6.97171E+00    9.38044E-04
    5.94800E+02    6.95067E+00    9.57995E-04
    5.94900E+02    6.94028E+00    9.67998E-04
    5.95000E+02    6.97537E+00    9.34621E-04
    5.95100E+02    7.13955E+00    7.93107E-04
    5.95200E+02    6.88321E+00    1.02484E-03
    5.95300E+02    6.81895E+00    1.09287E-03
    5.95400E+02    6.77868E+00    1.13777E-03
    5.95500E+02    6.74570E+00    1.17592E-03
    5.95600E+02    6.71536E+00    1.21214E-03
    5.95700E+02    6.68660E+00    1.24752E-03
    5.95800E+02    6.65910E+00    1.28230E-03
    5.95900E+02    6.63208E+00    1.31742E-03
    5.96000E+02    6.60567E+00    1.35267E-03
    5.96100E+02    6.57969E+00    1.38829E-03
    5.96200E+02    6.55411E+00    1.42425E-03
    5.96300E+02    6.52886E+00    1.46066E-03
    5.96400E+02    6.50396E+00    1.49749E-03
    5.96500E+02    6.47941E+00    1.53471E-03
    5.96600E+02    6.45517E+00    1.57237E-03
    5.96700E+02    6.43129E+00    1.61038E-03
    5.96800E+02    6.40791E+00    1.64846E-03
    5.96900E+02    6.38467E+00    1.68722E-03
    5.97000E+02    6.36180E+00    1.72625E-03
    5.97100E+02    6.33923E+00    1.76567E-03
    5.97200E+02    6.31706E+00    1.80525E-03
    5.97300E+02    6.29520E+00    1.84515E-03
    5.97400E+02    6.27374E+00    1.88517E-03
    5.97500E+02    6.25289E+00    1.92488E-03
    5.97600E+02    6.23206E+00    1.96539E-03
    5.97700E+02    6.21185E+00    2.00552E-03
    5.97800E+02    6.19212E+00    2.04548E-03
    5.97900E+02    6.17292E+00    2.08514E-03
    5.98000E+02    6.15415E+00    2.12465E-03
    5.98100E+02    6.13609E+00    2.16338E-03
    5.98200E+02    6.11799E+00    2.20288E-03
    5.98300E+02    6.10033E+00    2.24212E-03
    5.98400E+02    6.08333E+00    2.28056E-03
    5.98500E+02    6.06694E+00    2.31826E-03
    5.98600E+02    6.05115E+00    2.35514E-03
    5.98700E+02    6.03593E+00    2.39126E-03
    5.98800E+02    6.02110E+00    2.42699E-03
    5.98900E+02    6.00700E+00    2.46146E-03
    5.99000E+02    5.99321E+00    2.49565E-03
    5.99100E+02    5.97988E+00    2.52912E-03
    5.99200E+02    5.96692E+00    2.56212E-03
    5.99300E+02    5.95425E+00    2.59479E-03
    5.99400E+02    5.94172E+00    2.62751E-03
    5.99500E+02    5.92906E+00    2.66098E-03
    5.99600E+02    5.91707E+00    2.69307E-03
    5.99700E+02    5.90381E+00    2.72901E-03
    5.99800E+02    5.89213E+00    2.76110E-03
    5.99900E+02    5.88897E+00    2.76983E-03
    6.00000E+02    5.90878E+00    2.71551E-03
    6.00100E+02    5.83903E+00    2.91165E-03
    6.00200E+02    5.80753E+00    3.00486E-03
    6.00300E+02    5.77990E+00    3.08903E-03
    6.00400E+02    5.75271E+00    3.17418E-03
    6.00500E+02    5.72590E+00    3.26040E-03
    6.00600E+02    5.69957E+00    3.34740E-03
    6.00700E+02    5.67400E+00    3.43409E-03
    6.00800E+02    5.64784E+00    3.52511E-03
    6.00900E+02    5.62293E+00    3.61405E-03
    6.01000E+02    5.59934E+00    3.70029E-03
    6.01100E+02    5.57381E+00    3.79600E-03
    6.01200E+02    5.54887E+00    3.89184E-03
    6.01300E+02    5.52519E+00    3.98509E-03
    6.01400E+02    5.50270E+00    4.07574E-03
    6.01500E+02    5.48004E+00    4.16915E-03
    6.01600E+02    5.45802E+00    4.26197E-03
    6.01700E+02    5.43656E+00    4.35445E-03
    6.01800E+02    5.41503E+00    4.44922E-03
    6.01900E+02    5.39414E+00    4.54314E-03
    6.02000E+02    5.37387E+00    4.63614E-03
    6.02100E+02    5.35299E+00    4.73400E-03
    6.02200E+02    5.33404E+00    4.82453E-03
    6.02300E+02    5.31469E+00    4.91882E-03
    6.02400E+02    5.29651E+00    5.00903E-03
    6.02500E+02    5.27990E+00    5.09293E-03
    6.02600E+02    5.26095E+00    5.19038E-03
    6.02700E+02    5.24312E+00    5.28373E-03
    6.02800E+02    5.22799E+00    5.36430E-03
    6.02900E+02    5.20809E+00    5.47214E-03
    6.03000E+02    5.19132E+00    5.56466E-03
    6.03100E+02    5.17509E+00    5.65569E-03
    6.03200E+02    5.15767E+00    5.75510E-03
    6.03300E+02    5.14116E+00    5.85088E-03
    6.03400E+02    5.12524E+00    5.94477E-03
    6.03500E+02    5.10989E+00    6.03672E-03
    6.03600E+02    5.09416E+00    6.13247E-03
    6.03700E+02    5.07893E+00    6.22654E-03
    6.03800E+02    5.06381E+00    6.32144E-03
    6.03900E+02    5.04895E+00    6.41610E-03
    6.04000E+02    5.03446E+00    6.50971E-03
    6.04100E+02    5.01984E+00    6.60559E-03
    6.04200E+02    5.00571E+00    6.69959E-03
    6.04300E+02    4.99145E+00    6.79578E-03
    6.04400E+02    4.97767E+00    6.89009E-03
    6.04500E+02    4.96393E+00    6.98544E-03
    6.04600E+02    4.95048E+00    7.08004E-03
    6.04700E+02    4.93716E+00    7.17497E-03
    6.04800E+02    4.92375E+00    7.27178E-03
    6.04900E+02    4.90499E+00    7.40950E-03
    6.05000E+02    4.89220E+00    7.50490E-03
    6.05100E+02    4.87938E+00    7.60172E-03
    6.05200E+02    4.86689E+00    7.69729E-03
    6.05300E+02    4.85446E+00    7.79357E-03
    6.05400E+02    4.84258E+00    7.88671E-03
    6.05500E+02    4.83086E+00    7.97962E-03
    6.05600E+02    4.81850E+00    8.07886E-03
    6.05700E+02    4.80740E+00    8.16907E-03
    6.05800E+02    4.79594E+00    8.26320E-03
    6.05900E+02    4.78407E+00    8.36190E-03
    6.06000E+02    4.77340E+00    8.45161E-03
    6.06100E+02    4.76169E+00    8.55111E-03
    6.06200E+02    4.75083E+00    8.64448E-03
    6.06300E+02    4.74018E+00    8.73706E-03
    6.06400E+02    4.72940E+00    8.83180E-03
    6.06500E+02    4.71895E+00    8.92453E-03
    6.06600E+02    4.70878E+00    9.01578E-03
    6.06700E+02    4.69891E+00    9.10520E-03
    6.06800E+02    4.68870E+00    9.19860E-03
    6.06900E+02    4.67890E+00    9.28925E-03
    6.07000E+02    4.66963E+00    9.37574E-03
    6.07100E+02    4.66109E+00    9.45615E-03
    6.07200E+02    4.66553E+00    9.41427E-03
    6.07300E+02    4.64411E+00    9.61811E-03
    6.07400E+02    4.63405E+00    9.71538E-03
    6.07500E+02    4.62512E+00    9.80245E-03
    6.07600E+02    4.61766E+00    9.87587E-03
    6.07700E+02    4.61230E+00    9.92891E-03
    6.07800E+02    4.61874E+00    9.86518E-03
    6.07900E+02    4.61021E+00    9.94975E-03
    6.08000E+02    4.58810E+00    1.01722E-02
    6.08100E+02    4.57739E+00    1.02817E-02
    6.08200E+02    4.56888E+00    1.03695E-02
    6.08300E+02    4.56106E+00    1.04509E-02
    6.08400E+02    4.55458E+00    1.05189E-02
    6.08500E+02    4.54707E+00    1.05982E-02
    6.08600E+02    4.54034E+00    1.06698E-02
    6.08700E+02    4.53402E+00    1.07374E-02
    6.08800E+02    4.52829E+00    1.07992E-02
    6.08900E+02    4.52279E+00    1.08587E-02
    6.09000E+02    4.51781E+00    1.09129E-02
    6.09100E+02    4.51440E+00    1.09501E-02
    6.09200E+02    4.50992E+00    1.09993E-02
    6.09300E+02    4.50746E+00    1.10265E-02
    6.09400E+02    4.50759E+00    1.10250E-02
    6.09500E+02    4.51249E+00    1.09711E-02
    6.09600E+02    4.53404E+00    1.07372E-02
    6.09700E+02    4.67108E+00    9.36213E-03
    6.09800E+02    4.58004E+00    1.02545E-02
    6.09900E+02    4.52156E+00    1.08721E-02
    6.10000E+02    4.51370E+00    1.09578E-02
    6.10100E+02    4.52822E+00    1.07999E-02
    6.10200E+02    4.59596E+00    1.00925E-02
    6.10300E+02    4.77316E+00    8.45361E-03
    6.10400E+02    4.86678E+00    7.69809E-03
    6.10500E+02    4.56761E+00    1.03828E-02
    6.10600E+02    4.50779E+00    1.10228E-02
    6.10700E+02    4.48588E+00    1.12670E-02
    6.10800E+02    4.47735E+00    1.13634E-02
    6.10900E+02    4.47442E+00    1.13968E-02
    6.11000E+02    4.47954E+00    1.13386E-02
    6.11100E+02    4.50018E+00    1.11069E-02
    6.11200E+02    4.58277E+00    1.02266E-02
    6.11300E+02    4.78536E+00    8.35115E-03
    6.11400E+02    4.52590E+00    1.08249E-02
    6.11500E+02    4.48310E+00    1.12983E-02
    6.11600E+02    4.46885E+00    1.14605E-02
    6.11700E+02    4.46320E+00    1.15254E-02
    6.11800E+02    4.46083E+00    1.15527E-02
    6.11900E+02    4.46074E+00    1.15538E-02
    6.12000E+02    4.46231E+00    1.15357E-02
    6.12100E+02    4.46473E+00    1.15078E-02
    6.12200E+02    4.46821E+00    1.14678E-02
    6.12300E+02    4.47324E+00    1.14102E-02
    6.12400E+02    4.48316E+00    1.12976E-02
    6.12500E+02    4.48308E+00    1.12986E-02
    6.12600E+02    4.48878E+00    1.12343E-02
    6.12700E+02    4.49560E+00    1.11580E-02
    6.12800E+02    4.50318E+00    1.10737E-02
    6.12900E+02    4.51160E+00    1.09809E-02
    6.13000E+02    4.52121E+00    1.08758E-02
    6.13100E+02    4.53081E+00    1.07719E-02
    6.13200E+02    4.54150E+00    1.06574E-02
    6.13300E+02    4.55311E+00    1.05344E-02
    6.13400E+02    4.56556E+00    1.04040E-02
    6.13500E+02    4.57903E+00    1.02648E-02
    6.13600E+02    4.59354E+00    1.01169E-02
    6.13700E+02    4.60912E+00    9.96054E-03
    6.13800E+02    4.62575E+00    9.79629E-03
    6.13900E+02    4.64363E+00    9.62272E-03
    6.14000E+02    4.66284E+00    9.43963E-03
    6.14100E+02    4.68347E+00    9.24689E-03
    6.14200E+02    4.70526E+00    9.04752E-03
    6.14300E+02    4.72876E+00    8.83739E-03
    6.14400E+02    4.75458E+00    8.61219E-03
    6.14500E+02    4.78331E+00    8.36826E-03
    6.14600E+02    4.81823E+00    8.08106E-03
    6.14700E+02    4.87699E+00    7.61990E-03
    6.14800E+02    4.98772E+00    6.82119E-03
    6.14900E+02    4.92113E+00    7.29089E-03
    6.15000E+02    4.94247E+00    7.13692E-03
    6.15100E+02    4.97485E+00    6.90956E-03
    6.15200E+02    5.01252E+00    6.65410E-03
    6.15300E+02    5.05441E+00    6.38111E-03
    6.15400E+02    5.09768E+00    6.11090E-03
    6.15500E+02    5.14499E+00    5.82851E-03
    6.15600E+02    5.19550E+00    5.54143E-03
    6.15700E+02    5.24946E+00    5.25035E-03
    6.15800E+02    5.30724E+00    4.95560E-03
    6.15900E+02    5.36913E+00    4.65818E-03
    6.16000E+02    5.43559E+00    4.35867E-03
    6.16100E+02    5.50830E+00    4.05300E-03
    6.16200E+02    5.59300E+00    3.72384E-03
    6.16300E+02    5.70870E+00    3.31698E-03
    6.16400E+02    5.75133E+00    3.17855E-03
    6.16500E+02    5.83596E+00    2.92062E-03
    6.16600E+02    5.93091E+00    2.65607E-03
    6.16700E+02    6.03408E+00    2.39570E-03
    6.16800E+02    6.14516E+00    2.14383E-03
    6.16900E+02    6.26484E+00    1.90202E-03
    6.17000E+02    6.39374E+00    1.67198E-03
    6.17100E+02    6.53321E+00    1.45433E-03
    6.17200E+02    6.68740E+00    1.24652E-03
    6.17300E+02    6.91020E+00    9.97559E-04
    6.17400E+02    7.03319E+00    8.82111E-04
    6.17500E+02    7.20115E+00    7.45729E-04
    6.17600E+02    7.39963E+00    6.11482E-04
    6.17700E+02    7.61661E+00    4.92206E-04
    6.17800E+02    7.85044E+00    3.89581E-04
    6.17900E+02    8.10519E+00    3.01967E-04
    6.18000E+02    8.38216E+00    2.28914E-04
    6.18100E+02    8.68349E+00    1.69359E-04
    6.18200E+02    9.01172E+00    1.21971E-04
    6.18300E+02    9.36847E+00    8.53736E-05
    6.18400E+02    9.75781E+00    5.78410E-05
    6.18500E+02    1.01831E+01    3.78051E-05
    6.18600E+02    1.06476E+01    2.37587E-05
    6.18700E+02    1.11557E+01    1.42930E-05
    6.18800E+02    1.17115E+01    8.19920E-06
    6.18900E+02    1.23202E+01    4.46079E-06
    6.19000E+02    1.29850E+01    2.29451E-06
    6.19100E+02    1.37125E+01    1.10851E-06
    6.19200E+02    1.45071E+01    5.00803E-07
    6.19300E+02    1.53739E+01    2.10480E-07
    6.19400E+02    1.63171E+01    8.19566E-08
    6.19500E+02    1.73399E+01    2.94688E-08
    6.19600E+02    1.84431E+01    9.77826E-09
    6.19700E+02    1.96252E+01    2.99829E-09
    6.19800E+02    2.08815E+01    8.53639E-10
    6.19900E+02    2.22036E+01    2.27557E-10
    6.20000E+02    2.35717E+01    5.79361E-11
    6.20100E+02    2.49585E+01    1.44768E-11
    6.20200E+02    2.63286E+01    3.67829E-12
    6.20300E+02    2.76343E+01    9.96684E-13
    6.20400E+02    2.88162E+01    3.05679E-13
    6.20500E+02    2.98055E+01    1.13667E-13
    6.20600E+02    3.05587E+01    5.35201E-14
    6.20700E+02    3.11756E+01    2.88796E-14
    6.20800E+02    3.09566E+01    3.59504E-14
    6.20900E+02    2.99952E+01    9.40307E-14
    6.21000E+02    2.89048E+01    2.79764E-13
    6.21100E+02    2.77024E+01    9.31139E-13
    6.21200E+02    2.63891E+01    3.46241E-12
    6.21300E+02    2.50119E+01    1.37235E-11
    6.21400E+02    2.36186E+01    5.52788E-11
    6.21500E+02    2.22434E+01    2.18690E-10
    6.21600E+02    2.09135E+01    8.26798E-10
    6.21700E+02    1.96485E+01    2.92929E-09
    6.21800E+02    1.84508E+01    9.70367E-09
    6.21900E+02    1.73345E+01    2.96298E-08
    6.22000E+02    1.62985E+01    8.34960E-08
    6.22100E+02    1.53418E+01    2.17340E-07
    6.22200E+02    1.44613E+01    5.24222E-07
    6.22300E+02    1.36507E+01    1.17916E-06
    6.22400E+02    1.29082E+01    2.47766E-06
    6.22500E+02    1.22281E+01    4.89130E-06
    6.22600E+02    1.16050E+01    9.12044E-06
    6.22700E+02    1.10344E+01    1.61366E-05
    6.22800E+02    1.05116E+01    2.72187E-05
    6.22900E+02    1.00324E+01    4.39504E-05
    6.23000E+02    9.59286E+00    6.82137E-05
    6.23100E+02    9.18945E+00    1.02111E-04
    6.23200E+02    8.81931E+00    1.47851E-04
    6.23300E+02    8.48008E+00    2.07563E-04
    6.23400E+02    8.17080E+00    2.82792E-04
    6.23500E+02    7.89497E+00    3.72611E-04
    6.23600E+02    7.68056E+00    4.61714E-04
    6.23700E+02    7.70950E+00    4.48546E-04
    6.23800E+02    7.17609E+00    7.64650E-04
    6.23900E+02    6.92205E+00    9.85811E-04
    6.24000E+02    6.70918E+00    1.21966E-03
    6.24100E+02    6.51639E+00    1.47900E-03
    6.24200E+02    6.33905E+00    1.76597E-03
    6.24300E+02    6.17480E+00    2.08123E-03
    6.24400E+02    6.02150E+00    2.42603E-03
    6.24500E+02    5.87819E+00    2.79983E-03
    6.24600E+02    5.74419E+00    3.20134E-03
    6.24700E+02    5.61865E+00    3.62955E-03
    6.24800E+02    5.50094E+00    4.08292E-03
    6.24900E+02    5.39018E+00    4.56117E-03
    6.25000E+02    5.28667E+00    5.05855E-03
    6.25100E+02    5.19011E+00    5.57142E-03
    6.25200E+02    5.10091E+00    6.09121E-03
    6.25300E+02    5.02950E+00    6.54209E-03
    6.25400E+02    4.97445E+00    6.91233E-03
    6.25500E+02    4.85469E+00    7.79179E-03
    6.25600E+02    4.77272E+00    8.45733E-03
    6.25700E+02    4.69873E+00    9.10681E-03
    6.25800E+02    4.63019E+00    9.75291E-03
    6.25900E+02    4.56653E+00    1.03940E-02
    6.26000E+02    4.50350E+00    1.10702E-02
    6.26100E+02    4.44481E+00    1.17393E-02
    6.26200E+02    4.38895E+00    1.24137E-02
    6.26300E+02    4.33584E+00    1.30909E-02
    6.26400E+02    4.28523E+00    1.37705E-02
    6.26500E+02    4.23697E+00    1.44513E-02
    6.26600E+02    4.19086E+00    1.51332E-02
    6.26700E+02    4.14707E+00    1.58107E-02
    6.26800E+02    4.10399E+00    1.65066E-02
    6.26900E+02    4.06355E+00    1.71879E-02
    6.27000E+02    4.02481E+00    1.78669E-02
    6.27100E+02    3.98761E+00    1.85441E-02
    6.27200E+02    3.95234E+00    1.92097E-02
    6.27300E+02    3.91848E+00    1.98713E-02
    6.27400E+02    3.88652E+00    2.05167E-02
    6.27500E+02    3.85605E+00    2.11514E-02
    6.27600E+02    3.82809E+00    2.17512E-02
    6.27700E+02    3.80432E+00    2.22744E-02
    6.27800E+02    3.77682E+00    2.28955E-02
    6.27900E+02    3.74127E+00    2.37240E-02
    6.28000E+02    3.71083E+00    2.44573E-02
    6.28100E+02    3.68265E+00    2.51562E-02
    6.28200E+02    3.65847E+00    2.57720E-02
    6.28300E+02    3.63529E+00    2.63763E-02
    6.28400E+02    3.60508E+00    2.71852E-02
    6.28500E+02    3.58047E+00    2.78627E-02
    6.28600E+02    3.55714E+00    2.85203E-02
    6.28700E+02    3.53485E+00    2.91632E-02
    6.28800E+02    3.51335E+00    2.97970E-02
    6.28900E+02    3.49301E+00    3.04093E-02
    6.29000E+02    3.47218E+00    3.10494E-02
    6.29100E+02    3.45243E+00    3.16686E-02
    6.29200E+02    3.43330E+00    3.22802E-02
    6.29300E+02    3.41490E+00    3.28796E-02
    6.29400E+02    3.39729E+00    3.34639E-02
    6.29500E+02    3.37968E+00    3.40584E-02
    6.29600E+02    3.36265E+00    3.46435E-02
    6.29700E+02    3.34678E+00    3.51977E-02
    6.29800E+02    3.33002E+00    3.57924E-02
    6.29900E+02    3.31431E+00    3.63590E-02
    6.30000E+02    3.29967E+00    3.68954E-02
    6.30100E+02    3.28551E+00    3.74216E-02
    6.30200E+02    3.26962E+00    3.80207E-02
    6.30300E+02    3.25548E+00    3.85624E-02
    6.30400E+02    3.24177E+00    3.90947E-02
    6.30500E+02    3.22802E+00    3.96359E-02
    6.30600E+02    3.21511E+00    4.01509E-02
    6.30700E+02    3.20213E+00    4.06753E-02
    6.30800E+02    3.18946E+00    4.11940E-02
    6.30900E+02    3.17730E+00    4.16982E-02
    6.31000E+02    3.16547E+00    4.21942E-02
    6.31100E+02    3.15402E+00    4.26801E-02
    6.31200E+02    3.14290E+00    4.31574E-02
    6.31300E+02    3.13159E+00    4.36483E-02
    6.31400E+02    3.12113E+00    4.41073E-02
    6.31500E+02    3.11112E+00    4.45509E-02
    6.31600E+02    3.10156E+00    4.49789E-02
    6.31700E+02    3.09322E+00    4.53557E-02
    6.31800E+02    3.08676E+00    4.56495E-02
    6.31900E+02    3.08353E+00    4.57973E-02
    6.32000E+02    3.08713E+00    4.56327E-02
    6.32100E+02    3.13100E+00    4.36742E-02
    6.32200E+02    3.26050E+00    3.83693E-02
    6.32300E+02    3.07693E+00    4.61004E-02
    6.32400E+02    3.04063E+00    4.78047E-02
    6.32500E+02    3.02234E+00    4.86871E-02
    6.32600E+02    3.00934E+00    4.93244E-02
    6.32700E+02    2.99838E+00    4.98675E-02
    6.32800E+02    2.98894E+00    5.03409E-02
    6.32900E+02    2.98027E+00    5.07790E-02
    6.33000E+02    2.97221E+00    5.11901E-02
    6.33100E+02    2.96522E+00    5.15492E-02
    6.33200E+02    2.96117E+00    5.17583E-02
    6.33300E+02    2.96799E+00    5.14064E-02
    6.33400E+02    2.96343E+00    5.16414E-02
    6.33500E+02    2.93826E+00    5.29578E-02
    6.33600E+02    2.92929E+00    5.34348E-02
    6.33700E+02    2.91946E+00    5.39629E-02
    6.33800E+02    2.91298E+00    5.43136E-02
    6.33900E+02    2.90726E+00    5.46253E-02
    6.34000E+02    2.90283E+00    5.48680E-02
    6.34100E+02    2.90067E+00    5.49864E-02
    6.34200E+02    2.90415E+00    5.47954E-02
    6.34300E+02    2.92555E+00    5.36353E-02
    6.34400E+02    3.02347E+00    4.86321E-02
    6.34500E+02    3.10381E+00    4.48780E-02
    6.34600E+02    2.91783E+00    5.40508E-02
    6.34700E+02    2.87506E+00    5.64125E-02
    6.34800E+02    2.85532E+00    5.75372E-02
    6.34900E+02    2.84275E+00    5.82653E-02
    6.35000E+02    2.83297E+00    5.88381E-02
    6.35100E+02    2.82473E+00    5.93249E-02
    6.35200E+02    2.81730E+00    5.97670E-02
    6.35300E+02    2.81120E+00    6.01331E-02
    6.35400E+02    2.80372E+00    6.05844E-02
    6.35500E+02    2.79741E+00    6.09681E-02
    6.35600E+02    2.79116E+00    6.13500E-02
    6.35700E+02    2.78516E+00    6.17193E-02
    6.35800E+02    2.77927E+00    6.20839E-02
    6.35900E+02    2.77358E+00    6.24384E-02
    6.36000E+02    2.76806E+00    6.27837E-02
    6.36100E+02    2.76317E+00    6.30912E-02
    6.36200E+02    2.75729E+00    6.34635E-02
    6.36300E+02    2.75181E+00    6.38124E-02
    6.36400E+02    2.74669E+00    6.41401E-02
    6.36500E+02    2.74127E+00    6.44883E-02
    6.36600E+02    2.73630E+00    6.48098E-02
    6.36700E+02    2.73151E+00    6.51209E-02
    6.36800E+02    2.72617E+00    6.54695E-02
    6.36900E+02    2.72135E+00    6.57860E-02
    6.37000E+02    2.71667E+00    6.60942E-02
    6.37100E+02    2.71182E+00    6.64157E-02
    6.37200E+02    2.70710E+00    6.67303E-02
    6.37300E+02    2.70261E+00    6.70302E-02
    6.37400E+02    2.69818E+00    6.73281E-02
    6.37500E+02    2.69383E+00    6.76217E-02
    6.37600E+02    2.68976E+00    6.78969E-02
    6.37700E+02    2.68537E+00    6.81962E-02
    6.37800E+02    2.68144E+00    6.84648E-02
    6.37900E+02    2.67764E+00    6.87253E-02
    6.38000E+02    2.67403E+00    6.89734E-02
    6.38100E+02    2.67060E+00    6.92108E-02
    6.38200E+02    2.66781E+00    6.94043E-02
    6.38300E+02    2.66585E+00    6.95399E-02
    6.38400E+02    2.66520E+00    6.95852E-02
    6.38500E+02    2.66895E+00    6.93251E-02
    6.38600E+02    2.67228E+00    6.90946E-02
    6.38700E+02    2.68524E+00    6.82045E-02
    6.38800E+02    2.74079E+00    6.45195E-02
    6.38900E+02    3.29668E+00    3.70057E-02
    6.39000E+02    2.74049E+00    6.45389E-02
    6.39100E+02    2.67128E+00    6.91636E-02
    6.39200E+02    2.64756E+00    7.08240E-02
    6.39300E+02    2.63703E+00    7.15737E-02
    6.39400E+02    2.62847E+00    7.21889E-02
    6.39500E+02    2.62142E+00    7.26999E-02
    6.39600E+02    2.61663E+00    7.30485E-02
    6.39700E+02    2.61178E+00    7.34038E-02
    6.39800E+02    2.60915E+00    7.35974E-02
    6.39900E+02    2.60981E+00    7.35488E-02
    6.40000E+02    2.62318E+00    7.25715E-02
    6.40100E+02    2.74504E+00    6.42458E-02
    6.40200E+02    2.61395E+00    7.32449E-02
    6.40300E+02    2.61713E+00    7.30120E-02
    6.40400E+02    2.59035E+00    7.49939E-02
    6.40500E+02    2.58177E+00    7.56400E-02
    6.40600E+02    2.57749E+00    7.59647E-02
    6.40700E+02    2.57199E+00    7.63833E-02
    6.40800E+02    2.56832E+00    7.66641E-02
    6.40900E+02    2.56474E+00    7.69389E-02
    6.41000E+02    2.56159E+00    7.71818E-02
    6.41100E+02    2.55872E+00    7.74037E-02
    6.41200E+02    2.55643E+00    7.75809E-02
    6.41300E+02    2.55460E+00    7.77237E-02
    6.41400E+02    2.55513E+00    7.76820E-02
    6.41500E+02    2.56955E+00    7.65696E-02
    6.41600E+02    2.55806E+00    7.74548E-02
    6.41700E+02    2.54809E+00    7.82310E-02
    6.41800E+02    2.54489E+00    7.84818E-02
    6.41900E+02    2.54517E+00    7.84594E-02
    6.42000E+02    2.54757E+00    7.82719E-02
    6.42100E+02    2.55818E+00    7.74459E-02
    6.42200E+02    2.58973E+00    7.50401E-02
    6.42300E+02    2.73852E+00    6.46660E-02
    6.42400E+02    2.73295E+00    6.50275E-02
    6.42500E+02    2.58006E+00    7.57698E-02
    6.42600E+02    2.54362E+00    7.85816E-02
    6.42700E+02    2.52773E+00    7.98400E-02
    6.42800E+02    2.51852E+00    8.05789E-02
    6.42900E+02    2.51230E+00    8.10817E-02
    6.43000E+02    2.50761E+00    8.14624E-02
    6.43100E+02    2.50387E+00    8.17680E-02
    6.43200E+02    2.50089E+00    8.20117E-02
    6.43300E+02    2.49917E+00    8.21529E-02
    6.43400E+02    2.49552E+00    8.24536E-02
    6.43500E+02    2.49306E+00    8.26565E-02
    6.43600E+02    2.48890E+00    8.30014E-02
    6.43700E+02    2.48536E+00    8.32954E-02
    6.43800E+02    2.48270E+00    8.35176E-02
    6.43900E+02    2.48045E+00    8.37052E-02
    6.44000E+02    2.47869E+00    8.38526E-02
    6.44100E+02    2.47717E+00    8.39810E-02
    6.44200E+02    2.47597E+00    8.40812E-02
    6.44300E+02    2.47610E+00    8.40703E-02
    6.44400E+02    2.47852E+00    8.38674E-02
    6.44500E+02    2.48481E+00    8.33411E-02
    6.44600E+02    2.50083E+00    8.20167E-02
    6.44700E+02    2.55298E+00    7.78495E-02
    6.44800E+02    3.01484E+00    4.90535E-02
    6.44900E+02    2.55899E+00    7.73832E-02
    6.45000E+02    2.49345E+00    8.26248E-02
    6.45100E+02    2.47246E+00    8.43769E-02
    6.45200E+02    2.46194E+00    8.52692E-02
    6.45300E+02    2.45752E+00    8.56472E-02
    6.45400E+02    2.45814E+00    8.55939E-02
    6.45500E+02    2.45370E+00    8.59750E-02
    6.45600E+02    2.46891E+00    8.46768E-02
    6.45700E+02    2.49540E+00    8.24636E-02
    6.45800E+02    2.44823E+00    8.64467E-02
    6.45900E+02    2.44175E+00    8.70081E-02
    6.46000E+02    2.43900E+00    8.72478E-02
    6.46100E+02    2.43138E+00    8.79155E-02
    6.46200E+02    2.42834E+00    8.81830E-02
    6.46300E+02    2.42949E+00    8.80815E-02
    6.46400E+02    2.42493E+00    8.84845E-02
    6.46500E+02    2.42392E+00    8.85737E-02
    6.46600E+02    2.41906E+00    8.90051E-02
    6.46700E+02    2.41673E+00    8.92127E-02
    6.46800E+02    2.41467E+00    8.93971E-02
    6.46900E+02    2.41354E+00    8.94977E-02
    6.47000E+02    2.41242E+00    8.95986E-02
    6.47100E+02    2.41235E+00    8.96044E-02
    6.47200E+02    2.41289E+00    8.95560E-02
    6.47300E+02    2.41494E+00    8.93730E-02
    6.47400E+02    2.41648E+00    8.92354E-02
    6.47500E+02    2.42298E+00    8.86569E-02
    6.47600E+02    2.43703E+00    8.74197E-02
    6.47700E+02    2.47577E+00    8.40979E-02
    6.47800E+02    2.68222E+00    6.84110E-02
    6.47900E+02    2.59582E+00    7.45850E-02
    6.48000E+02    2.45538E+00    8.58304E-02
    6.48100E+02    2.41927E+00    8.89866E-02
    6.48200E+02    2.40368E+00    9.03851E-02
    6.48300E+02    2.39505E+00    9.11677E-02
    6.48400E+02    2.38947E+00    9.16782E-02
    6.48500E+02    2.38535E+00    9.20570E-02
    6.48600E+02    2.38177E+00    9.23874E-02
    6.48700E+02    2.37895E+00    9.26482E-02
    6.48800E+02    2.37665E+00    9.28611E-02
    6.48900E+02    2.37434E+00    9.30762E-02
    6.49000E+02    2.37218E+00    9.32771E-02
    6.49100E+02    2.37068E+00    9.34176E-02
    6.49200E+02    2.36872E+00    9.36000E-02
    6.49300E+02    2.36683E+00    9.37775E-02
    6.49400E+02    2.36505E+00    9.39445E-02
    6.49500E+02    2.36350E+00    9.40907E-02
    6.49600E+02    2.36206E+00    9.42261E-02
    6.49700E+02    2.36073E+00    9.43517E-02
    6.49800E+02    2.35958E+00    9.44597E-02
    6.49900E+02    2.35851E+00    9.45609E-02
    6.50000E+02    2.35777E+00    9.46309E-02
    6.50100E+02    2.35667E+00    9.47351E-02
    6.50200E+02    2.35613E+00    9.47867E-02
    6.50300E+02    2.35597E+00    9.48012E-02
    6.50400E+02    2.35668E+00    9.47346E-02
    6.50500E+02    2.35997E+00    9.44234E-02
    6.50600E+02    2.36628E+00    9.38295E-02
    6.50700E+02    2.40430E+00    9.03283E-02
    6.50800E+02    2.38259E+00    9.23110E-02
    6.50900E+02    2.36655E+00    9.38035E-02
    6.51000E+02    2.36590E+00    9.38652E-02
    6.51100E+02    2.37114E+00    9.33743E-02
    6.51200E+02    2.38566E+00    9.20284E-02
    6.51300E+02    2.42212E+00    8.87337E-02
    6.51400E+02    2.55047E+00    7.80446E-02
    6.51500E+02    2.88318E+00    5.59565E-02
    6.51600E+02    2.57602E+00    7.60764E-02
    6.51700E+02    2.42222E+00    8.87244E-02
    6.51800E+02    2.38565E+00    9.20294E-02
    6.51900E+02    2.36286E+00    9.41507E-02
    6.52000E+02    2.35176E+00    9.52011E-02
    6.52100E+02    2.34603E+00    9.57490E-02
    6.52200E+02    2.34542E+00    9.58067E-02
    6.52300E+02    2.34222E+00    9.61144E-02
    6.52400E+02    2.33636E+00    9.66785E-02
    6.52500E+02    2.33418E+00    9.68896E-02
    6.52600E+02    2.33295E+00    9.70090E-02
    6.52700E+02    2.33226E+00    9.70758E-02
    6.52800E+02    2.33249E+00    9.70533E-02
    6.52900E+02    2.33217E+00    9.70845E-02
    6.53000E+02    2.33276E+00    9.70278E-02
    6.53100E+02    2.33425E+00    9.68831E-02
    6.53200E+02    2.33693E+00    9.66243E-02
    6.53300E+02    2.34171E+00    9.61627E-02
    6.53400E+02    2.35147E+00    9.52287E-02
    6.53500E+02    2.36786E+00    9.36809E-02
    6.53600E+02    2.40258E+00    9.04842E-02
    6.53700E+02    2.54817E+00    7.82249E-02
    6.53800E+02    2.66513E+00    6.95900E-02
    6.53900E+02    2.42641E+00    8.83532E-02
    6.54000E+02    2.38214E+00    9.23523E-02
    6.54100E+02    2.37005E+00    9.34761E-02
    6.54200E+02    2.36921E+00    9.35548E-02
    6.54300E+02    2.37601E+00    9.29202E-02
    6.54400E+02    2.39255E+00    9.13966E-02
    6.54500E+02    2.42663E+00    8.83342E-02
    6.54600E+02    2.51092E+00    8.11933E-02
    6.54700E+02    3.00189E+00    4.96929E-02
    6.54800E+02    2.81432E+00    5.99457E-02
    6.54900E+02    2.85406E+00    5.76098E-02
    6.55000E+02    3.27611E+00    3.77748E-02
    6.55100E+02    3.17645E+00    4.17335E-02
    6.55200E+02    3.57311E+00    2.80684E-02
    6.55300E+02    3.35721E+00    3.48323E-02
    6.55400E+02    2.65481E+00    7.03119E-02
    6.55500E+02    2.62227E+00    7.26381E-02
    6.55600E+02    3.20810E+00    4.04336E-02
    6.55700E+02    2.65510E+00    7.02916E-02
    6.55800E+02    2.72362E+00    6.56367E-02
    6.55900E+02    3.09009E+00    4.54978E-02
    6.56000E+02    3.39816E+00    3.34347E-02
    6.56100E+02    2.76507E+00    6.29720E-02
    6.56200E+02    3.08156E+00    4.58874E-02
    6.56300E+02    2.95091E+00    5.22921E-02
    6.56400E+02    3.20820E+00    4.04295E-02
    6.56500E+02    2.79830E+00    6.09135E-02
    6.56600E+02    2.50480E+00    8.16920E-02
    6.56700E+02    2.42832E+00    8.81846E-02
    6.56800E+02    2.39061E+00    9.15739E-02
    6.56900E+02    2.36972E+00    9.35064E-02
    6.57000E+02    2.35786E+00    9.46222E-02
    6.57100E+02    2.35103E+00    9.52710E-02
    6.57200E+02    2.34624E+00    9.57284E-02
    6.57300E+02    2.34523E+00    9.58248E-02
    6.57400E+02    2.35389E+00    9.49986E-02
    6.57500E+02    2.43777E+00    8.73557E-02
    6.57600E+02    2.36198E+00    9.42337E-02
    6.57700E+02    2.34876E+00    9.54879E-02
    6.57800E+02    2.35147E+00    9.52289E-02
    6.57900E+02    2.37570E+00    9.29490E-02
    6.58000E+02    2.51651E+00    8.07406E-02
    6.58100E+02    2.45009E+00    8.62861E-02
    6.58200E+02    2.36014E+00    9.44073E-02
    6.58300E+02    2.33736E+00    9.65821E-02
    6.58400E+02    2.32715E+00    9.75734E-02
    6.58500E+02    2.32189E+00    9.80880E-02
    6.58600E+02    2.31889E+00    9.83825E-02
    6.58700E+02    2.32076E+00    9.81989E-02
    6.58800E+02    2.36343E+00    9.40966E-02
    6.58900E+02    2.31879E+00    9.83929E-02
    6.59000E+02    2.30628E+00    9.96310E-02
    6.59100E+02    2.30919E+00    9.93415E-02
    6.59200E+02    2.29653E+00    1.00607E-01
    6.59300E+02    2.29176E+00    1.01089E-01
    6.59400E+02    2.28856E+00    1.01413E-01
    6.59500E+02    2.28583E+00    1.01689E-01
    6.59600E+02    2.28292E+00    1.01986E-01
    6.59700E+02    2.28049E+00    1.02234E-01
    6.59800E+02    2.27830E+00    1.02458E-01
    6.59900E+02    2.27637E+00    1.02656E-01
    6.60000E+02    2.27439E+00    1.02860E-01
    6.60100E+02    2.27281E+00    1.03022E-01
    6.60200E+02    2.27118E+00    1.03191E-01
    6.60300E+02    2.26950E+00    1.03364E-01
    6.60400E+02    2.26810E+00    1.03508E-01
    6.60500E+02    2.26691E+00    1.03632E-01
    6.60600E+02    2.26593E+00    1.03734E-01
    6.60700E+02    2.26521E+00    1.03808E-01
    6.60800E+02    2.26483E+00    1.03848E-01
    6.60900E+02    2.26511E+00    1.03819E-01
    6.61000E+02    2.26628E+00    1.03698E-01
    6.61100E+02    2.26857E+00    1.03460E-01
    6.61200E+02    2.27447E+00    1.02851E-01
    6.61300E+02    2.29168E+00    1.01097E-01
    6.61400E+02    2.36764E+00    9.37017E-02
    6.61500E+02    2.40480E+00    9.02839E-02
    6.61600E+02    2.29462E+00    1.00800E-01
    6.61700E+02    2.27150E+00    1.03158E-01
    6.61800E+02    2.26256E+00    1.04084E-01
    6.61900E+02    2.25787E+00    1.04573E-01
    6.62000E+02    2.25498E+00    1.04876E-01
    6.62100E+02    2.25293E+00    1.05091E-01
    6.62200E+02    2.25143E+00    1.05249E-01
    6.62300E+02    2.25021E+00    1.05377E-01
    6.62400E+02    2.24935E+00    1.05468E-01
    6.62500E+02    2.24840E+00    1.05568E-01
    6.62600E+02    2.24777E+00    1.05635E-01
    6.62700E+02    2.24774E+00    1.05638E-01
    6.62800E+02    2.25234E+00    1.05153E-01
    6.62900E+02    2.24735E+00    1.05679E-01
    6.63000E+02    2.24560E+00    1.05864E-01
    6.63100E+02    2.24483E+00    1.05946E-01
    6.63200E+02    2.24424E+00    1.06008E-01
    6.63300E+02    2.24374E+00    1.06061E-01
    6.63400E+02    2.24337E+00    1.06100E-01
    6.63500E+02    2.24305E+00    1.06134E-01
    6.63600E+02    2.24296E+00    1.06144E-01
    6.63700E+02    2.24281E+00    1.06160E-01
    6.63800E+02    2.24249E+00    1.06194E-01
    6.63900E+02    2.24234E+00    1.06209E-01
    6.64000E+02    2.24239E+00    1.06205E-01
    6.64100E+02    2.24218E+00    1.06226E-01
    6.64200E+02    2.24232E+00    1.06211E-01
    6.64300E+02    2.24286E+00    1.06154E-01
    6.64400E+02    2.24479E+00    1.05950E-01
    6.64500E+02    2.25674E+00    1.04691E-01
    6.64600E+02    2.24469E+00    1.05960E-01
    6.64700E+02    2.24402E+00    1.06031E-01
    6.64800E+02    2.24444E+00    1.05987E-01
    6.64900E+02    2.24555E+00    1.05870E-01
    6.65000E+02    2.24824E+00    1.05584E-01
    6.65100E+02    2.25126E+00    1.05266E-01
    6.65200E+02    2.25665E+00    1.04701E-01
    6.65300E+02    2.25883E+00    1.04472E-01
    6.65400E+02    2.27138E+00    1.03169E-01
    6.65500E+02    2.29662E+00    1.00598E-01
    6.65600E+02    2.38709E+00    9.18966E-02
    6.65700E+02    2.62955E+00    7.21112E-02
    6.65800E+02    2.33915E+00    9.64099E-02
    6.65900E+02    2.29416E+00    1.00846E-01
    6.66000E+02    2.26961E+00    1.03353E-01
    6.66100E+02    2.26516E+00    1.03813E-01
    6.66200E+02    2.26641E+00    1.03684E-01
    6.66300E+02    2.26922E+00    1.03393E-01
    6.66400E+02    2.26770E+00    1.03550E-01
    6.66500E+02    2.28892E+00    1.01376E-01
    6.66600E+02    2.40713E+00    9.00736E-02
    6.66700E+02    2.33188E+00    9.71128E-02
    6.66800E+02    2.28494E+00    1.01780E-01
    6.66900E+02    2.26046E+00    1.04302E-01
    6.67000E+02    2.25472E+00    1.04903E-01
    6.67100E+02    2.25265E+00    1.05121E-01
    6.67200E+02    2.24863E+00    1.05543E-01
    6.67300E+02    2.25092E+00    1.05302E-01
    6.67400E+02    2.25350E+00    1.05031E-01
    6.67500E+02    2.25369E+00    1.05012E-01
    6.67600E+02    2.24727E+00    1.05687E-01
    6.67700E+02    2.25780E+00    1.04581E-01
    6.67800E+02    2.24892E+00    1.05513E-01
    6.67900E+02    2.25444E+00    1.04933E-01
    6.68000E+02    2.24637E+00    1.05783E-01
    6.68100E+02    2.24429E+00    1.06002E-01
    6.68200E+02    2.24393E+00    1.06040E-01
    6.68300E+02    2.24398E+00    1.06035E-01
    6.68400E+02    2.24426E+00    1.06006E-01
    6.68500E+02    2.24469E+00    1.05961E-01
    6.68600E+02    2.24516E+00    1.05911E-01
    6.68700E+02    2.24581E+00    1.05841E-01
    6.68800E+02    2.24660E+00    1.05758E-01
    6.68900E+02    2.24762E+00    1.05650E-01
    6.69000E+02    2.24889E+00    1.05516E-01
    6.69100E+02    2.25052E+00    1.05344E-01
    6.69200E+02    2.25274E+00    1.05111E-01
    6.69300E+02    2.25589E+00    1.04780E-01
    6.69400E+02    2.26082E+00    1.04265E-01
    6.69500E+02    2.26960E+00    1.03354E-01
    6.69600E+02    2.28952E+00    1.01315E-01
    6.69700E+02    2.32345E+00    9.79354E-02
    6.69800E+02    2.48718E+00    8.31437E-02
    6.69900E+02    2.55461E+00    7.77227E-02
    6.70000E+02    2.33465E+00    9.68441E-02
    6.70100E+02    2.29210E+00    1.01054E-01
    6.70200E+02    2.27550E+00    1.02746E-01
    6.70300E+02    2.26731E+00    1.03591E-01
    6.70400E+02    2.26270E+00    1.04069E-01
    6.70500E+02    2.26065E+00    1.04283E-01
    6.70600E+02    2.25963E+00    1.04389E-01
    6.70700E+02    2.25944E+00    1.04409E-01
    6.70800E+02    2.25984E+00    1.04367E-01
    6.70900E+02    2.26115E+00    1.04230E-01
    6.71000E+02    2.26246E+00    1.04094E-01
    6.71100E+02    2.26498E+00    1.03832E-01
    6.71200E+02    2.26902E+00    1.03414E-01
    6.71300E+02    2.27581E+00    1.02714E-01
    6.71400E+02    2.28876E+00    1.01392E-01
    6.71500E+02    2.31904E+00    9.83683E-02
    6.71600E+02    2.42800E+00    8.82126E-02
    6.71700E+02    2.58818E+00    7.51567E-02
    6.71800E+02    2.46444E+00    8.50568E-02
    6.71900E+02    2.32028E+00    9.82464E-02
    6.72000E+02    2.29156E+00    1.01109E-01
    6.72100E+02    2.27933E+00    1.02353E-01
    6.72200E+02    2.27408E+00    1.02891E-01
    6.72300E+02    2.27165E+00    1.03142E-01
    6.72400E+02    2.27089E+00    1.03221E-01
    6.72500E+02    2.27178E+00    1.03128E-01
    6.72600E+02    2.27514E+00    1.02782E-01
    6.72700E+02    2.28779E+00    1.01491E-01
    6.72800E+02    2.39810E+00    9.08903E-02
    6.72900E+02    2.28593E+00    1.01680E-01
    6.73000E+02    2.27595E+00    1.02699E-01
    6.73100E+02    2.27971E+00    1.02314E-01
    6.73200E+02    2.27276E+00    1.03027E-01
    6.73300E+02    2.27246E+00    1.03058E-01
    6.73400E+02    2.27334E+00    1.02968E-01
    6.73500E+02    2.27512E+00    1.02784E-01
    6.73600E+02    2.27844E+00    1.02444E-01
    6.73700E+02    2.28537E+00    1.01736E-01
    6.73800E+02    2.30549E+00    9.97096E-02
    6.73900E+02    2.45976E+00    8.54557E-02
    6.74000E+02    2.32065E+00    9.82101E-02
    6.74100E+02    2.29129E+00    1.01136E-01
    6.74200E+02    2.28355E+00    1.01922E-01
    6.74300E+02    2.28076E+00    1.02206E-01
    6.74400E+02    2.27971E+00    1.02314E-01
    6.74500E+02    2.27951E+00    1.02335E-01
    6.74600E+02    2.27964E+00    1.02321E-01
    6.74700E+02    2.28000E+00    1.02284E-01
    6.74800E+02    2.28058E+00    1.02225E-01
    6.74900E+02    2.28143E+00    1.02138E-01
    6.75000E+02    2.28217E+00    1.02062E-01
    6.75100E+02    2.28431E+00    1.01845E-01
    6.75200E+02    2.28397E+00    1.01879E-01
    6.75300E+02    2.28485E+00    1.01789E-01
    6.75400E+02    2.28595E+00    1.01678E-01
    6.75500E+02    2.28724E+00    1.01546E-01
    6.75600E+02    2.28879E+00    1.01389E-01
    6.75700E+02    2.29084E+00    1.01182E-01
    6.75800E+02    2.29378E+00    1.00884E-01
    6.75900E+02    2.29984E+00    1.00275E-01
    6.76000E+02    2.32132E+00    9.81438E-02
    6.76100E+02    2.33777E+00    9.65431E-02
    6.76200E+02    2.30536E+00    9.97227E-02
    6.76300E+02    2.29980E+00    1.00279E-01
    6.76400E+02    2.29848E+00    1.00412E-01
    6.76500E+02    2.29850E+00    1.00409E-01
    6.76600E+02    2.29923E+00    1.00336E-01
    6.76700E+02    2.30045E+00    1.00213E-01
    6.76800E+02    2.30263E+00    9.99955E-02
    6.76900E+02    2.31678E+00    9.85901E-02
    6.77000E+02    2.30850E+00    9.94101E-02
    6.77100E+02    2.32343E+00    9.79368E-02
    6.77200E+02    2.31948E+00    9.83244E-02
    6.77300E+02    2.30967E+00    9.92936E-02
    6.77400E+02    2.30842E+00    9.94180E-02
    6.77500E+02    2.30865E+00    9.93949E-02
    6.77600E+02    2.30937E+00    9.93239E-02
    6.77700E+02    2.31033E+00    9.92286E-02
    6.77800E+02    2.31142E+00    9.91207E-02
    6.77900E+02    2.31269E+00    9.89946E-02
    6.78000E+02    2.31373E+00    9.88917E-02
    6.78100E+02    2.31497E+00    9.87687E-02
    6.78200E+02    2.31634E+00    9.86337E-02
    6.78300E+02    2.31803E+00    9.84672E-02
    6.78400E+02    2.32407E+00    9.78743E-02
    6.78500E+02    2.32086E+00    9.81892E-02
    6.78600E+02    2.32161E+00    9.81152E-02
    6.78700E+02    2.32291E+00    9.79882E-02
    6.78800E+02    2.32433E+00    9.78489E-02
    6.78900E+02    2.32597E+00    9.76888E-02
    6.79000E+02    2.32893E+00    9.73996E-02
    6.79100E+02    2.33203E+00    9.70983E-02
    6.79200E+02    2.33029E+00    9.72674E-02
    6.79300E+02    2.33124E+00    9.71755E-02
    6.79400E+02    2.33253E+00    9.70502E-02
    6.79500E+02    2.33392E+00    9.69154E-02
    6.79600E+02    2.33539E+00    9.67727E-02
    6.79700E+02    2.33704E+00    9.66128E-02
    6.79800E+02    2.33948E+00    9.63781E-02
    6.79900E+02    2.33985E+00    9.63423E-02
    6.80000E+02    2.34127E+00    9.62054E-02
    6.80100E+02    2.34277E+00    9.60607E-02
    6.80200E+02    2.34431E+00    9.59130E-02
    6.80300E+02    2.34601E+00    9.57508E-02
    6.80400E+02    2.34753E+00    9.56050E-02
    6.80500E+02    2.34906E+00    9.54592E-02
    6.80600E+02    2.35064E+00    9.53079E-02
    6.80700E+02    2.35225E+00    9.51548E-02
    6.80800E+02    2.35389E+00    9.49986E-02
    6.80900E+02    2.35554E+00    9.48420E-02
    6.81000E+02    2.35720E+00    9.46852E-02
    6.81100E+02    2.35890E+00    9.45245E-02
    6.81200E+02    2.36060E+00    9.43635E-02
    6.81300E+02    2.36231E+00    9.42020E-02
    6.81400E+02    2.36409E+00    9.40348E-02
    6.81500E+02    2.36589E+00    9.38659E-02
    6.81600E+02    2.36786E+00    9.36813E-02
    6.81700E+02    2.36948E+00    9.35289E-02
    6.81800E+02    2.37128E+00    9.33613E-02
    6.81900E+02    2.37344E+00    9.31594E-02
    6.82000E+02    2.37536E+00    9.29811E-02
    6.82100E+02    2.37702E+00    9.28270E-02
    6.82200E+02    2.37926E+00    9.26193E-02
    6.82300E+02    2.38128E+00    9.24320E-02
    6.82400E+02    2.38270E+00    9.23008E-02
    6.82500E+02    2.38459E+00    9.21270E-02
    6.82600E+02    2.38659E+00    9.19429E-02
    6.82700E+02    2.38869E+00    9.17496E-02
    6.82800E+02    2.39085E+00    9.15517E-02
    6.82900E+02    2.39311E+00    9.13448E-02
    6.83000E+02    2.39530E+00    9.11455E-02
    6.83100E+02    2.39798E+00    9.09010E-02
    6.83200E+02    2.40121E+00    9.06087E-02
    6.83300E+02    2.40508E+00    9.02582E-02
    6.83400E+02    2.41114E+00    8.97132E-02
    6.83500E+02    2.42426E+00    8.85435E-02
    6.83600E+02    2.48465E+00    8.33548E-02
    6.83700E+02    2.46159E+00    8.52994E-02
    6.83800E+02    2.42882E+00    8.81411E-02
    6.83900E+02    2.42272E+00    8.86801E-02
    6.84000E+02    2.42325E+00    8.86329E-02
    6.84100E+02    2.42847E+00    8.81712E-02
    6.84200E+02    2.45350E+00    8.59923E-02
    6.84300E+02    2.44877E+00    8.64001E-02
    6.84400E+02    2.43194E+00    8.78661E-02
    6.84500E+02    2.42954E+00    8.80778E-02
    6.84600E+02    2.42981E+00    8.80534E-02
    6.84700E+02    2.43103E+00    8.79460E-02
    6.84800E+02    2.43268E+00    8.78014E-02
    6.84900E+02    2.43451E+00    8.76409E-02
    6.85000E+02    2.43651E+00    8.74653E-02
    6.85100E+02    2.43858E+00    8.72847E-02
    6.85200E+02    2.44072E+00    8.70980E-02
    6.85300E+02    2.44295E+00    8.69040E-02
    6.85400E+02    2.44523E+00    8.67058E-02
    6.85500E+02    2.44764E+00    8.64971E-02
    6.85600E+02    2.45123E+00    8.61879E-02
    6.85700E+02    2.45253E+00    8.60758E-02
    6.85800E+02    2.45504E+00    8.58598E-02
    6.85900E+02    2.46002E+00    8.54335E-02
    6.86000E+02    2.45968E+00    8.54624E-02
    6.86100E+02    2.46193E+00    8.52702E-02
    6.86200E+02    2.46436E+00    8.50633E-02
    6.86300E+02    2.46678E+00    8.48580E-02
    6.86400E+02    2.46928E+00    8.46458E-02
    6.86500E+02    2.47190E+00    8.44240E-02
    6.86600E+02    2.47487E+00    8.41741E-02
    6.86700E+02    2.47740E+00    8.39609E-02
    6.86800E+02    2.47965E+00    8.37726E-02
    6.86900E+02    2.48224E+00    8.35554E-02
    6.87000E+02    2.48487E+00    8.33364E-02
    6.87100E+02    2.48757E+00    8.31120E-02
    6.87200E+02    2.49029E+00    8.28856E-02
    6.87300E+02    2.49308E+00    8.26551E-02
    6.87400E+02    2.49589E+00    8.24230E-02
    6.87500E+02    2.49864E+00    8.21970E-02
    6.87600E+02    2.50149E+00    8.19626E-02
    6.87700E+02    2.50456E+00    8.17112E-02
    6.87800E+02    2.50724E+00    8.14932E-02
    6.87900E+02    2.51018E+00    8.12538E-02
    6.88000E+02    2.51313E+00    8.10145E-02
    6.88100E+02    2.51614E+00    8.07709E-02
    6.88200E+02    2.51917E+00    8.05263E-02
    6.88300E+02    2.52227E+00    8.02773E-02
    6.88400E+02    2.52539E+00    8.00273E-02
    6.88500E+02    2.52855E+00    7.97746E-02
    6.88600E+02    2.53178E+00    7.95172E-02
    6.88700E+02    2.53503E+00    7.92594E-02
    6.88800E+02    2.53837E+00    7.89950E-02
    6.88900E+02    2.54179E+00    7.87257E-02
    6.89000E+02    2.54522E+00    7.84557E-02
    6.89100E+02    2.54870E+00    7.81829E-02
    6.89200E+02    2.55229E+00    7.79028E-02
    6.89300E+02    2.55613E+00    7.76046E-02
    6.89400E+02    2.55967E+00    7.73303E-02
    6.89500E+02    2.56346E+00    7.70375E-02
    6.89600E+02    2.56740E+00    7.67346E-02
    6.89700E+02    2.57169E+00    7.64064E-02
    6.89800E+02    2.57577E+00    7.60953E-02
    6.89900E+02    2.57976E+00    7.57921E-02
    6.90000E+02    2.58407E+00    7.54662E-02
    6.90100E+02    2.58856E+00    7.51279E-02
    6.90200E+02    2.59324E+00    7.47774E-02
    6.90300E+02    2.59813E+00    7.44125E-02
    6.90400E+02    2.60330E+00    7.40292E-02
    6.90500E+02    2.60861E+00    7.36370E-02
    6.90600E+02    2.61435E+00    7.32156E-02
    6.90700E+02    2.62099E+00    7.27310E-02
    6.90800E+02    2.62824E+00    7.22053E-02
    6.90900E+02    2.63303E+00    7.18602E-02
    6.91000E+02    2.63989E+00    7.13695E-02
    6.91100E+02    2.64812E+00    7.07845E-02
    6.91200E+02    2.65700E+00    7.01584E-02
    6.91300E+02    2.67322E+00    6.90299E-02
    6.91400E+02    2.68725E+00    6.80680E-02
    6.91500E+02    2.68726E+00    6.80669E-02
    6.91600E+02    2.69453E+00    6.75742E-02
    6.91700E+02    2.70765E+00    6.66932E-02
    6.91800E+02    2.70785E+00    6.66799E-02
    6.91900E+02    2.71769E+00    6.60273E-02
    6.92000E+02    2.73583E+00    6.48402E-02
    6.92100E+02    2.74287E+00    6.43850E-02
    6.92200E+02    2.77189E+00    6.25437E-02
    6.92300E+02    2.87911E+00    5.61847E-02
    6.92400E+02    3.02705E+00    4.84583E-02
    6.92500E+02    2.79627E+00    6.10370E-02
    6.92600E+02    2.75501E+00    6.36081E-02
    6.92700E+02    2.74036E+00    6.45468E-02
    6.92800E+02    2.73460E+00    6.49201E-02
    6.92900E+02    2.73278E+00    6.50381E-02
    6.93000E+02    2.73428E+00    6.49408E-02
    6.93100E+02    2.73958E+00    6.45972E-02
    6.93200E+02    2.75155E+00    6.38288E-02
    6.93300E+02    2.78128E+00    6.19590E-02
    6.93400E+02    2.88911E+00    5.56259E-02
    6.93500E+02    3.09608E+00    4.52263E-02
    6.93600E+02    2.81542E+00    5.98797E-02
    6.93700E+02    2.76741E+00    6.28248E-02
    6.93800E+02    2.75147E+00    6.38338E-02
    6.93900E+02    2.74555E+00    6.42128E-02
    6.94000E+02    2.74376E+00    6.43278E-02
    6.94100E+02    2.74424E+00    6.42971E-02
    6.94200E+02    2.74625E+00    6.41681E-02
    6.94300E+02    2.74973E+00    6.39450E-02
    6.94400E+02    2.75537E+00    6.35854E-02
    6.94500E+02    2.76468E+00    6.29963E-02
    6.94600E+02    2.78513E+00    6.17210E-02
    6.94700E+02    2.86209E+00    5.71493E-02
    6.94800E+02    2.91693E+00    5.40995E-02
    6.94900E+02    2.80222E+00    6.06750E-02
    6.95000E+02    2.78302E+00    6.18516E-02
    6.95100E+02    2.77926E+00    6.20844E-02
    6.95200E+02    2.77825E+00    6.21471E-02
    6.95300E+02    2.78025E+00    6.20231E-02
    6.95400E+02    2.78251E+00    6.18830E-02
    6.95500E+02    2.78564E+00    6.16895E-02
    6.95600E+02    2.78954E+00    6.14496E-02
    6.95700E+02    2.79414E+00    6.11676E-02
    6.95800E+02    2.80016E+00    6.08005E-02
    6.95900E+02    2.80938E+00    6.02424E-02
    6.96000E+02    2.82847E+00    5.91033E-02
    6.96100E+02    2.94031E+00    5.28492E-02
    6.96200E+02    2.83137E+00    5.89321E-02
    6.96300E+02    2.82343E+00    5.94019E-02
    6.96400E+02    2.82387E+00    5.93757E-02
    6.96500E+02    2.82649E+00    5.92206E-02
    6.96600E+02    2.82997E+00    5.90149E-02
    6.96700E+02    2.83406E+00    5.87740E-02
    6.96800E+02    2.83847E+00    5.85153E-02
    6.96900E+02    2.84331E+00    5.82328E-02
    6.97000E+02    2.84881E+00    5.79130E-02
    6.97100E+02    2.86177E+00    5.71674E-02
    6.97200E+02    2.85797E+00    5.73851E-02
    6.97300E+02    2.86220E+00    5.71428E-02
    6.97400E+02    2.86802E+00    5.68113E-02
    6.97500E+02    2.88286E+00    5.59742E-02
    6.97600E+02    2.87750E+00    5.62752E-02
    6.97700E+02    2.88210E+00    5.60167E-02
    6.97800E+02    2.88610E+00    5.57934E-02
    6.97900E+02    2.89082E+00    5.55304E-02
    6.98000E+02    2.89596E+00    5.52461E-02
    6.98100E+02    2.90120E+00    5.49571E-02
    6.98200E+02    2.90628E+00    5.46787E-02
    6.98300E+02    2.91184E+00    5.43758E-02
    6.98400E+02    2.91734E+00    5.40774E-02
    6.98500E+02    2.92304E+00    5.37698E-02
    6.98600E+02    2.92941E+00    5.34283E-02
    6.98700E+02    2.93705E+00    5.30217E-02
    6.98800E+02    2.94525E+00    5.25889E-02
    6.98900E+02    2.96355E+00    5.16354E-02
    6.99000E+02    3.01239E+00    4.91742E-02
    6.99100E+02    2.96722E+00    5.14463E-02
    6.99200E+02    2.96570E+00    5.15243E-02
    6.99300E+02    2.96935E+00    5.13365E-02
    6.99400E+02    2.97394E+00    5.11016E-02
    6.99500E+02    2.97928E+00    5.08295E-02
    6.99600E+02    2.98513E+00    5.05330E-02
    6.99700E+02    2.99103E+00    5.02358E-02
    6.99800E+02    2.99731E+00    4.99214E-02
    6.99900E+02    3.00384E+00    4.95963E-02
    7.00000E+02    3.01070E+00    4.92573E-02
    7.00100E+02    3.01804E+00    4.88971E-02
    7.00200E+02    3.02581E+00    4.85186E-02
    7.00300E+02    3.03479E+00    4.80846E-02
    7.00400E+02    3.04570E+00    4.75630E-02
    7.00500E+02    3.05938E+00    4.69168E-02
    7.00600E+02    3.08196E+00    4.58692E-02
    7.00700E+02    3.13352E+00    4.35641E-02
    7.00800E+02    3.31018E+00    3.65096E-02
    7.00900E+02    3.34441E+00    3.52810E-02
    7.01000E+02    3.15243E+00    4.27482E-02
    7.01100E+02    3.11920E+00    4.41923E-02
    7.01200E+02    3.11563E+00    4.43504E-02
    7.01300E+02    3.13630E+00    4.34433E-02
    7.01400E+02    3.16719E+00    4.21216E-02
    7.01500E+02    3.22800E+00    3.96368E-02
    7.01600E+02    3.13749E+00    4.33915E-02
    7.01700E+02    3.12765E+00    4.38209E-02
    7.01800E+02    3.12848E+00    4.37841E-02
    7.01900E+02    3.13222E+00    4.36210E-02
    7.02000E+02    3.13722E+00    4.34032E-02
    7.02100E+02    3.14326E+00    4.31419E-02
    7.02200E+02    3.14909E+00    4.28912E-02
    7.02300E+02    3.15546E+00    4.26189E-02
    7.02400E+02    3.16152E+00    4.23613E-02
    7.02500E+02    3.16824E+00    4.20776E-02
    7.02600E+02    3.17530E+00    4.17817E-02
    7.02700E+02    3.18487E+00    4.13836E-02
    7.02800E+02    3.18912E+00    4.12082E-02
    7.02900E+02    3.19602E+00    4.09246E-02
    7.03000E+02    3.20275E+00    4.06502E-02
    7.03100E+02    3.20966E+00    4.03703E-02
    7.03200E+02    3.21673E+00    4.00858E-02
    7.03300E+02    3.22397E+00    3.97969E-02
    7.03400E+02    3.23115E+00    3.95119E-02
    7.03500E+02    3.23849E+00    3.92230E-02
    7.03600E+02    3.24600E+00    3.89296E-02
    7.03700E+02    3.25357E+00    3.86358E-02
    7.03800E+02    3.26125E+00    3.83405E-02
    7.03900E+02    3.26879E+00    3.80524E-02
    7.04000E+02    3.27650E+00    3.77604E-02
    7.04100E+02    3.28447E+00    3.74604E-02
    7.04200E+02    3.29218E+00    3.71727E-02
    7.04300E+02    3.30026E+00    3.68736E-02
    7.04400E+02    3.30810E+00    3.65856E-02
    7.04500E+02    3.31605E+00    3.62959E-02
    7.04600E+02    3.32425E+00    3.59995E-02
    7.04700E+02    3.33245E+00    3.57055E-02
    7.04800E+02    3.34067E+00    3.54133E-02
    7.04900E+02    3.34890E+00    3.51230E-02
    7.05000E+02    3.35733E+00    3.48282E-02
    7.05100E+02    3.36586E+00    3.45323E-02
    7.05200E+02    3.37428E+00    3.42429E-02
    7.05300E+02    3.38294E+00    3.39476E-02
    7.05400E+02    3.39165E+00    3.36530E-02
    7.05500E+02    3.40054E+00    3.33552E-02
    7.05600E+02    3.40923E+00    3.30667E-02
    7.05700E+02    3.41817E+00    3.27723E-02
    7.05800E+02    3.42716E+00    3.24789E-02
    7.05900E+02    3.43624E+00    3.21854E-02
    7.06000E+02    3.44598E+00    3.18736E-02
    7.06100E+02    3.45437E+00    3.16071E-02
    7.06200E+02    3.46361E+00    3.13165E-02
    7.06300E+02    3.47290E+00    3.10270E-02
    7.06400E+02    3.48207E+00    3.07439E-02
    7.06500E+02    3.49149E+00    3.04554E-02
    7.06600E+02    3.50133E+00    3.01571E-02
    7.06700E+02    3.51094E+00    2.98689E-02
    7.06800E+02    3.52074E+00    2.95776E-02
    7.06900E+02    3.53043E+00    2.92924E-02
    7.07000E+02    3.54024E+00    2.90063E-02
    7.07100E+02    3.55076E+00    2.87028E-02
    7.07200E+02    3.56051E+00    2.84244E-02
    7.07300E+02    3.57101E+00    2.81275E-02
    7.07400E+02    3.58062E+00    2.78583E-02
    7.07500E+02    3.59129E+00    2.75628E-02
    7.07600E+02    3.60179E+00    2.72749E-02
    7.07700E+02    3.61265E+00    2.69802E-02
    7.07800E+02    3.62418E+00    2.66710E-02
    7.07900E+02    3.63651E+00    2.63442E-02
    7.08000E+02    3.65247E+00    2.59271E-02
    7.08100E+02    3.68929E+00    2.49896E-02
    7.08200E+02    3.69362E+00    2.48818E-02
    7.08300E+02    3.68477E+00    2.51029E-02
    7.08400E+02    3.69217E+00    2.49179E-02
    7.08500E+02    3.70100E+00    2.46989E-02
    7.08600E+02    3.71224E+00    2.44227E-02
    7.08700E+02    3.72302E+00    2.41610E-02
    7.08800E+02    3.73405E+00    2.38959E-02
    7.08900E+02    3.74572E+00    2.36185E-02
    7.09000E+02    3.75764E+00    2.33388E-02
    7.09100E+02    3.76978E+00    2.30572E-02
    7.09200E+02    3.78240E+00    2.27680E-02
    7.09300E+02    3.79557E+00    2.24700E-02
    7.09400E+02    3.81013E+00    2.21452E-02
    7.09500E+02    3.82839E+00    2.17446E-02
    7.09600E+02    3.87076E+00    2.08426E-02
    7.09700E+02    3.87040E+00    2.08500E-02
    7.09800E+02    3.86498E+00    2.09634E-02
    7.09900E+02    3.87369E+00    2.07816E-02
    7.10000E+02    3.88521E+00    2.05435E-02
    7.10100E+02    3.89790E+00    2.02844E-02
    7.10200E+02    3.91111E+00    2.00182E-02
    7.10300E+02    3.92462E+00    1.97496E-02
    7.10400E+02    3.93857E+00    1.94760E-02
    7.10500E+02    3.95293E+00    1.91984E-02
    7.10600E+02    3.96730E+00    1.89245E-02
    7.10700E+02    3.98225E+00    1.86436E-02
    7.10800E+02    3.99749E+00    1.83617E-02
    7.10900E+02    4.01301E+00    1.80789E-02
    7.11000E+02    4.03016E+00    1.77715E-02
    7.11100E+02    4.04553E+00    1.75004E-02
    7.11200E+02    4.06307E+00    1.71961E-02
    7.11300E+02    4.08277E+00    1.68607E-02
    7.11400E+02    4.11090E+00    1.63930E-02
    7.11500E+02    4.23227E+00    1.45193E-02
    7.11600E+02    4.14391E+00    1.58607E-02
    7.11700E+02    4.15246E+00    1.57257E-02
    7.11800E+02    4.16854E+00    1.54749E-02
    7.11900E+02    4.18601E+00    1.52069E-02
    7.12000E+02    4.20509E+00    1.49194E-02
    7.12100E+02    4.22503E+00    1.46248E-02
    7.12200E+02    4.24594E+00    1.43223E-02
    7.12300E+02    4.26778E+00    1.40128E-02
    7.12400E+02    4.29047E+00    1.36985E-02
    7.12500E+02    4.31411E+00    1.33784E-02
    7.12600E+02    4.33882E+00    1.30519E-02
    7.12700E+02    4.36484E+00    1.27167E-02
    7.12800E+02    4.39231E+00    1.23721E-02
    7.12900E+02    4.42170E+00    1.20137E-02
    7.13000E+02    4.45169E+00    1.16588E-02
    7.13100E+02    4.48438E+00    1.12839E-02
    7.13200E+02    4.51964E+00    1.08929E-02
    7.13300E+02    4.55739E+00    1.04894E-02
    7.13400E+02    4.59840E+00    1.00680E-02
    7.13500E+02    4.64174E+00    9.64091E-03
    7.13600E+02    4.69008E+00    9.18598E-03
    7.13700E+02    4.74355E+00    8.70765E-03
    7.13800E+02    4.80293E+00    8.20567E-03
    7.13900E+02    4.86956E+00    7.67676E-03
    7.14000E+02    4.94474E+00    7.12078E-03
    7.14100E+02    5.03070E+00    6.53426E-03
    7.14200E+02    5.13003E+00    5.91638E-03
    7.14300E+02    5.24782E+00    5.25896E-03
    7.14400E+02    5.38263E+00    4.59571E-03
    7.14500E+02    5.54223E+00    3.91780E-03
    7.14600E+02    5.73690E+00    3.22476E-03
    7.14700E+02    5.97665E+00    2.53732E-03
    7.14800E+02    6.27628E+00    1.88039E-03
    7.14900E+02    6.65991E+00    1.28126E-03
    7.15000E+02    7.16702E+00    7.71615E-04
    7.15100E+02    7.86908E+00    3.82384E-04
    7.15200E+02    8.92074E+00    1.33589E-04
    7.15300E+02    1.07948E+01    2.05053E-05
    7.15400E+02    1.66196E+01    6.05626E-08
    7.15500E+02    1.04945E+01    2.76895E-05
    7.15600E+02    8.82833E+00    1.46522E-04
    7.15700E+02    7.87561E+00    3.79898E-04
    7.15800E+02    7.24262E+00    7.15436E-04
    7.15900E+02    6.79149E+00    1.12329E-03
    7.16000E+02    6.45697E+00    1.56954E-03
    7.16100E+02    6.20262E+00    2.02413E-03
    7.16200E+02    6.00602E+00    2.46386E-03
    7.16300E+02    5.85199E+00    2.87417E-03
    7.16400E+02    5.73072E+00    3.24475E-03
    7.16500E+02    5.63512E+00    3.57026E-03
    7.16600E+02    5.55947E+00    3.85081E-03
    7.16700E+02    5.50199E+00    4.07864E-03
    7.16800E+02    5.47298E+00    4.19868E-03
    7.16900E+02    5.42271E+00    4.41517E-03
    7.17000E+02    5.38600E+00    4.58024E-03
    7.17100E+02    5.36219E+00    4.69062E-03
    7.17200E+02    5.34579E+00    4.76819E-03
    7.17300E+02    5.33460E+00    4.82182E-03
    7.17400E+02    5.32803E+00    4.85362E-03
    7.17500E+02    5.32545E+00    4.86617E-03
    7.17600E+02    5.32647E+00    4.86120E-03
    7.17700E+02    5.33083E+00    4.84006E-03
    7.17800E+02    5.33881E+00    4.80159E-03
    7.17900E+02    5.35128E+00    4.74209E-03
    7.18000E+02    5.37053E+00    4.65167E-03
    7.18100E+02    5.40505E+00    4.49382E-03
    7.18200E+02    5.49764E+00    4.09642E-03
    7.18300E+02    6.21039E+00    2.00845E-03
    7.18400E+02    5.52498E+00    3.98595E-03
    7.18500E+02    5.45802E+00    4.26201E-03
    7.18600E+02    5.44982E+00    4.29707E-03
    7.18700E+02    5.45619E+00    4.26980E-03
    7.18800E+02    5.46853E+00    4.21744E-03
    7.18900E+02    5.48480E+00    4.14936E-03
    7.19000E+02    5.50194E+00    4.07885E-03
    7.19100E+02    5.52125E+00    4.00084E-03
    7.19200E+02    5.54225E+00    3.91771E-03
    7.19300E+02    5.56510E+00    3.82921E-03
    7.19400E+02    5.59063E+00    3.73268E-03
    7.19500E+02    5.62134E+00    3.61980E-03
    7.19600E+02    5.66437E+00    3.46734E-03
    7.19700E+02    5.75723E+00    3.15985E-03
    7.19800E+02    6.24660E+00    1.93703E-03
    7.19900E+02    5.78499E+00    3.07333E-03
    7.20000E+02    5.75306E+00    3.17306E-03
    7.20100E+02    5.75938E+00    3.15307E-03
    7.20200E+02    5.77610E+00    3.10077E-03
    7.20300E+02    5.79724E+00    3.03593E-03
    7.20400E+02    5.82059E+00    2.96587E-03
    7.20500E+02    5.84609E+00    2.89118E-03
    7.20600E+02    5.87092E+00    2.82028E-03
    7.20700E+02    5.89701E+00    2.74766E-03
    7.20800E+02    5.92382E+00    2.67497E-03
    7.20900E+02    5.95081E+00    2.60374E-03
    7.21000E+02    5.97873E+00    2.53205E-03
    7.21100E+02    6.00705E+00    2.46133E-03
    7.21200E+02    6.03608E+00    2.39091E-03
    7.21300E+02    6.06500E+00    2.32277E-03
    7.21400E+02    6.09452E+00    2.25519E-03
    7.21500E+02    6.12466E+00    2.18823E-03
    7.21600E+02    6.15553E+00    2.12172E-03
    7.21700E+02    6.18702E+00    2.05594E-03
    7.21800E+02    6.21768E+00    1.99386E-03
    7.21900E+02    6.24910E+00    1.93219E-03
    7.22000E+02    6.28122E+00    1.87111E-03
    7.22100E+02    6.31402E+00    1.81073E-03
    7.22200E+02    6.34697E+00    1.75206E-03
    7.22300E+02    6.38058E+00    1.69414E-03
    7.22400E+02    6.41482E+00    1.63711E-03
    7.22500E+02    6.44974E+00    1.58093E-03
    7.22600E+02    6.48534E+00    1.52565E-03
    7.22700E+02    6.52182E+00    1.47099E-03
    7.22800E+02    6.55991E+00    1.41601E-03
    7.22900E+02    6.60058E+00    1.35958E-03
    7.23000E+02    6.65554E+00    1.28687E-03
    7.23100E+02    6.69322E+00    1.23929E-03
    7.23200E+02    6.75874E+00    1.16069E-03
    7.23300E+02    6.90414E+00    1.00362E-03
    7.23400E+02    7.20878E+00    7.40057E-04
    7.23500E+02    6.90955E+00    9.98205E-04
    7.23600E+02    6.89136E+00    1.01653E-03
    7.23700E+02    6.91010E+00    9.97659E-04
    7.23800E+02    6.93972E+00    9.68540E-04
    7.23900E+02    6.97446E+00    9.35474E-04
    7.24000E+02    7.01130E+00    9.01632E-04
    7.24100E+02    7.04973E+00    8.67644E-04
    7.24200E+02    7.08948E+00    8.33832E-04
    7.24300E+02    7.13008E+00    8.00658E-04
    7.24400E+02    7.17198E+00    7.67803E-04
    7.24500E+02    7.21338E+00    7.36661E-04
    7.24600E+02    7.25591E+00    7.05989E-04
    7.24700E+02    7.29874E+00    6.76393E-04
    7.24800E+02    7.34257E+00    6.47384E-04
    7.24900E+02    7.38675E+00    6.19404E-04
    7.25000E+02    7.43165E+00    5.92207E-04
    7.25100E+02    7.47704E+00    5.65930E-04
    7.25200E+02    7.52309E+00    5.40460E-04
    7.25300E+02    7.56957E+00    5.15913E-04
    7.25400E+02    7.61688E+00    4.92075E-04
    7.25500E+02    7.66611E+00    4.68435E-04
    7.25600E+02    7.71297E+00    4.46994E-04
    7.25700E+02    7.76170E+00    4.25732E-04
    7.25800E+02    7.81118E+00    4.05179E-04
    7.25900E+02    7.86135E+00    3.85353E-04
    7.26000E+02    7.91219E+00    3.66252E-04
    7.26100E+02    7.96381E+00    3.47824E-04
    7.26200E+02    8.01629E+00    3.30041E-04
    7.26300E+02    8.06986E+00    3.12826E-04
    7.26400E+02    8.12523E+00    2.95976E-04
    7.26500E+02    8.18478E+00    2.78866E-04
    7.26600E+02    8.26583E+00    2.57155E-04
    7.26700E+02    8.31421E+00    2.45010E-04
    7.26800E+02    8.34931E+00    2.36559E-04
    7.26900E+02    8.40137E+00    2.24559E-04
    7.27000E+02    8.45890E+00    2.12006E-04
    7.27100E+02    8.52973E+00    1.97509E-04
    7.27200E+02    8.57356E+00    1.89039E-04
    7.27300E+02    8.63027E+00    1.78617E-04
    7.27400E+02    8.68934E+00    1.68372E-04
    7.27500E+02    8.74999E+00    1.58463E-04
    7.27600E+02    8.81183E+00    1.48960E-04
    7.27700E+02    8.87338E+00    1.40068E-04
    7.27800E+02    8.93612E+00    1.31550E-04
    7.27900E+02    9.00004E+00    1.23405E-04
    7.28000E+02    9.06495E+00    1.15649E-04
    7.28100E+02    9.13026E+00    1.08338E-04
    7.28200E+02    9.19727E+00    1.01315E-04
    7.28300E+02    9.26490E+00    9.46900E-05
    7.28400E+02    9.33193E+00    8.85513E-05
    7.28500E+02    9.40083E+00    8.26556E-05
    7.28600E+02    9.47074E+00    7.70747E-05
    7.28700E+02    9.54172E+00    7.17931E-05
    7.28800E+02    9.61362E+00    6.68128E-05
    7.28900E+02    9.68644E+00    6.21200E-05
    7.29000E+02    9.76017E+00    5.77046E-05
    7.29100E+02    9.83531E+00    5.35277E-05
    7.29200E+02    9.91107E+00    4.96225E-05
    7.29300E+02    9.98826E+00    4.59362E-05
    7.29400E+02    1.00668E+01    4.24670E-05
    7.29500E+02    1.01462E+01    3.92264E-05
    7.29600E+02    1.02265E+01    3.61969E-05
    7.29700E+02    1.03088E+01    3.33395E-05
    7.29800E+02    1.03935E+01    3.06307E-05
    7.29900E+02    1.04837E+01    2.79883E-05
    7.30000E+02    1.06277E+01    2.42364E-05
    7.30100E+02    1.06590E+01    2.34887E-05
    7.30200E+02    1.07396E+01    2.16688E-05
    7.30300E+02    1.08253E+01    1.98890E-05
    7.30400E+02    1.09146E+01    1.81899E-05
    7.30500E+02    1.10075E+01    1.65766E-05
    7.30600E+02    1.11111E+01    1.49462E-05
    7.30700E+02    1.11973E+01    1.37113E-05
    7.30800E+02    1.12951E+01    1.24342E-05
    7.30900E+02    1.13965E+01    1.12350E-05
    7.31000E+02    1.15022E+01    1.01074E-05
    7.31100E+02    1.16164E+01    9.01663E-06
    7.31200E+02    1.17488E+01    7.89887E-06
    7.31300E+02    1.18110E+01    7.42272E-06
    7.31400E+02    1.18999E+01    6.79093E-06
    7.31500E+02    1.19955E+01    6.17211E-06
    7.31600E+02    1.20951E+01    5.58708E-06
    7.31700E+02    1.21975E+01    5.04321E-06
    7.31800E+02    1.23027E+01    4.53964E-06
    7.31900E+02    1.24101E+01    4.07701E-06
    7.32000E+02    1.25195E+01    3.65452E-06
    7.32100E+02    1.26314E+01    3.26794E-06
    7.32200E+02    1.27449E+01    2.91718E-06
    7.32300E+02    1.28607E+01    2.59817E-06
    7.32400E+02    1.29784E+01    2.30977E-06
    7.32500E+02    1.30984E+01    2.04849E-06
    7.32600E+02    1.32207E+01    1.81266E-06
    7.32700E+02    1.33438E+01    1.60277E-06
    7.32800E+02    1.34695E+01    1.41342E-06
    7.32900E+02    1.35974E+01    1.24372E-06
    7.33000E+02    1.37273E+01    1.09225E-06
    7.33100E+02    1.38595E+01    9.56982E-07
    7.33200E+02    1.39940E+01    8.36518E-07
    7.33300E+02    1.41307E+01    7.29664E-07
    7.33400E+02    1.42696E+01    6.34997E-07
    7.33500E+02    1.44113E+01    5.51123E-07
    7.33600E+02    1.45553E+01    4.77221E-07
    7.33700E+02    1.47017E+01    4.12226E-07
    7.33800E+02    1.48510E+01    3.55049E-07
    7.33900E+02    1.50037E+01    3.04770E-07
    7.34000E+02    1.51605E+01    2.60551E-07
    7.34100E+02    1.53216E+01    2.21766E-07
    7.34200E+02    1.54931E+01    1.86826E-07
    7.34300E+02    1.56975E+01    1.52285E-07
    7.34400E+02    1.60880E+01    1.03057E-07
    7.34500E+02    1.60141E+01    1.10961E-07
    7.34600E+02    1.61523E+01    9.66345E-08
    7.34700E+02    1.63157E+01    8.20705E-08
    7.34800E+02    1.64895E+01    6.89795E-08
    7.34900E+02    1.66752E+01    5.72865E-08
    7.35000E+02    1.69479E+01    4.36150E-08
    7.35100E+02    1.70413E+01    3.97237E-08
    7.35200E+02    1.72178E+01    3.32958E-08
    7.35300E+02    1.74058E+01    2.75913E-08
    7.35400E+02    1.75993E+01    2.27372E-08
    7.35500E+02    1.77975E+01    1.86485E-08
    7.35600E+02    1.79990E+01    1.52455E-08
    7.35700E+02    1.82045E+01    1.24137E-08
    7.35800E+02    1.84144E+01    1.00630E-08
    7.35900E+02    1.86280E+01    8.12748E-09
    7.36000E+02    1.88458E+01    6.53701E-09
    7.36100E+02    1.90680E+01    5.23451E-09
    7.36200E+02    1.92946E+01    4.17330E-09
    7.36300E+02    1.95264E+01    3.30972E-09
    7.36400E+02    1.97662E+01    2.60399E-09
    7.36500E+02    2.00256E+01    2.00903E-09
    7.36600E+02    2.02474E+01    1.60940E-09
    7.36700E+02    2.04936E+01    1.25816E-09
    7.36800E+02    2.07465E+01    9.77003E-10
    7.36900E+02    2.10043E+01    7.55027E-10
    7.37000E+02    2.12691E+01    5.79338E-10
    7.37100E+02    2.15383E+01    4.42618E-10
    7.37200E+02    2.18146E+01    3.35773E-10
    7.37300E+02    2.20948E+01    2.53727E-10
    7.37400E+02    2.23801E+01    1.90747E-10
    7.37500E+02    2.26716E+01    1.42510E-10
    7.37600E+02    2.29713E+01    1.05605E-10
    7.37700E+02    2.32752E+01    7.79321E-11
    7.37800E+02    2.35852E+01    5.71576E-11
    7.37900E+02    2.39034E+01    4.15792E-11
    7.38000E+02    2.42279E+01    3.00592E-11
    7.38100E+02    2.45583E+01    2.16016E-11
    7.38200E+02    2.48970E+01    1.53948E-11
    7.38300E+02    2.52438E+01    1.08835E-11
    7.38400E+02    2.55968E+01    7.64599E-12
    7.38500E+02    2.59582E+01    5.32734E-12
    7.38600E+02    2.63277E+01    3.68155E-12
    7.38700E+02    2.67054E+01    2.52332E-12
    7.38800E+02    2.70935E+01    1.71180E-12
    7.38900E+02    2.74878E+01    1.15400E-12
    7.39000E+02    2.78924E+01    7.69979E-13
    7.39100E+02    2.83074E+01    5.08451E-13
    7.39200E+02    2.87309E+01    3.32899E-13
    7.39300E+02    2.91650E+01    2.15678E-13
    7.39400E+02    2.96094E+01    1.38292E-13
    7.39500E+02    3.00637E+01    8.78016E-14
    7.39600E+02    3.05310E+01    5.50262E-14
    7.39700E+02    3.10073E+01    3.41728E-14
    7.39800E+02    3.14991E+01    2.08982E-14
    7.39900E+02    3.20032E+01    1.26233E-14
    7.40000E+02    3.25278E+01    7.47037E-15
    7.40100E+02    3.30657E+01    4.36275E-15
    7.40200E+02    3.36395E+01    2.45773E-15
    7.40300E+02    3.43255E+01    1.23774E-15
    7.40400E+02    3.50578E+01    5.95112E-16
    7.40500E+02    3.53647E+01    4.37850E-16
    7.40600E+02    3.59091E+01    2.54013E-16
    7.40700E+02    3.65037E+01    1.40161E-16
    7.40800E+02    3.71227E+01    7.54751E-17
    7.40900E+02    3.77649E+01    3.97126E-17
    7.41000E+02    3.84259E+01    2.05042E-17
    7.41100E+02    3.91050E+01    1.03976E-17
    7.41200E+02    3.98058E+01    5.15914E-18
    7.41300E+02    4.05265E+01    2.50938E-18
    7.41400E+02    4.12670E+01    1.19661E-18
    7.41500E+02    4.20298E+01    5.58096E-19
    7.41600E+02    4.28134E+01    2.54902E-19
    7.41700E+02    4.36192E+01    1.13874E-19
    7.41800E+02    4.44510E+01    4.95667E-20
    7.41900E+02    4.53087E+01    2.10217E-20
    7.42000E+02    4.61908E+01    8.70110E-21
    7.42100E+02    4.71023E+01    3.49735E-21
    7.42200E+02    4.80489E+01    1.35720E-21
    7.42300E+02    4.90299E+01    5.08865E-22
    7.42400E+02    5.00054E+01    1.91839E-22
    7.42500E+02    5.10308E+01    6.87999E-23
    7.42600E+02    5.20938E+01    2.37647E-23
    7.42700E+02    5.31910E+01    7.93317E-24
    7.42800E+02    5.43312E+01    2.53673E-24
    7.42900E+02    5.54979E+01    7.89880E-25
    7.43000E+02    5.67102E+01    2.35014E-25
    7.43100E+02    5.79725E+01    6.65060E-26
    7.43200E+02    5.92814E+01    1.79645E-26
    7.43300E+02    6.06012E+01    4.79997E-27
    7.43400E+02    6.19890E+01    1.19812E-27
    7.43500E+02    6.34253E+01    2.84923E-28
    7.43600E+02    6.49147E+01    6.42550E-29
    7.43700E+02    6.64607E+01    1.36928E-29
    7.43800E+02    6.80613E+01    2.76291E-30
    7.43900E+02    6.97225E+01    5.24705E-31
    7.44000E+02    7.14463E+01    9.35954E-32
    7.44100E+02    7.32347E+01    1.56516E-32
    7.44200E+02    7.50894E+01    2.44961E-33
    7.44300E+02    7.70138E+01    3.57530E-34
    7.44400E+02    7.90089E+01    4.86256E-35
    7.44500E+02    8.10777E+01    6.14346E-36
    7.44600E+02    8.32200E+01    7.21111E-37
    7.44700E+02    8.54420E+01    7.81639E-38
    7.44800E+02    8.77383E+01    7.86611E-39
    7.44900E+02    9.01154E+01    7.30090E-40
    7.45000E+02    9.25677E+01    6.28580E-41
    7.45100E+02    9.50973E+01    5.00938E-42
    7.45200E+02    9.77013E+01    3.70551E-43
    7.45300E+02    1.00376E+02    2.55416E-44
    7.45400E+02    1.03112E+02    1.65602E-45
    7.45500E+02    1.05922E+02    9.97138E-47
    7.45600E+02    1.08831E+02    5.43659E-48
    7.45700E+02    1.11851E+02    2.65423E-49
    7.45800E+02    1.14999E+02    1.13903E-50
    7.45900E+02    1.18296E+02    4.21490E-52
    7.46000E+02    1.21692E+02    1.41240E-53
    7.46100E+02    1.25274E+02    3.92848E-55
    7.46200E+02    1.29036E+02    9.13018E-57
    7.46300E+02    1.32988E+02    1.75415E-58
    7.46400E+02    1.37147E+02    2.74038E-60
    7.46500E+02    1.41613E+02    3.15055E-62
    7.46600E+02    1.46119E+02    3.47797E-64
    7.46700E+02    1.50958E+02    2.75269E-66
    7.46800E+02    1.56149E+02    1.53267E-68
    7.46900E+02    1.61740E+02    5.71677E-71
    7.47000E+02    1.67082E+02    2.73604E-73
    7.47100E+02    1.72993E+02    7.41299E-76
    7.47200E+02    1.79269E+02    1.39477E-78
    7.47300E+02    1.85913E+02    1.81628E-81
    7.47400E+02    1.92925E+02    1.63579E-84
    7.47500E+02    2.00347E+02    9.78622E-88
    7.47600E+02    2.08199E+02    3.80409E-91
    7.47700E+02    2.16527E+02    9.19735E-95
    7.47800E+02    2.25339E+02    1.36925E-98
    7.47900E+02    2.34675E+02    1.20724E-100
    7.48000E+02    2.44594E+02    5.94378E-100
    7.48100E+02    2.55135E+02    1.57130E-100
    7.48200E+02    2.66318E+02    2.18561E-100
    7.48300E+02    2.78220E+02    1.48181E-100
    7.48400E+02    2.90884E+02    4.68559E-100
    7.48500E+02    3.04411E+02    6.25088E-100
    7.48600E+02    3.18822E+02    3.44551E-100
    7.48700E+02    3.34577E+02    4.95367E-100
    7.48800E+02    3.50579E+02    5.56636E-100
    7.48900E+02    3.68024E+02    1.47572E-100
    7.49000E+02    3.86757E+02    1.08050E-100
    7.49100E+02    4.06842E+02    2.04482E-100
    7.49200E+02    4.28372E+02    9.12592E-100
    7.49300E+02    4.51486E+02    8.36107E-100
    7.49400E+02    4.76282E+02    1.42394E-100
    7.49500E+02    5.02940E+02    3.76578E-100
    7.49600E+02    5.31581E+02    1.37143E-100
    7.49700E+02    5.62384E+02    5.75117E-100
    7.49800E+02    5.95529E+02    2.31663E-100
    7.49900E+02    6.31157E+02    7.79664E-100

