#	Freq	Err	Trans
    5.49900E+02    2.53883E+02    5.49305E-100
    5.50000E+02    2.60624E+02    6.49097E-100
    5.50100E+02    2.67659E+02    5.71969E-100
    5.50200E+02    2.75000E+02    3.70739E-100
    5.50300E+02    2.82662E+02    1.74413E-100
    5.50400E+02    2.90665E+02    5.83308E-100
    5.50500E+02    2.99026E+02    1.36344E-100
    5.50600E+02    3.07760E+02    2.19558E-100
    5.50700E+02    3.16892E+02    2.37338E-100
    5.50800E+02    3.26453E+02    1.67142E-100
    5.50900E+02    3.36493E+02    7.29588E-100
    5.51000E+02    3.47229E+02    1.58560E-100
    5.51100E+02    3.57861E+02    3.82825E-100
    5.51200E+02    3.69258E+02    4.29609E-100
    5.51300E+02    3.81290E+02    2.55893E-100
    5.51400E+02    3.93900E+02    8.54134E-100
    5.51500E+02    4.07064E+02    1.63856E-100
    5.51600E+02    4.20894E+02    1.61506E-100
    5.51700E+02    4.35408E+02    8.02585E-100
    5.51800E+02    4.50693E+02    1.84789E-100
    5.51900E+02    4.66740E+02    1.98387E-100
    5.52000E+02    4.83614E+02    9.31193E-100
    5.52100E+02    5.01377E+02    1.79726E-100
    5.52200E+02    5.20069E+02    1.37096E-100
    5.52300E+02    5.39765E+02    3.82958E-100
    5.52400E+02    5.60572E+02    3.51955E-100
    5.52500E+02    5.82530E+02    1.02387E-100
    5.52600E+02    6.05746E+02    8.47098E-100
    5.52700E+02    6.30291E+02    1.85436E-100
    5.52800E+02    6.56306E+02    9.32638E-100
    5.52900E+02    6.83860E+02    1.00735E-100
    5.53000E+02    7.13098E+02    2.01991E-100
    5.53100E+02    7.44124E+02    4.94066E-100
    5.53200E+02    7.77079E+02    0.00000E+00
    5.53300E+02    8.12138E+02    0.00000E+00
    5.53400E+02    8.49441E+02    0.00000E+00
    5.53500E+02    8.89160E+02    0.00000E+00
    5.53600E+02    9.31509E+02    0.00000E+00
    5.53700E+02    9.76627E+02    0.00000E+00
    5.53800E+02    1.02483E+03    0.00000E+00
    5.53900E+02    1.07633E+03    0.00000E+00
    5.54000E+02    1.13136E+03    0.00000E+00
    5.54100E+02    1.19025E+03    0.00000E+00
    5.54200E+02    1.25323E+03    0.00000E+00
    5.54300E+02    1.32074E+03    0.00000E+00
    5.54400E+02    1.39304E+03    0.00000E+00
    5.54500E+02    1.47052E+03    0.00000E+00
    5.54600E+02    1.55357E+03    0.00000E+00
    5.54700E+02    1.64264E+03    0.00000E+00
    5.54800E+02    1.73812E+03    0.00000E+00
    5.54900E+02    1.84047E+03    0.00000E+00
    5.55000E+02    1.95009E+03    0.00000E+00
    5.55100E+02    2.06741E+03    0.00000E+00
    5.55200E+02    2.19286E+03    0.00000E+00
    5.55300E+02    2.32678E+03    0.00000E+00
    5.55400E+02    2.46945E+03    0.00000E+00
    5.55500E+02    2.62104E+03    0.00000E+00
    5.55600E+02    2.78157E+03    0.00000E+00
    5.55700E+02    2.95084E+03    0.00000E+00
    5.55800E+02    3.12841E+03    0.00000E+00
    5.55900E+02    3.31350E+03    0.00000E+00
    5.56000E+02    3.50483E+03    0.00000E+00
    5.56100E+02    3.70081E+03    0.00000E+00
    5.56200E+02    3.89889E+03    0.00000E+00
    5.56300E+02    4.09558E+03    0.00000E+00
    5.56400E+02    4.28736E+03    0.00000E+00
    5.56500E+02    4.46900E+03    0.00000E+00
    5.56600E+02    4.63419E+03    0.00000E+00
    5.56700E+02    4.77491E+03    0.00000E+00
    5.56800E+02    4.88266E+03    0.00000E+00
    5.56900E+02    4.94460E+03    0.00000E+00
    5.57000E+02    4.93513E+03    0.00000E+00
    5.57100E+02    4.86232E+03    0.00000E+00
    5.57200E+02    4.74751E+03    0.00000E+00
    5.57300E+02    4.60225E+03    0.00000E+00
    5.57400E+02    4.43459E+03    0.00000E+00
    5.57500E+02    4.25188E+03    0.00000E+00
    5.57600E+02    4.06042E+03    0.00000E+00
    5.57700E+02    3.86476E+03    0.00000E+00
    5.57800E+02    3.66841E+03    0.00000E+00
    5.57900E+02    3.47490E+03    0.00000E+00
    5.58000E+02    3.28612E+03    0.00000E+00
    5.58100E+02    3.10377E+03    0.00000E+00
    5.58200E+02    2.92904E+03    0.00000E+00
    5.58300E+02    2.76260E+03    0.00000E+00
    5.58400E+02    2.60485E+03    0.00000E+00
    5.58500E+02    2.45588E+03    0.00000E+00
    5.58600E+02    2.31573E+03    0.00000E+00
    5.58700E+02    2.18416E+03    0.00000E+00
    5.58800E+02    2.06085E+03    0.00000E+00
    5.58900E+02    1.94552E+03    0.00000E+00
    5.59000E+02    1.83772E+03    0.00000E+00
    5.59100E+02    1.73705E+03    0.00000E+00
    5.59200E+02    1.64307E+03    0.00000E+00
    5.59300E+02    1.55536E+03    0.00000E+00
    5.59400E+02    1.47349E+03    0.00000E+00
    5.59500E+02    1.39710E+03    0.00000E+00
    5.59600E+02    1.32576E+03    0.00000E+00
    5.59700E+02    1.25916E+03    0.00000E+00
    5.59800E+02    1.19699E+03    0.00000E+00
    5.59900E+02    1.13872E+03    0.00000E+00
    5.60000E+02    1.08421E+03    0.00000E+00
    5.60100E+02    1.03320E+03    0.00000E+00
    5.60200E+02    9.85417E+02    0.00000E+00
    5.60300E+02    9.40610E+02    0.00000E+00
    5.60400E+02    8.98571E+02    0.00000E+00
    5.60500E+02    8.59086E+02    0.00000E+00
    5.60600E+02    8.21981E+02    0.00000E+00
    5.60700E+02    7.87082E+02    0.00000E+00
    5.60800E+02    7.54249E+02    0.00000E+00
    5.60900E+02    7.23305E+02    7.45769E-100
    5.61000E+02    6.94112E+02    3.55754E-100
    5.61100E+02    6.66563E+02    3.27499E-100
    5.61200E+02    6.40555E+02    6.46250E-100
    5.61300E+02    6.15982E+02    3.03618E-100
    5.61400E+02    5.92704E+02    3.90647E-100
    5.61500E+02    5.70687E+02    1.42518E-100
    5.61600E+02    5.49824E+02    1.63873E-100
    5.61700E+02    5.30047E+02    6.36309E-100
    5.61800E+02    5.11284E+02    8.95923E-100
    5.61900E+02    4.93466E+02    4.90062E-100
    5.62000E+02    4.76524E+02    1.11789E-100
    5.62100E+02    4.60421E+02    1.10026E-100
    5.62200E+02    4.45089E+02    5.01533E-100
    5.62300E+02    4.30492E+02    1.09591E-100
    5.62400E+02    4.16595E+02    1.18909E-100
    5.62500E+02    4.03328E+02    6.87103E-100
    5.62600E+02    3.90691E+02    2.11415E-100
    5.62700E+02    3.78615E+02    3.71339E-100
    5.62800E+02    3.67064E+02    3.85662E-100
    5.62900E+02    3.56036E+02    2.37545E-100
    5.63000E+02    3.45506E+02    8.88534E-100
    5.63100E+02    3.35414E+02    2.14521E-100
    5.63200E+02    3.25749E+02    3.38101E-100
    5.63300E+02    3.16495E+02    3.53281E-100
    5.63400E+02    3.07628E+02    2.50612E-100
    5.63500E+02    2.99116E+02    1.24655E-100
    5.63600E+02    2.90943E+02    4.41551E-100
    5.63700E+02    2.83101E+02    1.12435E-100
    5.63800E+02    2.75570E+02    2.09539E-100
    5.63900E+02    2.68331E+02    2.91990E-100
    5.64000E+02    2.61375E+02    3.06355E-100
    5.64100E+02    2.54682E+02    2.47205E-100
    5.64200E+02    2.48241E+02    1.55017E-100
    5.64300E+02    2.42038E+02    7.65944E-100
    5.64400E+02    2.36066E+02    3.00357E-100
    5.64500E+02    2.30311E+02    9.48848E-100
    5.64600E+02    2.24763E+02    2.43670E-98
    5.64700E+02    2.19411E+02    5.14302E-96
    5.64800E+02    2.14248E+02    8.98418E-94
    5.64900E+02    2.09267E+02    1.30798E-91
    5.65000E+02    2.04454E+02    1.60967E-89
    5.65100E+02    1.99810E+02    1.67413E-87
    5.65200E+02    1.95320E+02    1.49214E-85
    5.65300E+02    1.90980E+02    1.14349E-83
    5.65400E+02    1.86786E+02    7.58354E-82
    5.65500E+02    1.82730E+02    4.38101E-80
    5.65600E+02    1.78809E+02    2.20966E-78
    5.65700E+02    1.75083E+02    9.16972E-77
    5.65800E+02    1.71331E+02    3.90882E-75
    5.65900E+02    1.67763E+02    1.38571E-73
    5.66000E+02    1.64319E+02    4.33767E-72
    5.66100E+02    1.60998E+02    1.20061E-70
    5.66200E+02    1.57845E+02    2.81011E-69
    5.66300E+02    1.55355E+02    3.38960E-68
    5.66400E+02    1.51627E+02    1.40948E-66
    5.66500E+02    1.48596E+02    2.92093E-65
    5.66600E+02    1.45716E+02    5.20321E-64
    5.66700E+02    1.43033E+02    7.61547E-63
    5.66800E+02    1.40259E+02    1.21977E-61
    5.66900E+02    1.37599E+02    1.74367E-60
    5.67000E+02    1.34976E+02    2.40139E-59
    5.67100E+02    1.32464E+02    2.96145E-58
    5.67200E+02    1.30030E+02    3.37768E-57
    5.67300E+02    1.27666E+02    3.59106E-56
    5.67400E+02    1.25371E+02    3.56457E-55
    5.67500E+02    1.23137E+02    3.32921E-54
    5.67600E+02    1.20963E+02    2.92617E-53
    5.67700E+02    1.18850E+02    2.42112E-52
    5.67800E+02    1.16797E+02    1.88679E-51
    5.67900E+02    1.14786E+02    1.41007E-50
    5.68000E+02    1.12833E+02    9.94094E-50
    5.68100E+02    1.10930E+02    6.66430E-49
    5.68200E+02    1.09077E+02    4.25223E-48
    5.68300E+02    1.07269E+02    2.59177E-47
    5.68400E+02    1.05507E+02    1.50919E-46
    5.68500E+02    1.03791E+02    8.39574E-46
    5.68600E+02    1.02114E+02    4.49351E-45
    5.68700E+02    1.00482E+02    2.29761E-44
    5.68800E+02    9.88855E+01    1.13388E-43
    5.68900E+02    9.73308E+01    5.36750E-43
    5.69000E+02    9.58115E+01    2.45249E-42
    5.69100E+02    9.43309E+01    1.07803E-41
    5.69200E+02    9.28816E+01    4.59212E-41
    5.69300E+02    9.14685E+01    1.88679E-40
    5.69400E+02    9.00896E+01    7.49206E-40
    5.69500E+02    8.87387E+01    2.89239E-39
    5.69600E+02    8.74213E+01    1.08001E-38
    5.69700E+02    8.61355E+01    3.90669E-38
    5.69800E+02    8.48814E+01    1.36917E-37
    5.69900E+02    8.36632E+01    4.62970E-37
    5.70000E+02    8.25026E+01    1.47768E-36
    5.70100E+02    8.16719E+01    3.39117E-36
    5.70200E+02    8.01691E+01    1.52403E-35
    5.70300E+02    7.90026E+01    4.89331E-35
    5.70400E+02    7.78890E+01    1.49023E-34
    5.70500E+02    7.68086E+01    4.39002E-34
    5.70600E+02    7.57540E+01    1.26022E-33
    5.70700E+02    7.47265E+01    3.52124E-33
    5.70800E+02    7.37388E+01    9.45453E-33
    5.70900E+02    7.28284E+01    2.34980E-32
    5.71000E+02    7.26304E+01    2.86425E-32
    5.71100E+02    7.09029E+01    1.61157E-31
    5.71200E+02    6.98882E+01    4.44579E-31
    5.71300E+02    6.89491E+01    1.13706E-30
    5.71400E+02    6.80449E+01    2.80858E-30
    5.71500E+02    6.71599E+01    6.80464E-30
    5.71600E+02    6.62985E+01    1.61037E-29
    5.71700E+02    6.54524E+01    3.75310E-29
    5.71800E+02    6.46246E+01    8.58823E-29
    5.71900E+02    6.38113E+01    1.93692E-28
    5.72000E+02    6.30159E+01    4.29095E-28
    5.72100E+02    6.22383E+01    9.33837E-28
    5.72200E+02    6.14714E+01    2.01047E-27
    5.72300E+02    6.07225E+01    4.25176E-27
    5.72400E+02    5.99880E+01    8.86209E-27
    5.72500E+02    5.92685E+01    1.81980E-26
    5.72600E+02    5.85614E+01    3.69078E-26
    5.72700E+02    5.78766E+01    7.31975E-26
    5.72800E+02    5.72209E+01    1.41017E-25
    5.72900E+02    5.66348E+01    2.53407E-25
    5.73000E+02    5.58746E+01    5.41956E-25
    5.73100E+02    5.52124E+01    1.05094E-24
    5.73200E+02    5.45743E+01    1.98925E-24
    5.73300E+02    5.39511E+01    3.70979E-24
    5.73400E+02    5.33427E+01    6.81644E-24
    5.73500E+02    5.27578E+01    1.22344E-23
    5.73600E+02    5.23462E+01    1.84640E-23
    5.73700E+02    5.15862E+01    3.94833E-23
    5.73800E+02    5.09958E+01    7.12520E-23
    5.73900E+02    5.04297E+01    1.25507E-22
    5.74000E+02    4.98776E+01    2.17978E-22
    5.74100E+02    4.93341E+01    3.75386E-22
    5.74200E+02    4.88019E+01    6.39143E-22
    5.74300E+02    4.82782E+01    1.07902E-21
    5.74400E+02    4.77686E+01    1.79617E-21
    5.74500E+02    4.72879E+01    2.90476E-21
    5.74600E+02    4.67801E+01    4.82684E-21
    5.74700E+02    4.62716E+01    8.02641E-21
    5.74800E+02    4.57839E+01    1.30704E-20
    5.74900E+02    4.53095E+01    2.10059E-20
    5.75000E+02    4.48430E+01    3.34904E-20
    5.75100E+02    4.43840E+01    5.30012E-20
    5.75200E+02    4.39321E+01    8.32796E-20
    5.75300E+02    4.34874E+01    1.29917E-19
    5.75400E+02    4.30499E+01    2.01227E-19
    5.75500E+02    4.26194E+01    3.09478E-19
    5.75600E+02    4.21961E+01    4.72569E-19
    5.75700E+02    4.17801E+01    7.16368E-19
    5.75800E+02    4.13709E+01    1.07857E-18
    5.75900E+02    4.09657E+01    1.61740E-18
    5.76000E+02    4.05680E+01    2.40729E-18
    5.76100E+02    4.01783E+01    3.55462E-18
    5.76200E+02    3.97975E+01    5.20200E-18
    5.76300E+02    3.94286E+01    7.52259E-18
    5.76400E+02    3.90808E+01    1.06517E-17
    5.76500E+02    3.88911E+01    1.28775E-17
    5.76600E+02    3.83685E+01    2.17166E-17
    5.76700E+02    3.79671E+01    3.24410E-17
    5.76800E+02    3.76065E+01    4.65261E-17
    5.76900E+02    3.72496E+01    6.64792E-17
    5.77000E+02    3.69072E+01    9.36236E-17
    5.77100E+02    3.65661E+01    1.31685E-16
    5.77200E+02    3.62326E+01    1.83807E-16
    5.77300E+02    3.59063E+01    2.54742E-16
    5.77400E+02    3.55813E+01    3.52581E-16
    5.77500E+02    3.52624E+01    4.85007E-16
    5.77600E+02    3.49482E+01    6.64028E-16
    5.77700E+02    3.46387E+01    9.04894E-16
    5.77800E+02    3.43341E+01    1.22707E-15
    5.77900E+02    3.40385E+01    1.64915E-15
    5.78000E+02    3.37366E+01    2.23038E-15
    5.78100E+02    3.34434E+01    2.99025E-15
    5.78200E+02    3.31548E+01    3.99059E-15
    5.78300E+02    3.28702E+01    5.30453E-15
    5.78400E+02    3.25895E+01    7.02332E-15
    5.78500E+02    3.23128E+01    9.26267E-15
    5.78600E+02    3.20409E+01    1.21563E-14
    5.78700E+02    3.17707E+01    1.59273E-14
    5.78800E+02    3.15047E+01    2.07809E-14
    5.78900E+02    3.12425E+01    2.70114E-14
    5.79000E+02    3.09839E+01    3.49836E-14
    5.79100E+02    3.07288E+01    4.51492E-14
    5.79200E+02    3.04769E+01    5.80821E-14
    5.79300E+02    3.02285E+01    7.44604E-14
    5.79400E+02    2.99833E+01    9.51549E-14
    5.79500E+02    2.97412E+01    1.21217E-13
    5.79600E+02    2.95023E+01    1.53926E-13
    5.79700E+02    2.92666E+01    1.94847E-13
    5.79800E+02    2.90337E+01    2.45945E-13
    5.79900E+02    2.88041E+01    3.09420E-13
    5.80000E+02    2.85792E+01    3.87464E-13
    5.80100E+02    2.83534E+01    4.85617E-13
    5.80200E+02    2.81327E+01    6.05503E-13
    5.80300E+02    2.79143E+01    7.53303E-13
    5.80400E+02    2.76993E+01    9.34019E-13
    5.80500E+02    2.74860E+01    1.15609E-12
    5.80600E+02    2.72759E+01    1.42638E-12
    5.80700E+02    2.70684E+01    1.75533E-12
    5.80800E+02    2.68634E+01    2.15469E-12
    5.80900E+02    2.66613E+01    2.63714E-12
    5.81000E+02    2.64621E+01    3.21838E-12
    5.81100E+02    2.62649E+01    3.92024E-12
    5.81200E+02    2.60703E+01    4.76240E-12
    5.81300E+02    2.58809E+01    5.75538E-12
    5.81400E+02    2.56896E+01    6.96885E-12
    5.81500E+02    2.55028E+01    8.40001E-12
    5.81600E+02    2.53188E+01    1.00973E-11
    5.81700E+02    2.51389E+01    1.20872E-11
    5.81800E+02    2.49646E+01    1.43878E-11
    5.81900E+02    2.47973E+01    1.70090E-11
    5.82000E+02    2.46521E+01    1.96663E-11
    5.82100E+02    2.46222E+01    2.02638E-11
    5.82200E+02    2.44188E+01    2.48338E-11
    5.82300E+02    2.41841E+01    3.14021E-11
    5.82400E+02    2.39437E+01    3.99390E-11
    5.82500E+02    2.37564E+01    4.81635E-11
    5.82600E+02    2.35827E+01    5.73016E-11
    5.82700E+02    2.34146E+01    6.77875E-11
    5.82800E+02    2.32502E+01    7.99067E-11
    5.82900E+02    2.30891E+01    9.38736E-11
    5.83000E+02    2.29308E+01    1.09974E-10
    5.83100E+02    2.27749E+01    1.28526E-10
    5.83200E+02    2.26235E+01    1.49540E-10
    5.83300E+02    2.24790E+01    1.72777E-10
    5.83400E+02    2.23617E+01    1.94286E-10
    5.83500E+02    2.22903E+01    2.08655E-10
    5.83600E+02    2.20400E+01    2.68014E-10
    5.83700E+02    2.18774E+01    3.15343E-10
    5.83800E+02    2.17277E+01    3.66258E-10
    5.83900E+02    2.15903E+01    4.20217E-10
    5.84000E+02    2.14394E+01    4.88651E-10
    5.84100E+02    2.12976E+01    5.63065E-10
    5.84200E+02    2.11584E+01    6.47203E-10
    5.84300E+02    2.10210E+01    7.42497E-10
    5.84400E+02    2.08853E+01    8.50410E-10
    5.84500E+02    2.07512E+01    9.72470E-10
    5.84600E+02    2.06195E+01    1.10939E-09
    5.84700E+02    2.04874E+01    1.26599E-09
    5.84800E+02    2.03572E+01    1.44212E-09
    5.84900E+02    2.02286E+01    1.63992E-09
    5.85000E+02    2.01016E+01    1.86210E-09
    5.85100E+02    1.99760E+01    2.11125E-09
    5.85200E+02    1.98515E+01    2.39110E-09
    5.85300E+02    1.97289E+01    2.70303E-09
    5.85400E+02    1.96070E+01    3.05337E-09
    5.85500E+02    1.94864E+01    3.44485E-09
    5.85600E+02    1.93673E+01    3.88048E-09
    5.85700E+02    1.92498E+01    4.36435E-09
    5.85800E+02    1.91329E+01    4.90559E-09
    5.85900E+02    1.90170E+01    5.50848E-09
    5.86000E+02    1.89028E+01    6.17483E-09
    5.86100E+02    1.87896E+01    6.91470E-09
    5.86200E+02    1.86773E+01    7.73652E-09
    5.86300E+02    1.85665E+01    8.64356E-09
    5.86400E+02    1.84569E+01    9.64469E-09
    5.86500E+02    1.83483E+01    1.07509E-08
    5.86600E+02    1.82407E+01    1.19717E-08
    5.86700E+02    1.81343E+01    1.33161E-08
    5.86800E+02    1.80299E+01    1.47808E-08
    5.86900E+02    1.79243E+01    1.64276E-08
    5.87000E+02    1.78215E+01    1.82061E-08
    5.87100E+02    1.77184E+01    2.01827E-08
    5.87200E+02    1.76170E+01    2.23373E-08
    5.87300E+02    1.75165E+01    2.47003E-08
    5.87400E+02    1.74172E+01    2.72775E-08
    5.87500E+02    1.73187E+01    3.01008E-08
    5.87600E+02    1.72213E+01    3.31804E-08
    5.87700E+02    1.71251E+01    3.65329E-08
    5.87800E+02    1.70296E+01    4.01927E-08
    5.87900E+02    1.69348E+01    4.41904E-08
    5.88000E+02    1.68409E+01    4.85386E-08
    5.88100E+02    1.67485E+01    5.32400E-08
    5.88200E+02    1.66563E+01    5.83790E-08
    5.88300E+02    1.65654E+01    6.39348E-08
    5.88400E+02    1.64758E+01    6.99299E-08
    5.88500E+02    1.63861E+01    7.64874E-08
    5.88600E+02    1.62975E+01    8.35759E-08
    5.88700E+02    1.62101E+01    9.12135E-08
    5.88800E+02    1.61235E+01    9.94625E-08
    5.88900E+02    1.60382E+01    1.08314E-07
    5.89000E+02    1.59545E+01    1.17771E-07
    5.89100E+02    1.58878E+01    1.25900E-07
    5.89200E+02    1.57874E+01    1.39189E-07
    5.89300E+02    1.57025E+01    1.51530E-07
    5.89400E+02    1.56201E+01    1.64540E-07
    5.89500E+02    1.55386E+01    1.78514E-07
    5.89600E+02    1.54581E+01    1.93486E-07
    5.89700E+02    1.53786E+01    2.09494E-07
    5.89800E+02    1.52997E+01    2.26684E-07
    5.89900E+02    1.52223E+01    2.44923E-07
    5.90000E+02    1.51458E+01    2.64405E-07
    5.90100E+02    1.50712E+01    2.84880E-07
    5.90200E+02    1.50015E+01    3.05430E-07
    5.90300E+02    1.49587E+01    3.18788E-07
    5.90400E+02    1.48682E+01    3.48988E-07
    5.90500E+02    1.47755E+01    3.82886E-07
    5.90600E+02    1.46984E+01    4.13577E-07
    5.90700E+02    1.46253E+01    4.44940E-07
    5.90800E+02    1.45555E+01    4.77134E-07
    5.90900E+02    1.44918E+01    5.08476E-07
    5.91000E+02    1.44869E+01    5.11008E-07
    5.91100E+02    1.43610E+01    5.79529E-07
    5.91200E+02    1.43156E+01    6.06479E-07
    5.91300E+02    1.42422E+01    6.52679E-07
    5.91400E+02    1.41418E+01    7.21607E-07
    5.91500E+02    1.40667E+01    7.77873E-07
    5.91600E+02    1.39969E+01    8.34128E-07
    5.91700E+02    1.39288E+01    8.92911E-07
    5.91800E+02    1.38622E+01    9.54427E-07
    5.91900E+02    1.37967E+01    1.01896E-06
    5.92000E+02    1.37321E+01    1.08701E-06
    5.92100E+02    1.36686E+01    1.15825E-06
    5.92200E+02    1.36063E+01    1.23270E-06
    5.92300E+02    1.35463E+01    1.30896E-06
    5.92400E+02    1.34911E+01    1.38317E-06
    5.92500E+02    1.34468E+01    1.44588E-06
    5.92600E+02    1.34927E+01    1.38098E-06
    5.92700E+02    1.33607E+01    1.57587E-06
    5.92800E+02    1.32532E+01    1.75474E-06
    5.92900E+02    1.31816E+01    1.88495E-06
    5.93000E+02    1.31171E+01    2.01048E-06
    5.93100E+02    1.30558E+01    2.13767E-06
    5.93200E+02    1.29963E+01    2.26880E-06
    5.93300E+02    1.29372E+01    2.40672E-06
    5.93400E+02    1.28797E+01    2.54933E-06
    5.93500E+02    1.28225E+01    2.69939E-06
    5.93600E+02    1.27657E+01    2.85698E-06
    5.93700E+02    1.27100E+01    3.02083E-06
    5.93800E+02    1.26544E+01    3.19358E-06
    5.93900E+02    1.25998E+01    3.37271E-06
    5.94000E+02    1.25459E+01    3.55952E-06
    5.94100E+02    1.24923E+01    3.75558E-06
    5.94200E+02    1.24406E+01    3.95466E-06
    5.94300E+02    1.23893E+01    4.16285E-06
    5.94400E+02    1.23364E+01    4.38894E-06
    5.94500E+02    1.22856E+01    4.61781E-06
    5.94600E+02    1.22360E+01    4.85263E-06
    5.94700E+02    1.21888E+01    5.08723E-06
    5.94800E+02    1.21461E+01    5.30881E-06
    5.94900E+02    1.21142E+01    5.48112E-06
    5.95000E+02    1.21280E+01    5.40577E-06
    5.95100E+02    1.22712E+01    4.68490E-06
    5.95200E+02    1.19939E+01    6.18164E-06
    5.95300E+02    1.19089E+01    6.72991E-06
    5.95400E+02    1.18481E+01    7.15185E-06
    5.95500E+02    1.17948E+01    7.54362E-06
    5.95600E+02    1.17444E+01    7.93338E-06
    5.95700E+02    1.16957E+01    8.32987E-06
    5.95800E+02    1.16485E+01    8.73198E-06
    5.95900E+02    1.16020E+01    9.14759E-06
    5.96000E+02    1.15563E+01    9.57507E-06
    5.96100E+02    1.15113E+01    1.00166E-05
    5.96200E+02    1.14668E+01    1.04718E-05
    5.96300E+02    1.14229E+01    1.09421E-05
    5.96400E+02    1.13795E+01    1.14272E-05
    5.96500E+02    1.13367E+01    1.19268E-05
    5.96600E+02    1.12944E+01    1.24419E-05
    5.96700E+02    1.12527E+01    1.29717E-05
    5.96800E+02    1.12119E+01    1.35121E-05
    5.96900E+02    1.11713E+01    1.40716E-05
    5.97000E+02    1.11314E+01    1.46457E-05
    5.97100E+02    1.10919E+01    1.52345E-05
    5.97200E+02    1.10532E+01    1.58367E-05
    5.97300E+02    1.10150E+01    1.64530E-05
    5.97400E+02    1.09775E+01    1.70817E-05
    5.97500E+02    1.09410E+01    1.77159E-05
    5.97600E+02    1.09046E+01    1.83730E-05
    5.97700E+02    1.08693E+01    1.90340E-05
    5.97800E+02    1.08348E+01    1.97026E-05
    5.97900E+02    1.08011E+01    2.03773E-05
    5.98000E+02    1.07682E+01    2.10580E-05
    5.98100E+02    1.07363E+01    2.17418E-05
    5.98200E+02    1.07047E+01    2.24394E-05
    5.98300E+02    1.06741E+01    2.31369E-05
    5.98400E+02    1.06444E+01    2.38338E-05
    5.98500E+02    1.06157E+01    2.45271E-05
    5.98600E+02    1.05881E+01    2.52140E-05
    5.98700E+02    1.05615E+01    2.58950E-05
    5.98800E+02    1.05355E+01    2.65765E-05
    5.98900E+02    1.05108E+01    2.72416E-05
    5.99000E+02    1.04866E+01    2.79087E-05
    5.99100E+02    1.04632E+01    2.85693E-05
    5.99200E+02    1.04404E+01    2.92281E-05
    5.99300E+02    1.04180E+01    2.98884E-05
    5.99400E+02    1.03959E+01    3.05589E-05
    5.99500E+02    1.03733E+01    3.12566E-05
    5.99600E+02    1.03512E+01    3.19549E-05
    5.99700E+02    1.03271E+01    3.27331E-05
    5.99800E+02    1.03036E+01    3.35119E-05
    5.99900E+02    1.02875E+01    3.40554E-05
    6.00000E+02    1.02924E+01    3.38913E-05
    6.00100E+02    1.02058E+01    3.69544E-05
    6.00200E+02    1.01565E+01    3.88241E-05
    6.00300E+02    1.01101E+01    4.06650E-05
    6.00400E+02    1.00639E+01    4.25882E-05
    6.00500E+02    1.00177E+01    4.46013E-05
    6.00600E+02    9.97196E+00    4.66909E-05
    6.00700E+02    9.92704E+00    4.88359E-05
    6.00800E+02    9.88157E+00    5.11080E-05
    6.00900E+02    9.83778E+00    5.33960E-05
    6.01000E+02    9.79549E+00    5.57020E-05
    6.01100E+02    9.75150E+00    5.82071E-05
    6.01200E+02    9.70865E+00    6.07557E-05
    6.01300E+02    9.66734E+00    6.33181E-05
    6.01400E+02    9.62762E+00    6.58835E-05
    6.01500E+02    9.58817E+00    6.85346E-05
    6.01600E+02    9.54961E+00    7.12291E-05
    6.01700E+02    9.51202E+00    7.39575E-05
    6.01800E+02    9.47474E+00    7.67664E-05
    6.01900E+02    9.43835E+00    7.96115E-05
    6.02000E+02    9.40293E+00    8.24819E-05
    6.02100E+02    9.36629E+00    8.55600E-05
    6.02200E+02    9.33288E+00    8.84668E-05
    6.02300E+02    9.29925E+00    9.14928E-05
    6.02400E+02    9.26709E+00    9.44826E-05
    6.02500E+02    9.23681E+00    9.73875E-05
    6.02600E+02    9.20431E+00    1.00605E-04
    6.02700E+02    9.17323E+00    1.03781E-04
    6.02800E+02    9.14508E+00    1.06743E-04
    6.02900E+02    9.11229E+00    1.10302E-04
    6.03000E+02    9.08287E+00    1.13595E-04
    6.03100E+02    9.05425E+00    1.16894E-04
    6.03200E+02    9.02449E+00    1.20424E-04
    6.03300E+02    8.99590E+00    1.23917E-04
    6.03400E+02    8.96810E+00    1.27410E-04
    6.03500E+02    8.94110E+00    1.30898E-04
    6.03600E+02    8.91375E+00    1.34526E-04
    6.03700E+02    8.88714E+00    1.38154E-04
    6.03800E+02    8.86068E+00    1.41858E-04
    6.03900E+02    8.83467E+00    1.45597E-04
    6.04000E+02    8.80924E+00    1.49346E-04
    6.04100E+02    8.78371E+00    1.53209E-04
    6.04200E+02    8.75901E+00    1.57039E-04
    6.04300E+02    8.73407E+00    1.61006E-04
    6.04400E+02    8.70994E+00    1.64938E-04
    6.04500E+02    8.68587E+00    1.68956E-04
    6.04600E+02    8.66229E+00    1.72988E-04
    6.04700E+02    8.63884E+00    1.77091E-04
    6.04800E+02    8.61551E+00    1.81272E-04
    6.04900E+02    8.58290E+00    1.87280E-04
    6.05000E+02    8.56054E+00    1.91516E-04
    6.05100E+02    8.53815E+00    1.95852E-04
    6.05200E+02    8.51627E+00    2.00184E-04
    6.05300E+02    8.49447E+00    2.04596E-04
    6.05400E+02    8.47353E+00    2.08926E-04
    6.05500E+02    8.45278E+00    2.13306E-04
    6.05600E+02    8.43139E+00    2.17919E-04
    6.05700E+02    8.41158E+00    2.22278E-04
    6.05800E+02    8.39141E+00    2.26806E-04
    6.05900E+02    8.37086E+00    2.31516E-04
    6.06000E+02    8.35181E+00    2.35970E-04
    6.06100E+02    8.33175E+00    2.40751E-04
    6.06200E+02    8.31267E+00    2.45387E-04
    6.06300E+02    8.29383E+00    2.50054E-04
    6.06400E+02    8.27517E+00    2.54765E-04
    6.06500E+02    8.25684E+00    2.59477E-04
    6.06600E+02    8.23881E+00    2.64199E-04
    6.06700E+02    8.22137E+00    2.68846E-04
    6.06800E+02    8.20362E+00    2.73661E-04
    6.06900E+02    8.18641E+00    2.78412E-04
    6.07000E+02    8.16991E+00    2.83044E-04
    6.07100E+02    8.15413E+00    2.87546E-04
    6.07200E+02    8.15165E+00    2.88260E-04
    6.07300E+02    8.12331E+00    2.96544E-04
    6.07400E+02    8.10648E+00    3.01579E-04
    6.07500E+02    8.09080E+00    3.06344E-04
    6.07600E+02    8.07688E+00    3.10639E-04
    6.07700E+02    8.06508E+00    3.14326E-04
    6.07800E+02    8.06521E+00    3.14284E-04
    6.07900E+02    8.05054E+00    3.18928E-04
    6.08000E+02    8.02245E+00    3.28014E-04
    6.08100E+02    8.00590E+00    3.33489E-04
    6.08200E+02    7.99173E+00    3.38249E-04
    6.08300E+02    7.97822E+00    3.42848E-04
    6.08400E+02    7.96642E+00    3.46920E-04
    6.08500E+02    7.95352E+00    3.51422E-04
    6.08600E+02    7.94159E+00    3.55642E-04
    6.08700E+02    7.93021E+00    3.59709E-04
    6.08800E+02    7.91971E+00    3.63508E-04
    6.08900E+02    7.90946E+00    3.67252E-04
    6.09000E+02    7.89987E+00    3.70793E-04
    6.09100E+02    7.89202E+00    3.73715E-04
    6.09200E+02    7.88339E+00    3.76952E-04
    6.09300E+02    7.87677E+00    3.79456E-04
    6.09400E+02    7.87306E+00    3.80866E-04
    6.09500E+02    7.87411E+00    3.80466E-04
    6.09600E+02    7.89213E+00    3.73672E-04
    6.09700E+02    8.02578E+00    3.26926E-04
    6.09800E+02    7.93166E+00    3.59191E-04
    6.09900E+02    7.87009E+00    3.81999E-04
    6.10000E+02    7.85944E+00    3.86088E-04
    6.10100E+02    7.87134E+00    3.81522E-04
    6.10200E+02    7.93659E+00    3.57421E-04
    6.10300E+02    8.11162E+00    3.00032E-04
    6.10400E+02    8.20322E+00    2.73770E-04
    6.10500E+02    7.90231E+00    3.69887E-04
    6.10600E+02    7.84093E+00    3.93303E-04
    6.10700E+02    7.81773E+00    4.02533E-04
    6.10800E+02    7.80810E+00    4.06430E-04
    6.10900E+02    7.80436E+00    4.07954E-04
    6.11000E+02    7.80880E+00    4.06147E-04
    6.11100E+02    7.82923E+00    3.97932E-04
    6.11200E+02    7.91174E+00    3.66417E-04
    6.11300E+02    8.11457E+00    2.99149E-04
    6.11400E+02    7.85566E+00    3.87552E-04
    6.11500E+02    7.81369E+00    4.04165E-04
    6.11600E+02    7.80058E+00    4.09498E-04
    6.11700E+02    7.79638E+00    4.11220E-04
    6.11800E+02    7.79589E+00    4.11423E-04
    6.11900E+02    7.79784E+00    4.10619E-04
    6.12000E+02    7.80190E+00    4.08957E-04
    6.12100E+02    7.80727E+00    4.06767E-04
    6.12200E+02    7.81400E+00    4.04037E-04
    6.12300E+02    7.82272E+00    4.00530E-04
    6.12400E+02    7.83679E+00    3.94934E-04
    6.12500E+02    7.84114E+00    3.93219E-04
    6.12600E+02    7.85190E+00    3.89010E-04
    6.12700E+02    7.86423E+00    3.84246E-04
    6.12800E+02    7.87775E+00    3.79086E-04
    6.12900E+02    7.89257E+00    3.73509E-04
    6.13000E+02    7.90934E+00    3.67296E-04
    6.13100E+02    7.92654E+00    3.61035E-04
    6.13200E+02    7.94543E+00    3.54279E-04
    6.13300E+02    7.96583E+00    3.47122E-04
    6.13400E+02    7.98770E+00    3.39616E-04
    6.13500E+02    8.01133E+00    3.31684E-04
    6.13600E+02    8.03673E+00    3.23364E-04
    6.13700E+02    8.06398E+00    3.14673E-04
    6.13800E+02    8.09301E+00    3.05667E-04
    6.13900E+02    8.12419E+00    2.96285E-04
    6.14000E+02    8.15761E+00    2.86546E-04
    6.14100E+02    8.19320E+00    2.76526E-04
    6.14200E+02    8.23115E+00    2.66230E-04
    6.14300E+02    8.27171E+00    2.55647E-04
    6.14400E+02    8.31578E+00    2.44626E-04
    6.14500E+02    8.36383E+00    2.33150E-04
    6.14600E+02    8.41941E+00    2.20544E-04
    6.14700E+02    8.50003E+00    2.03463E-04
    6.14800E+02    8.63412E+00    1.77930E-04
    6.14900E+02    8.59225E+00    1.85538E-04
    6.15000E+02    8.63995E+00    1.76896E-04
    6.15100E+02    8.70019E+00    1.66554E-04
    6.15200E+02    8.76768E+00    1.55684E-04
    6.15300E+02    8.84118E+00    1.44652E-04
    6.15400E+02    8.91802E+00    1.33954E-04
    6.15500E+02    9.00115E+00    1.23268E-04
    6.15600E+02    9.08972E+00    1.12820E-04
    6.15700E+02    9.18414E+00    1.02654E-04
    6.15800E+02    9.28509E+00    9.27972E-05
    6.15900E+02    9.39300E+00    8.33055E-05
    6.16000E+02    9.50833E+00    7.42312E-05
    6.16100E+02    9.63335E+00    6.55075E-05
    6.16200E+02    9.77382E+00    5.69224E-05
    6.16300E+02    9.94905E+00    4.77732E-05
    6.16400E+02    1.00552E+01    4.29602E-05
    6.16500E+02    1.02079E+01    3.68763E-05
    6.16600E+02    1.03756E+01    3.11837E-05
    6.16700E+02    1.05568E+01    2.60173E-05
    6.16800E+02    1.07514E+01    2.14163E-05
    6.16900E+02    1.09607E+01    1.73709E-05
    6.17000E+02    1.11859E+01    1.38686E-05
    6.17100E+02    1.14287E+01    1.08790E-05
    6.17200E+02    1.16942E+01    8.34247E-06
    6.17300E+02    1.20368E+01    5.92243E-06
    6.17400E+02    1.22890E+01    4.60192E-06
    6.17500E+02    1.25965E+01    3.38392E-06
    6.17600E+02    1.29457E+01    2.38649E-06
    6.17700E+02    1.33257E+01    1.63202E-06
    6.17800E+02    1.37361E+01    1.08270E-06
    6.17900E+02    1.41822E+01    6.93030E-07
    6.18000E+02    1.46670E+01    4.26764E-07
    6.18100E+02    1.51944E+01    2.51858E-07
    6.18200E+02    1.57685E+01    1.41854E-07
    6.18300E+02    1.63931E+01    7.59574E-08
    6.18400E+02    1.70745E+01    3.84283E-08
    6.18500E+02    1.78186E+01    1.82588E-08
    6.18600E+02    1.86314E+01    8.10010E-09
    6.18700E+02    1.95206E+01    3.32909E-09
    6.18800E+02    2.04928E+01    1.25913E-09
    6.18900E+02    2.15575E+01    4.34191E-10
    6.19000E+02    2.27211E+01    1.35630E-10
    6.19100E+02    2.39940E+01    3.79786E-11
    6.19200E+02    2.53843E+01    9.45630E-12
    6.19300E+02    2.69010E+01    2.07519E-12
    6.19400E+02    2.85511E+01    3.98478E-13
    6.19500E+02    3.03405E+01    6.65721E-14
    6.19600E+02    3.22705E+01    9.66313E-15
    6.19700E+02    3.43386E+01    1.22157E-15
    6.19800E+02    3.65362E+01    1.35685E-16
    6.19900E+02    3.88485E+01    1.34378E-17
    6.20000E+02    4.12397E+01    1.22978E-18
    6.20100E+02    4.36647E+01    1.08812E-19
    6.20200E+02    4.60594E+01    9.92298E-21
    6.20300E+02    4.83389E+01    1.01552E-21
    6.20400E+02    5.03970E+01    1.29679E-22
    6.20500E+02    5.21064E+01    2.34674E-23
    6.20600E+02    5.33608E+01    6.69396E-24
    6.20700E+02    5.41850E+01    2.93608E-24
    6.20800E+02    5.37727E+01    4.43430E-24
    6.20900E+02    5.23194E+01    1.89660E-23
    6.21000E+02    5.05153E+01    1.15209E-22
    6.21100E+02    4.84416E+01    9.16425E-22
    6.21200E+02    4.61565E+01    9.00516E-21
    6.21300E+02    4.37536E+01    9.95551E-20
    6.21400E+02    4.13195E+01    1.13541E-18
    6.21500E+02    3.89155E+01    1.25661E-17
    6.21600E+02    3.65899E+01    1.28595E-16
    6.21700E+02    3.43751E+01    1.17787E-15
    6.21800E+02    3.22825E+01    9.54713E-15
    6.21900E+02    3.03300E+01    6.72764E-14
    6.22000E+02    2.85175E+01    4.12111E-13
    6.22100E+02    2.68435E+01    2.19803E-12
    6.22200E+02    2.53023E+01    1.02645E-11
    6.22300E+02    2.38848E+01    4.23595E-11
    6.22400E+02    2.25857E+01    1.55295E-10
    6.22500E+02    2.13955E+01    5.10544E-10
    6.22600E+02    2.03052E+01    1.51904E-09
    6.22700E+02    1.93066E+01    4.12348E-09
    6.22800E+02    1.83914E+01    1.02971E-08
    6.22900E+02    1.75524E+01    2.38276E-08
    6.23000E+02    1.67826E+01    5.14554E-08
    6.23100E+02    1.60757E+01    1.04333E-07
    6.23200E+02    1.54264E+01    1.99714E-07
    6.23300E+02    1.48301E+01    3.62569E-07
    6.23400E+02    1.42836E+01    6.26184E-07
    6.23500E+02    1.37888E+01    1.02709E-06
    6.23600E+02    1.33719E+01    1.55836E-06
    6.23700E+02    1.32133E+01    1.82611E-06
    6.23800E+02    1.25059E+01    3.70462E-06
    6.23900E+02    1.20903E+01    5.61348E-06
    6.24000E+02    1.17272E+01    8.07123E-06
    6.24100E+02    1.13945E+01    1.12573E-05
    6.24200E+02    1.10865E+01    1.53172E-05
    6.24300E+02    1.08004E+01    2.03919E-05
    6.24400E+02    1.05331E+01    2.66391E-05
    6.24500E+02    1.02829E+01    3.42120E-05
    6.24600E+02    1.00488E+01    4.32388E-05
    6.24700E+02    9.82925E+00    5.38530E-05
    6.24800E+02    9.62327E+00    6.61710E-05
    6.24900E+02    9.42918E+00    8.03454E-05
    6.25000E+02    9.24731E+00    9.63710E-05
    6.25100E+02    9.07685E+00    1.14280E-04
    6.25200E+02    8.91784E+00    1.33977E-04
    6.25300E+02    8.78037E+00    1.53721E-04
    6.25400E+02    8.66272E+00    1.72914E-04
    6.25500E+02    8.48378E+00    2.06795E-04
    6.25600E+02    8.34552E+00    2.37459E-04
    6.25700E+02    8.21823E+00    2.69693E-04
    6.25800E+02    8.09894E+00    3.03862E-04
    6.25900E+02    7.98706E+00    3.39832E-04
    6.26000E+02    7.87809E+00    3.78958E-04
    6.26100E+02    7.77556E+00    4.19874E-04
    6.26200E+02    7.67796E+00    4.62919E-04
    6.26300E+02    7.58489E+00    5.08072E-04
    6.26400E+02    7.49629E+00    5.55139E-04
    6.26500E+02    7.41155E+00    6.04236E-04
    6.26600E+02    7.33045E+00    6.55277E-04
    6.26700E+02    7.25332E+00    7.07819E-04
    6.26800E+02    7.17810E+00    7.63119E-04
    6.26900E+02    7.10702E+00    8.19332E-04
    6.27000E+02    7.03869E+00    8.77271E-04
    6.27100E+02    6.97311E+00    9.36734E-04
    6.27200E+02    6.91065E+00    9.97108E-04
    6.27300E+02    6.85051E+00    1.05892E-03
    6.27400E+02    6.79332E+00    1.12125E-03
    6.27500E+02    6.73852E+00    1.18440E-03
    6.27600E+02    6.68713E+00    1.24686E-03
    6.27700E+02    6.64067E+00    1.30616E-03
    6.27800E+02    6.59139E+00    1.37214E-03
    6.27900E+02    6.53466E+00    1.45222E-03
    6.28000E+02    6.48394E+00    1.52778E-03
    6.28100E+02    6.43608E+00    1.60268E-03
    6.28200E+02    6.39282E+00    1.67354E-03
    6.28300E+02    6.35116E+00    1.74472E-03
    6.28400E+02    6.30308E+00    1.83065E-03
    6.28500E+02    6.26119E+00    1.90897E-03
    6.28600E+02    6.22102E+00    1.98721E-03
    6.28700E+02    6.18251E+00    2.06524E-03
    6.28800E+02    6.14523E+00    2.14367E-03
    6.28900E+02    6.10957E+00    2.22150E-03
    6.29000E+02    6.07372E+00    2.30260E-03
    6.29100E+02    6.03953E+00    2.38267E-03
    6.29200E+02    6.00628E+00    2.46323E-03
    6.29300E+02    5.97421E+00    2.54351E-03
    6.29400E+02    5.94337E+00    2.62316E-03
    6.29500E+02    5.91284E+00    2.70449E-03
    6.29600E+02    5.88302E+00    2.78635E-03
    6.29700E+02    5.85498E+00    2.86559E-03
    6.29800E+02    5.82620E+00    2.94926E-03
    6.29900E+02    5.79877E+00    3.03127E-03
    6.30000E+02    5.77271E+00    3.11132E-03
    6.30100E+02    5.74741E+00    3.19103E-03
    6.30200E+02    5.72071E+00    3.27738E-03
    6.30300E+02    5.69604E+00    3.35924E-03
    6.30400E+02    5.67196E+00    3.44111E-03
    6.30500E+02    5.64799E+00    3.52458E-03
    6.30600E+02    5.62531E+00    3.60544E-03
    6.30700E+02    5.60255E+00    3.68844E-03
    6.30800E+02    5.58041E+00    3.77101E-03
    6.30900E+02    5.55907E+00    3.85234E-03
    6.31000E+02    5.53823E+00    3.93348E-03
    6.31100E+02    5.51791E+00    4.01422E-03
    6.31200E+02    5.49805E+00    4.09473E-03
    6.31300E+02    5.47818E+00    4.17694E-03
    6.31400E+02    5.45945E+00    4.25592E-03
    6.31500E+02    5.44132E+00    4.33377E-03
    6.31600E+02    5.42364E+00    4.41107E-03
    6.31700E+02    5.40748E+00    4.48294E-03
    6.31800E+02    5.39334E+00    4.54678E-03
    6.31900E+02    5.38259E+00    4.59592E-03
    6.32000E+02    5.37867E+00    4.61397E-03
    6.32100E+02    5.41532E+00    4.44794E-03
    6.32200E+02    5.53775E+00    3.93538E-03
    6.32300E+02    5.34712E+00    4.76187E-03
    6.32400E+02    5.30388E+00    4.97227E-03
    6.32500E+02    5.27882E+00    5.09844E-03
    6.32600E+02    5.25920E+00    5.19948E-03
    6.32700E+02    5.24163E+00    5.29164E-03
    6.32800E+02    5.22586E+00    5.37573E-03
    6.32900E+02    5.21088E+00    5.45688E-03
    6.33000E+02    5.19663E+00    5.53517E-03
    6.33100E+02    5.18362E+00    5.60765E-03
    6.33200E+02    5.17356E+00    5.66437E-03
    6.33300E+02    5.17436E+00    5.65982E-03
    6.33400E+02    5.16408E+00    5.71830E-03
    6.33500E+02    5.13319E+00    5.89769E-03
    6.33600E+02    5.11851E+00    5.98494E-03
    6.33700E+02    5.10309E+00    6.07792E-03
    6.33800E+02    5.09120E+00    6.15066E-03
    6.33900E+02    5.08006E+00    6.21955E-03
    6.34000E+02    5.07021E+00    6.28112E-03
    6.34100E+02    5.06293E+00    6.32697E-03
    6.34200E+02    5.06115E+00    6.33829E-03
    6.34300E+02    5.07741E+00    6.23602E-03
    6.34400E+02    5.17037E+00    5.68246E-03
    6.34500E+02    5.24574E+00    5.26993E-03
    6.34600E+02    5.05494E+00    6.37772E-03
    6.34700E+02    5.00736E+00    6.68853E-03
    6.34800E+02    4.98280E+00    6.85483E-03
    6.34900E+02    4.96556E+00    6.97404E-03
    6.35000E+02    4.95111E+00    7.07555E-03
    6.35100E+02    4.93834E+00    7.16650E-03
    6.35200E+02    4.92640E+00    7.25257E-03
    6.35300E+02    4.91593E+00    7.32894E-03
    6.35400E+02    4.90393E+00    7.41737E-03
    6.35500E+02    4.89340E+00    7.49588E-03
    6.35600E+02    4.88279E+00    7.57585E-03
    6.35700E+02    4.87257E+00    7.65366E-03
    6.35800E+02    4.86245E+00    7.73151E-03
    6.35900E+02    4.85269E+00    7.80735E-03
    6.36000E+02    4.84311E+00    7.88252E-03
    6.36100E+02    4.83416E+00    7.95339E-03
    6.36200E+02    4.82436E+00    8.03173E-03
    6.36300E+02    4.81496E+00    8.10758E-03
    6.36400E+02    4.80592E+00    8.18118E-03
    6.36500E+02    4.79659E+00    8.25788E-03
    6.36600E+02    4.78783E+00    8.33048E-03
    6.36700E+02    4.77928E+00    8.40206E-03
    6.36800E+02    4.77017E+00    8.47891E-03
    6.36900E+02    4.76173E+00    8.55077E-03
    6.37000E+02    4.75344E+00    8.62195E-03
    6.37100E+02    4.74497E+00    8.69528E-03
    6.37200E+02    4.73663E+00    8.76812E-03
    6.37300E+02    4.72868E+00    8.83809E-03
    6.37400E+02    4.72078E+00    8.90820E-03
    6.37500E+02    4.71295E+00    8.97824E-03
    6.37600E+02    4.70557E+00    9.04473E-03
    6.37700E+02    4.69771E+00    9.11614E-03
    6.37800E+02    4.69046E+00    9.18244E-03
    6.37900E+02    4.68335E+00    9.24799E-03
    6.38000E+02    4.67658E+00    9.31081E-03
    6.38100E+02    4.66983E+00    9.37389E-03
    6.38200E+02    4.66387E+00    9.42989E-03
    6.38300E+02    4.65875E+00    9.47829E-03
    6.38400E+02    4.65494E+00    9.51453E-03
    6.38500E+02    4.65565E+00    9.50773E-03
    6.38600E+02    4.65581E+00    9.50618E-03
    6.38700E+02    4.66576E+00    9.41206E-03
    6.38800E+02    4.71829E+00    8.93041E-03
    6.38900E+02    5.27117E+00    5.13759E-03
    6.39000E+02    4.71211E+00    8.98579E-03
    6.39100E+02    4.63989E+00    9.65877E-03
    6.39200E+02    4.61330E+00    9.91903E-03
    6.39300E+02    4.59990E+00    1.00528E-02
    6.39400E+02    4.58848E+00    1.01683E-02
    6.39500E+02    4.57855E+00    1.02698E-02
    6.39600E+02    4.57105E+00    1.03471E-02
    6.39700E+02    4.56348E+00    1.04257E-02
    6.39800E+02    4.55798E+00    1.04832E-02
    6.39900E+02    4.55593E+00    1.05048E-02
    6.40000E+02    4.56674E+00    1.03918E-02
    6.40100E+02    4.68588E+00    9.22463E-03
    6.40200E+02    4.55207E+00    1.05453E-02
    6.40300E+02    4.55269E+00    1.05388E-02
    6.40400E+02    4.52334E+00    1.08527E-02
    6.40500E+02    4.51220E+00    1.09743E-02
    6.40600E+02    4.50535E+00    1.10497E-02
    6.40700E+02    4.49729E+00    1.11391E-02
    6.40800E+02    4.49119E+00    1.12073E-02
    6.40900E+02    4.48505E+00    1.12764E-02
    6.41000E+02    4.47948E+00    1.13393E-02
    6.41100E+02    4.47419E+00    1.13994E-02
    6.41200E+02    4.46949E+00    1.14531E-02
    6.41300E+02    4.46524E+00    1.15020E-02
    6.41400E+02    4.46339E+00    1.15232E-02
    6.41500E+02    4.47546E+00    1.13850E-02
    6.41600E+02    4.46162E+00    1.15436E-02
    6.41700E+02    4.44934E+00    1.16862E-02
    6.41800E+02    4.44385E+00    1.17506E-02
    6.41900E+02    4.44185E+00    1.17741E-02
    6.42000E+02    4.44200E+00    1.17724E-02
    6.42100E+02    4.45082E+00    1.16690E-02
    6.42200E+02    4.48016E+00    1.13316E-02
    6.42300E+02    4.62673E+00    9.78672E-03
    6.42400E+02    4.61898E+00    9.86284E-03
    6.42500E+02    4.46393E+00    1.15170E-02
    6.42600E+02    4.42534E+00    1.19702E-02
    6.42700E+02    4.40734E+00    1.21876E-02
    6.42800E+02    4.39601E+00    1.23264E-02
    6.42900E+02    4.38769E+00    1.24294E-02
    6.43000E+02    4.38094E+00    1.25136E-02
    6.43100E+02    4.37514E+00    1.25864E-02
    6.43200E+02    4.37013E+00    1.26496E-02
    6.43300E+02    4.36638E+00    1.26971E-02
    6.43400E+02    4.36072E+00    1.27692E-02
    6.43500E+02    4.35627E+00    1.28261E-02
    6.43600E+02    4.35013E+00    1.29052E-02
    6.43700E+02    4.34464E+00    1.29761E-02
    6.43800E+02    4.34003E+00    1.30361E-02
    6.43900E+02    4.33587E+00    1.30905E-02
    6.44000E+02    4.33219E+00    1.31387E-02
    6.44100E+02    4.32878E+00    1.31837E-02
    6.44200E+02    4.32569E+00    1.32244E-02
    6.44300E+02    4.32397E+00    1.32472E-02
    6.44400E+02    4.32453E+00    1.32398E-02
    6.44500E+02    4.32898E+00    1.31810E-02
    6.44600E+02    4.34317E+00    1.29953E-02
    6.44700E+02    4.39352E+00    1.23572E-02
    6.44800E+02    4.85358E+00    7.80036E-03
    6.44900E+02    4.39596E+00    1.23271E-02
    6.45000E+02    4.32865E+00    1.31853E-02
    6.45100E+02    4.30593E+00    1.34883E-02
    6.45200E+02    4.29367E+00    1.36547E-02
    6.45300E+02    4.28753E+00    1.37389E-02
    6.45400E+02    4.28644E+00    1.37538E-02
    6.45500E+02    4.28031E+00    1.38384E-02
    6.45600E+02    4.29385E+00    1.36523E-02
    6.45700E+02    4.31867E+00    1.33176E-02
    6.45800E+02    4.26985E+00    1.39839E-02
    6.45900E+02    4.26174E+00    1.40977E-02
    6.46000E+02    4.25736E+00    1.41596E-02
    6.46100E+02    4.24814E+00    1.42909E-02
    6.46200E+02    4.24350E+00    1.43573E-02
    6.46300E+02    4.24306E+00    1.43636E-02
    6.46400E+02    4.23692E+00    1.44520E-02
    6.46500E+02    4.23436E+00    1.44891E-02
    6.46600E+02    4.22796E+00    1.45821E-02
    6.46700E+02    4.22409E+00    1.46387E-02
    6.46800E+02    4.22051E+00    1.46912E-02
    6.46900E+02    4.21787E+00    1.47299E-02
    6.47000E+02    4.21525E+00    1.47686E-02
    6.47100E+02    4.21370E+00    1.47915E-02
    6.47200E+02    4.21276E+00    1.48054E-02
    6.47300E+02    4.21336E+00    1.47966E-02
    6.47400E+02    4.21345E+00    1.47953E-02
    6.47500E+02    4.21851E+00    1.47205E-02
    6.47600E+02    4.23115E+00    1.45357E-02
    6.47700E+02    4.26848E+00    1.40031E-02
    6.47800E+02    4.47352E+00    1.14071E-02
    6.47900E+02    4.38574E+00    1.24537E-02
    6.48000E+02    4.24393E+00    1.43511E-02
    6.48100E+02    4.20644E+00    1.48993E-02
    6.48200E+02    4.18950E+00    1.51538E-02
    6.48300E+02    4.17954E+00    1.53056E-02
    6.48400E+02    4.17264E+00    1.54116E-02
    6.48500E+02    4.16720E+00    1.54956E-02
    6.48600E+02    4.16230E+00    1.55717E-02
    6.48700E+02    4.15820E+00    1.56358E-02
    6.48800E+02    4.15461E+00    1.56918E-02
    6.48900E+02    4.15103E+00    1.57482E-02
    6.49000E+02    4.14762E+00    1.58020E-02
    6.49100E+02    4.14486E+00    1.58457E-02
    6.49200E+02    4.14167E+00    1.58963E-02
    6.49300E+02    4.13855E+00    1.59460E-02
    6.49400E+02    4.13556E+00    1.59937E-02
    6.49500E+02    4.13280E+00    1.60380E-02
    6.49600E+02    4.13018E+00    1.60800E-02
    6.49700E+02    4.12767E+00    1.61204E-02
    6.49800E+02    4.12535E+00    1.61579E-02
    6.49900E+02    4.12313E+00    1.61938E-02
    6.50000E+02    4.12110E+00    1.62266E-02
    6.50100E+02    4.11887E+00    1.62629E-02
    6.50200E+02    4.11719E+00    1.62902E-02
    6.50300E+02    4.11593E+00    1.63107E-02
    6.50400E+02    4.11553E+00    1.63172E-02
    6.50500E+02    4.11774E+00    1.62813E-02
    6.50600E+02    4.12298E+00    1.61962E-02
    6.50700E+02    4.15993E+00    1.56086E-02
    6.50800E+02    4.13718E+00    1.59678E-02
    6.50900E+02    4.12010E+00    1.62429E-02
    6.51000E+02    4.11841E+00    1.62703E-02
    6.51100E+02    4.12263E+00    1.62018E-02
    6.51200E+02    4.13615E+00    1.59842E-02
    6.51300E+02    4.17162E+00    1.54273E-02
    6.51400E+02    4.29898E+00    1.35824E-02
    6.51500E+02    4.63072E+00    9.74773E-03
    6.51600E+02    4.32259E+00    1.32654E-02
    6.51700E+02    4.16785E+00    1.54856E-02
    6.51800E+02    4.13034E+00    1.60774E-02
    6.51900E+02    4.10663E+00    1.64631E-02
    6.52000E+02    4.09464E+00    1.66618E-02
    6.52100E+02    4.08799E+00    1.67728E-02
    6.52200E+02    4.08650E+00    1.67979E-02
    6.52300E+02    4.08243E+00    1.68665E-02
    6.52400E+02    4.07572E+00    1.69800E-02
    6.52500E+02    4.07270E+00    1.70314E-02
    6.52600E+02    4.07064E+00    1.70665E-02
    6.52700E+02    4.06914E+00    1.70921E-02
    6.52800E+02    4.06856E+00    1.71019E-02
    6.52900E+02    4.06746E+00    1.71207E-02
    6.53000E+02    4.06728E+00    1.71238E-02
    6.53100E+02    4.06803E+00    1.71111E-02
    6.53200E+02    4.06996E+00    1.70781E-02
    6.53300E+02    4.07403E+00    1.70087E-02
    6.53400E+02    4.08308E+00    1.68555E-02
    6.53500E+02    4.09878E+00    1.65929E-02
    6.53600E+02    4.13283E+00    1.60374E-02
    6.53700E+02    4.27777E+00    1.38736E-02
    6.53800E+02    4.39410E+00    1.23500E-02
    6.53900E+02    4.15478E+00    1.56893E-02
    6.54000E+02    4.10991E+00    1.64093E-02
    6.54100E+02    4.09724E+00    1.66185E-02
    6.54200E+02    4.09586E+00    1.66414E-02
    6.54300E+02    4.10214E+00    1.65372E-02
    6.54400E+02    4.11817E+00    1.62742E-02
    6.54500E+02    4.15180E+00    1.57361E-02
    6.54600E+02    4.23565E+00    1.44704E-02
    6.54700E+02    4.72620E+00    8.86011E-03
    6.54800E+02    4.53823E+00    1.06923E-02
    6.54900E+02    4.57762E+00    1.02793E-02
    6.55000E+02    4.99935E+00    6.74236E-03
    6.55100E+02    4.89938E+00    7.45123E-03
    6.55200E+02    5.29578E+00    5.01269E-03
    6.55300E+02    5.07966E+00    6.22204E-03
    6.55400E+02    4.37708E+00    1.25620E-02
    6.55500E+02    4.34439E+00    1.29794E-02
    6.55600E+02    4.93012E+00    7.22564E-03
    6.55700E+02    4.37708E+00    1.25620E-02
    6.55800E+02    4.44559E+00    1.17302E-02
    6.55900E+02    4.81208E+00    8.13092E-03
    6.56000E+02    5.12023E+00    5.97464E-03
    6.56100E+02    4.48727E+00    1.12513E-02
    6.56200E+02    4.80395E+00    8.19732E-03
    6.56300E+02    4.67351E+00    9.33940E-03
    6.56400E+02    4.93108E+00    7.21872E-03
    6.56500E+02    4.52151E+00    1.08726E-02
    6.56600E+02    4.22838E+00    1.45760E-02
    6.56700E+02    4.15231E+00    1.57281E-02
    6.56800E+02    4.11505E+00    1.63252E-02
    6.56900E+02    4.09463E+00    1.66619E-02
    6.57000E+02    4.08326E+00    1.68525E-02
    6.57100E+02    4.07693E+00    1.69595E-02
    6.57200E+02    4.07265E+00    1.70321E-02
    6.57300E+02    4.07213E+00    1.70410E-02
    6.57400E+02    4.08128E+00    1.68858E-02
    6.57500E+02    4.16558E+00    1.55206E-02
    6.57600E+02    4.09019E+00    1.67360E-02
    6.57700E+02    4.07730E+00    1.69531E-02
    6.57800E+02    4.08024E+00    1.69034E-02
    6.57900E+02    4.10461E+00    1.64964E-02
    6.58000E+02    4.24540E+00    1.43299E-02
    6.58100E+02    4.17881E+00    1.53167E-02
    6.58200E+02    4.08850E+00    1.67643E-02
    6.58300E+02    4.06517E+00    1.71601E-02
    6.58400E+02    4.05414E+00    1.73505E-02
    6.58500E+02    4.04776E+00    1.74615E-02
    6.58600E+02    4.04344E+00    1.75371E-02
    6.58700E+02    4.04380E+00    1.75307E-02
    6.58800E+02    4.08487E+00    1.68253E-02
    6.58900E+02    4.03854E+00    1.76232E-02
    6.59000E+02    4.02431E+00    1.78758E-02
    6.59100E+02    4.02550E+00    1.78544E-02
    6.59200E+02    4.01113E+00    1.81129E-02
    6.59300E+02    4.00468E+00    1.82301E-02
    6.59400E+02    3.99987E+00    1.83181E-02
    6.59500E+02    3.99556E+00    1.83971E-02
    6.59600E+02    3.99114E+00    1.84786E-02
    6.59700E+02    3.98726E+00    1.85504E-02
    6.59800E+02    3.98368E+00    1.86169E-02
    6.59900E+02    3.98042E+00    1.86778E-02
    6.60000E+02    3.97717E+00    1.87385E-02
    6.60100E+02    3.97439E+00    1.87907E-02
    6.60200E+02    3.97163E+00    1.88427E-02
    6.60300E+02    3.96886E+00    1.88949E-02
    6.60400E+02    3.96643E+00    1.89409E-02
    6.60500E+02    3.96425E+00    1.89822E-02
    6.60600E+02    3.96232E+00    1.90189E-02
    6.60700E+02    3.96072E+00    1.90494E-02
    6.60800E+02    3.95948E+00    1.90730E-02
    6.60900E+02    3.95896E+00    1.90829E-02
    6.61000E+02    3.95936E+00    1.90752E-02
    6.61100E+02    3.96091E+00    1.90457E-02
    6.61200E+02    3.96611E+00    1.89470E-02
    6.61300E+02    3.98265E+00    1.86362E-02
    6.61400E+02    4.05798E+00    1.72840E-02
    6.61500E+02    4.09452E+00    1.66637E-02
    6.61600E+02    3.98378E+00    1.86151E-02
    6.61700E+02    3.96010E+00    1.90612E-02
    6.61800E+02    3.95064E+00    1.92424E-02
    6.61900E+02    3.94543E+00    1.93429E-02
    6.62000E+02    3.94206E+00    1.94082E-02
    6.62100E+02    3.93954E+00    1.94572E-02
    6.62200E+02    3.93761E+00    1.94947E-02
    6.62300E+02    3.93596E+00    1.95269E-02
    6.62400E+02    3.93470E+00    1.95516E-02
    6.62500E+02    3.93336E+00    1.95778E-02
    6.62600E+02    3.93235E+00    1.95976E-02
    6.62700E+02    3.93196E+00    1.96051E-02
    6.62800E+02    3.93623E+00    1.95217E-02
    6.62900E+02    3.93094E+00    1.96252E-02
    6.63000E+02    3.92887E+00    1.96658E-02
    6.63100E+02    3.92780E+00    1.96869E-02
    6.63200E+02    3.92694E+00    1.97038E-02
    6.63300E+02    3.92617E+00    1.97190E-02
    6.63400E+02    3.92557E+00    1.97308E-02
    6.63500E+02    3.92500E+00    1.97422E-02
    6.63600E+02    3.92468E+00    1.97485E-02
    6.63700E+02    3.92431E+00    1.97558E-02
    6.63800E+02    3.92378E+00    1.97662E-02
    6.63900E+02    3.92344E+00    1.97730E-02
    6.64000E+02    3.92332E+00    1.97753E-02
    6.64100E+02    3.92295E+00    1.97827E-02
    6.64200E+02    3.92292E+00    1.97833E-02
    6.64300E+02    3.92332E+00    1.97753E-02
    6.64400E+02    3.92510E+00    1.97401E-02
    6.64500E+02    3.93692E+00    1.95083E-02
    6.64600E+02    3.92476E+00    1.97469E-02
    6.64700E+02    3.92398E+00    1.97623E-02
    6.64800E+02    3.92431E+00    1.97558E-02
    6.64900E+02    3.92532E+00    1.97358E-02
    6.65000E+02    3.92794E+00    1.96842E-02
    6.65100E+02    3.93090E+00    1.96260E-02
    6.65200E+02    3.93623E+00    1.95218E-02
    6.65300E+02    3.93835E+00    1.94804E-02
    6.65400E+02    3.95085E+00    1.92383E-02
    6.65500E+02    3.97606E+00    1.87595E-02
    6.65600E+02    4.06651E+00    1.71370E-02
    6.65700E+02    4.30895E+00    1.34476E-02
    6.65800E+02    4.01853E+00    1.79793E-02
    6.65900E+02    3.97355E+00    1.88066E-02
    6.66000E+02    3.94901E+00    1.92738E-02
    6.66100E+02    3.94460E+00    1.93590E-02
    6.66200E+02    3.94586E+00    1.93345E-02
    6.66300E+02    3.94870E+00    1.92798E-02
    6.66400E+02    3.94723E+00    1.93081E-02
    6.66500E+02    3.96849E+00    1.89019E-02
    6.66600E+02    4.08678E+00    1.67932E-02
    6.66700E+02    4.01160E+00    1.81044E-02
    6.66800E+02    3.96472E+00    1.89734E-02
    6.66900E+02    3.94049E+00    1.94388E-02
    6.67000E+02    3.93484E+00    1.95489E-02
    6.67100E+02    3.93287E+00    1.95874E-02
    6.67200E+02    3.92896E+00    1.96640E-02
    6.67300E+02    3.93136E+00    1.96169E-02
    6.67400E+02    3.93407E+00    1.95640E-02
    6.67500E+02    3.93437E+00    1.95580E-02
    6.67600E+02    3.92811E+00    1.96808E-02
    6.67700E+02    3.93878E+00    1.94720E-02
    6.67800E+02    3.93006E+00    1.96426E-02
    6.67900E+02    3.93574E+00    1.95313E-02
    6.68000E+02    3.92784E+00    1.96862E-02
    6.68100E+02    3.92595E+00    1.97234E-02
    6.68200E+02    3.92578E+00    1.97268E-02
    6.68300E+02    3.92601E+00    1.97222E-02
    6.68400E+02    3.92649E+00    1.97128E-02
    6.68500E+02    3.92713E+00    1.97002E-02
    6.68600E+02    3.92781E+00    1.96867E-02
    6.68700E+02    3.92870E+00    1.96693E-02
    6.68800E+02    3.92970E+00    1.96496E-02
    6.68900E+02    3.93098E+00    1.96243E-02
    6.69000E+02    3.93250E+00    1.95947E-02
    6.69100E+02    3.93437E+00    1.95579E-02
    6.69200E+02    3.93685E+00    1.95095E-02
    6.69300E+02    3.94027E+00    1.94430E-02
    6.69400E+02    3.94548E+00    1.93419E-02
    6.69500E+02    3.95455E+00    1.91673E-02
    6.69600E+02    3.97475E+00    1.87839E-02
    6.69700E+02    4.00898E+00    1.81519E-02
    6.69800E+02    4.17304E+00    1.54054E-02
    6.69900E+02    4.24077E+00    1.43965E-02
    6.70000E+02    4.02113E+00    1.79326E-02
    6.70100E+02    3.97891E+00    1.87061E-02
    6.70200E+02    3.96265E+00    1.90126E-02
    6.70300E+02    3.95480E+00    1.91626E-02
    6.70400E+02    3.95054E+00    1.92443E-02
    6.70500E+02    3.94884E+00    1.92770E-02
    6.70600E+02    3.94821E+00    1.92893E-02
    6.70700E+02    3.94839E+00    1.92857E-02
    6.70800E+02    3.94916E+00    1.92708E-02
    6.70900E+02    3.95087E+00    1.92379E-02
    6.71000E+02    3.95259E+00    1.92048E-02
    6.71100E+02    3.95551E+00    1.91489E-02
    6.71200E+02    3.95996E+00    1.90640E-02
    6.71300E+02    3.96716E+00    1.89271E-02
    6.71400E+02    3.98057E+00    1.86751E-02
    6.71500E+02    4.01127E+00    1.81105E-02
    6.71600E+02    4.12068E+00    1.62335E-02
    6.71700E+02    4.28129E+00    1.38248E-02
    6.71800E+02    4.15802E+00    1.56385E-02
    6.71900E+02    4.01433E+00    1.80550E-02
    6.72000E+02    3.98607E+00    1.85725E-02
    6.72100E+02    3.97433E+00    1.87918E-02
    6.72200E+02    3.96959E+00    1.88812E-02
    6.72300E+02    3.96764E+00    1.89179E-02
    6.72400E+02    3.96738E+00    1.89229E-02
    6.72500E+02    3.96879E+00    1.88962E-02
    6.72600E+02    3.97267E+00    1.88231E-02
    6.72700E+02    3.98583E+00    1.85770E-02
    6.72800E+02    4.09668E+00    1.66278E-02
    6.72900E+02    3.98507E+00    1.85912E-02
    6.73000E+02    3.97564E+00    1.87673E-02
    6.73100E+02    3.97994E+00    1.86867E-02
    6.73200E+02    3.97356E+00    1.88064E-02
    6.73300E+02    3.97385E+00    1.88009E-02
    6.73400E+02    3.97531E+00    1.87735E-02
    6.73500E+02    3.97767E+00    1.87292E-02
    6.73600E+02    3.98161E+00    1.86556E-02
    6.73700E+02    3.98915E+00    1.85155E-02
    6.73800E+02    4.00988E+00    1.81356E-02
    6.73900E+02    4.16475E+00    1.55336E-02
    6.74000E+02    4.02628E+00    1.78406E-02
    6.74100E+02    3.99756E+00    1.83604E-02
    6.74200E+02    3.99046E+00    1.84913E-02
    6.74300E+02    3.98834E+00    1.85304E-02
    6.74400E+02    3.98794E+00    1.85378E-02
    6.74500E+02    3.98841E+00    1.85292E-02
    6.74600E+02    3.98921E+00    1.85144E-02
    6.74700E+02    3.99027E+00    1.84947E-02
    6.74800E+02    3.99153E+00    1.84714E-02
    6.74900E+02    3.99308E+00    1.84428E-02
    6.75000E+02    3.99454E+00    1.84159E-02
    6.75100E+02    3.99739E+00    1.83634E-02
    6.75200E+02    3.99778E+00    1.83564E-02
    6.75300E+02    3.99940E+00    1.83267E-02
    6.75400E+02    4.00124E+00    1.82929E-02
    6.75500E+02    4.00328E+00    1.82557E-02
    6.75600E+02    4.00559E+00    1.82136E-02
    6.75700E+02    4.00841E+00    1.81623E-02
    6.75800E+02    4.01211E+00    1.80951E-02
    6.75900E+02    4.01896E+00    1.79716E-02
    6.76000E+02    4.04123E+00    1.75758E-02
    6.76100E+02    4.05848E+00    1.72752E-02
    6.76200E+02    4.02689E+00    1.78298E-02
    6.76300E+02    4.02216E+00    1.79143E-02
    6.76400E+02    4.02165E+00    1.79233E-02
    6.76500E+02    4.02250E+00    1.79082E-02
    6.76600E+02    4.02409E+00    1.78797E-02
    6.76700E+02    4.02615E+00    1.78429E-02
    6.76800E+02    4.02918E+00    1.77889E-02
    6.76900E+02    4.04420E+00    1.75238E-02
    6.77000E+02    4.03680E+00    1.76539E-02
    6.77100E+02    4.05261E+00    1.73770E-02
    6.77200E+02    4.04956E+00    1.74301E-02
    6.77300E+02    4.04066E+00    1.75859E-02
    6.77400E+02    4.04031E+00    1.75920E-02
    6.77500E+02    4.04147E+00    1.75716E-02
    6.77600E+02    4.04311E+00    1.75428E-02
    6.77700E+02    4.04501E+00    1.75095E-02
    6.77800E+02    4.04703E+00    1.74742E-02
    6.77900E+02    4.04927E+00    1.74350E-02
    6.78000E+02    4.05127E+00    1.74002E-02
    6.78100E+02    4.05349E+00    1.73617E-02
    6.78200E+02    4.05585E+00    1.73208E-02
    6.78300E+02    4.05853E+00    1.72744E-02
    6.78400E+02    4.06556E+00    1.71534E-02
    6.78500E+02    4.06336E+00    1.71911E-02
    6.78600E+02    4.06512E+00    1.71609E-02
    6.78700E+02    4.06745E+00    1.71210E-02
    6.78800E+02    4.06991E+00    1.70790E-02
    6.78900E+02    4.07259E+00    1.70332E-02
    6.79000E+02    4.07661E+00    1.69649E-02
    6.79100E+02    4.08077E+00    1.68945E-02
    6.79200E+02    4.08010E+00    1.69057E-02
    6.79300E+02    4.08213E+00    1.68715E-02
    6.79400E+02    4.08451E+00    1.68313E-02
    6.79500E+02    4.08700E+00    1.67896E-02
    6.79600E+02    4.08958E+00    1.67463E-02
    6.79700E+02    4.09236E+00    1.66998E-02
    6.79800E+02    4.09592E+00    1.66405E-02
    6.79900E+02    4.09741E+00    1.66156E-02
    6.80000E+02    4.10000E+00    1.65727E-02
    6.80100E+02    4.10266E+00    1.65286E-02
    6.80200E+02    4.10536E+00    1.64841E-02
    6.80300E+02    4.10824E+00    1.64367E-02
    6.80400E+02    4.11095E+00    1.63922E-02
    6.80500E+02    4.11368E+00    1.63476E-02
    6.80600E+02    4.11647E+00    1.63020E-02
    6.80700E+02    4.11928E+00    1.62562E-02
    6.80800E+02    4.12216E+00    1.62095E-02
    6.80900E+02    4.12504E+00    1.61628E-02
    6.81000E+02    4.12793E+00    1.61162E-02
    6.81100E+02    4.13089E+00    1.60685E-02
    6.81200E+02    4.13386E+00    1.60209E-02
    6.81300E+02    4.13684E+00    1.59732E-02
    6.81400E+02    4.13992E+00    1.59241E-02
    6.81500E+02    4.14301E+00    1.58749E-02
    6.81600E+02    4.14629E+00    1.58230E-02
    6.81700E+02    4.14923E+00    1.57765E-02
    6.81800E+02    4.15235E+00    1.57274E-02
    6.81900E+02    4.15586E+00    1.56723E-02
    6.82000E+02    4.15913E+00    1.56212E-02
    6.82100E+02    4.16214E+00    1.55742E-02
    6.82200E+02    4.16575E+00    1.55180E-02
    6.82300E+02    4.16915E+00    1.54654E-02
    6.82400E+02    4.17198E+00    1.54217E-02
    6.82500E+02    4.17525E+00    1.53713E-02
    6.82600E+02    4.17866E+00    1.53191E-02
    6.82700E+02    4.18221E+00    1.52648E-02
    6.82800E+02    4.18580E+00    1.52100E-02
    6.82900E+02    4.18950E+00    1.51538E-02
    6.83000E+02    4.19296E+00    1.51015E-02
    6.83100E+02    4.19711E+00    1.50389E-02
    6.83200E+02    4.20182E+00    1.49683E-02
    6.83300E+02    4.20719E+00    1.48882E-02
    6.83400E+02    4.21474E+00    1.47761E-02
    6.83500E+02    4.22938E+00    1.45614E-02
    6.83600E+02    4.29129E+00    1.36873E-02
    6.83700E+02    4.26978E+00    1.39849E-02
    6.83800E+02    4.23856E+00    1.44283E-02
    6.83900E+02    4.23401E+00    1.44941E-02
    6.84000E+02    4.23613E+00    1.44635E-02
    6.84100E+02    4.24293E+00    1.43654E-02
    6.84200E+02    4.26955E+00    1.39880E-02
    6.84300E+02    4.26644E+00    1.40317E-02
    6.84400E+02    4.25123E+00    1.42467E-02
    6.84500E+02    4.25047E+00    1.42575E-02
    6.84600E+02    4.25238E+00    1.42303E-02
    6.84700E+02    4.25527E+00    1.41893E-02
    6.84800E+02    4.25859E+00    1.41422E-02
    6.84900E+02    4.26210E+00    1.40927E-02
    6.85000E+02    4.26582E+00    1.40404E-02
    6.85100E+02    4.26958E+00    1.39876E-02
    6.85200E+02    4.27344E+00    1.39337E-02
    6.85300E+02    4.27742E+00    1.38784E-02
    6.85400E+02    4.28146E+00    1.38224E-02
    6.85500E+02    4.28564E+00    1.37648E-02
    6.85600E+02    4.29100E+00    1.36912E-02
    6.85700E+02    4.29411E+00    1.36487E-02
    6.85800E+02    4.29841E+00    1.35901E-02
    6.85900E+02    4.30522E+00    1.34979E-02
    6.86000E+02    4.30672E+00    1.34777E-02
    6.86100E+02    4.31083E+00    1.34224E-02
    6.86200E+02    4.31513E+00    1.33647E-02
    6.86300E+02    4.31942E+00    1.33077E-02
    6.86400E+02    4.32382E+00    1.32491E-02
    6.86500E+02    4.32838E+00    1.31889E-02
    6.86600E+02    4.33326E+00    1.31246E-02
    6.86700E+02    4.33776E+00    1.30658E-02
    6.86800E+02    4.34196E+00    1.30110E-02
    6.86900E+02    4.34656E+00    1.29513E-02
    6.87000E+02    4.35117E+00    1.28917E-02
    6.87100E+02    4.35588E+00    1.28311E-02
    6.87200E+02    4.36065E+00    1.27700E-02
    6.87300E+02    4.36549E+00    1.27085E-02
    6.87400E+02    4.37039E+00    1.26463E-02
    6.87500E+02    4.37523E+00    1.25853E-02
    6.87600E+02    4.38021E+00    1.25227E-02
    6.87700E+02    4.38542E+00    1.24576E-02
    6.87800E+02    4.39025E+00    1.23976E-02
    6.87900E+02    4.39540E+00    1.23340E-02
    6.88000E+02    4.40055E+00    1.22706E-02
    6.88100E+02    4.40580E+00    1.22063E-02
    6.88200E+02    4.41109E+00    1.21420E-02
    6.88300E+02    4.41649E+00    1.20765E-02
    6.88400E+02    4.42193E+00    1.20111E-02
    6.88500E+02    4.42744E+00    1.19451E-02
    6.88600E+02    4.43306E+00    1.18780E-02
    6.88700E+02    4.43872E+00    1.18110E-02
    6.88800E+02    4.44453E+00    1.17426E-02
    6.88900E+02    4.45042E+00    1.16736E-02
    6.89000E+02    4.45641E+00    1.16039E-02
    6.89100E+02    4.46247E+00    1.15339E-02
    6.89200E+02    4.46869E+00    1.14624E-02
    6.89300E+02    4.47520E+00    1.13879E-02
    6.89400E+02    4.48148E+00    1.13166E-02
    6.89500E+02    4.48806E+00    1.12424E-02
    6.89600E+02    4.49485E+00    1.11663E-02
    6.89700E+02    4.50207E+00    1.10860E-02
    6.89800E+02    4.50915E+00    1.10079E-02
    6.89900E+02    4.51626E+00    1.09299E-02
    6.90000E+02    4.52374E+00    1.08484E-02
    6.90100E+02    4.53152E+00    1.07643E-02
    6.90200E+02    4.53958E+00    1.06779E-02
    6.90300E+02    4.54800E+00    1.05884E-02
    6.90400E+02    4.55680E+00    1.04956E-02
    6.90500E+02    4.56591E+00    1.04004E-02
    6.90600E+02    4.57565E+00    1.02996E-02
    6.90700E+02    4.58641E+00    1.01893E-02
    6.90800E+02    4.59798E+00    1.00722E-02
    6.90900E+02    4.60726E+00    9.97911E-03
    6.91000E+02    4.61884E+00    9.86424E-03
    6.91100E+02    4.63198E+00    9.73549E-03
    6.91200E+02    4.64598E+00    9.60014E-03
    6.91300E+02    4.66749E+00    9.39578E-03
    6.91400E+02    4.68698E+00    9.21450E-03
    6.91500E+02    4.69254E+00    9.16334E-03
    6.91600E+02    4.70536E+00    9.04666E-03
    6.91700E+02    4.72393E+00    8.88025E-03
    6.91800E+02    4.72932E+00    8.83245E-03
    6.91900E+02    4.74387E+00    8.70489E-03
    6.92000E+02    4.76605E+00    8.51390E-03
    6.92100E+02    4.77613E+00    8.42852E-03
    6.92200E+02    4.80700E+00    8.17237E-03
    6.92300E+02    4.91522E+00    7.33410E-03
    6.92400E+02    5.06357E+00    6.32295E-03
    6.92500E+02    4.83279E+00    7.96425E-03
    6.92600E+02    4.79134E+00    8.30135E-03
    6.92700E+02    4.77639E+00    8.42633E-03
    6.92800E+02    4.77053E+00    8.47588E-03
    6.92900E+02    4.76856E+00    8.49259E-03
    6.93000E+02    4.77019E+00    8.47873E-03
    6.93100E+02    4.77583E+00    8.43109E-03
    6.93200E+02    4.78830E+00    8.32664E-03
    6.93300E+02    4.81874E+00    8.07695E-03
    6.93400E+02    4.92744E+00    7.24503E-03
    6.93500E+02    5.13547E+00    5.88428E-03
    6.93600E+02    4.85603E+00    7.78130E-03
    6.93700E+02    4.80955E+00    8.15154E-03
    6.93800E+02    4.79511E+00    8.27005E-03
    6.93900E+02    4.79099E+00    8.30421E-03
    6.94000E+02    4.79109E+00    8.30340E-03
    6.94100E+02    4.79357E+00    8.28283E-03
    6.94200E+02    4.79766E+00    8.24903E-03
    6.94300E+02    4.80333E+00    8.20239E-03
    6.94400E+02    4.81136E+00    8.13683E-03
    6.94500E+02    4.82298E+00    8.04278E-03
    6.94600E+02    4.84595E+00    7.86012E-03
    6.94700E+02    4.92549E+00    7.25916E-03
    6.94800E+02    4.98296E+00    6.85373E-03
    6.94900E+02    4.87092E+00    7.66629E-03
    6.95000E+02    4.85443E+00    7.79378E-03
    6.95100E+02    4.85340E+00    7.80178E-03
    6.95200E+02    4.85533E+00    7.78675E-03
    6.95300E+02    4.86012E+00    7.74954E-03
    6.95400E+02    4.86537E+00    7.70897E-03
    6.95500E+02    4.87150E+00    7.66190E-03
    6.95600E+02    4.87843E+00    7.60895E-03
    6.95700E+02    4.88606E+00    7.55108E-03
    6.95800E+02    4.89515E+00    7.48276E-03
    6.95900E+02    4.90760E+00    7.39018E-03
    6.96000E+02    4.92979E+00    7.22800E-03
    6.96100E+02    5.04489E+00    6.44219E-03
    6.96200E+02    4.93923E+00    7.16013E-03
    6.96300E+02    4.93456E+00    7.19362E-03
    6.96400E+02    4.93830E+00    7.16676E-03
    6.96500E+02    4.94422E+00    7.12446E-03
    6.96600E+02    4.95102E+00    7.07619E-03
    6.96700E+02    4.95857E+00    7.02295E-03
    6.96800E+02    4.96648E+00    6.96766E-03
    6.96900E+02    4.97479E+00    6.90994E-03
    6.97000E+02    4.98380E+00    6.84799E-03
    6.97100E+02    5.00027E+00    6.73611E-03
    6.97200E+02    4.99997E+00    6.73815E-03
    6.97300E+02    5.00787E+00    6.68515E-03
    6.97400E+02    5.01720E+00    6.62303E-03
    6.97500E+02    5.03572E+00    6.50150E-03
    6.97600E+02    5.03403E+00    6.51253E-03
    6.97700E+02    5.04233E+00    6.45871E-03
    6.97800E+02    5.05015E+00    6.40840E-03
    6.97900E+02    5.05856E+00    6.35468E-03
    6.98000E+02    5.06754E+00    6.29791E-03
    6.98100E+02    5.07648E+00    6.24181E-03
    6.98200E+02    5.08541E+00    6.18635E-03
    6.98300E+02    5.09497E+00    6.12749E-03
    6.98400E+02    5.10433E+00    6.07038E-03
    6.98500E+02    5.11389E+00    6.01263E-03
    6.98600E+02    5.12428E+00    5.95051E-03
    6.98700E+02    5.13592E+00    5.88164E-03
    6.98800E+02    5.14814E+00    5.81018E-03
    6.98900E+02    5.17045E+00    5.68202E-03
    6.99000E+02    5.22331E+00    5.38946E-03
    6.99100E+02    5.18231E+00    5.61503E-03
    6.99200E+02    5.18482E+00    5.60095E-03
    6.99300E+02    5.19265E+00    5.55725E-03
    6.99400E+02    5.20141E+00    5.50879E-03
    6.99500E+02    5.21093E+00    5.45659E-03
    6.99600E+02    5.22111E+00    5.40135E-03
    6.99700E+02    5.23119E+00    5.34715E-03
    6.99800E+02    5.24179E+00    5.29078E-03
    6.99900E+02    5.25267E+00    5.23353E-03
    7.00000E+02    5.26387E+00    5.17526E-03
    7.00100E+02    5.27568E+00    5.11448E-03
    7.00200E+02    5.28780E+00    5.05286E-03
    7.00300E+02    5.30126E+00    4.98529E-03
    7.00400E+02    5.31667E+00    4.90907E-03
    7.00500E+02    5.33483E+00    4.82073E-03
    7.00600E+02    5.36191E+00    4.69196E-03
    7.00700E+02    5.41812E+00    4.43548E-03
    7.00800E+02    5.59926E+00    3.70061E-03
    7.00900E+02    5.63814E+00    3.55949E-03
    7.01000E+02    5.45080E+00    4.29288E-03
    7.01100E+02    5.42237E+00    4.41665E-03
    7.01200E+02    5.42344E+00    4.41192E-03
    7.01300E+02    5.44891E+00    4.30099E-03
    7.01400E+02    5.48461E+00    4.15017E-03
    7.01500E+02    5.55021E+00    3.88666E-03
    7.01600E+02    5.46450E+00    4.23445E-03
    7.01700E+02    5.45960E+00    4.25525E-03
    7.01800E+02    5.46540E+00    4.23067E-03
    7.01900E+02    5.47407E+00    4.19414E-03
    7.02000E+02    5.48404E+00    4.15253E-03
    7.02100E+02    5.49503E+00    4.10713E-03
    7.02200E+02    5.50596E+00    4.06249E-03
    7.02300E+02    5.51743E+00    4.01614E-03
    7.02400E+02    5.52859E+00    3.97159E-03
    7.02500E+02    5.54058E+00    3.92427E-03
    7.02600E+02    5.55274E+00    3.87682E-03
    7.02700E+02    5.56757E+00    3.81976E-03
    7.02800E+02    5.57707E+00    3.78363E-03
    7.02900E+02    5.58922E+00    3.73793E-03
    7.03000E+02    5.60137E+00    3.69281E-03
    7.03100E+02    5.61369E+00    3.64758E-03
    7.03200E+02    5.62617E+00    3.60236E-03
    7.03300E+02    5.63881E+00    3.55709E-03
    7.03400E+02    5.65140E+00    3.51261E-03
    7.03500E+02    5.66431E+00    3.46755E-03
    7.03600E+02    5.67738E+00    3.42253E-03
    7.03700E+02    5.69051E+00    3.37788E-03
    7.03800E+02    5.70389E+00    3.33297E-03
    7.03900E+02    5.71699E+00    3.28959E-03
    7.04000E+02    5.73041E+00    3.24574E-03
    7.04100E+02    5.74425E+00    3.20113E-03
    7.04200E+02    5.75767E+00    3.15846E-03
    7.04300E+02    5.77161E+00    3.11472E-03
    7.04400E+02    5.78533E+00    3.07230E-03
    7.04500E+02    5.79913E+00    3.03018E-03
    7.04600E+02    5.81335E+00    2.98741E-03
    7.04700E+02    5.82756E+00    2.94526E-03
    7.04800E+02    5.84179E+00    2.90364E-03
    7.04900E+02    5.85605E+00    2.86253E-03
    7.05000E+02    5.87063E+00    2.82110E-03
    7.05100E+02    5.88534E+00    2.77990E-03
    7.05200E+02    5.89991E+00    2.73970E-03
    7.05300E+02    5.91490E+00    2.69893E-03
    7.05400E+02    5.92993E+00    2.65867E-03
    7.05500E+02    5.94513E+00    2.61857E-03
    7.05600E+02    5.96014E+00    2.57955E-03
    7.05700E+02    5.97555E+00    2.54010E-03
    7.05800E+02    5.99101E+00    2.50114E-03
    7.05900E+02    6.00656E+00    2.46255E-03
    7.06000E+02    6.02291E+00    2.42262E-03
    7.06100E+02    6.03792E+00    2.38651E-03
    7.06200E+02    6.05379E+00    2.34894E-03
    7.06300E+02    6.06968E+00    2.31190E-03
    7.06400E+02    6.08562E+00    2.27534E-03
    7.06500E+02    6.10183E+00    2.23876E-03
    7.06600E+02    6.11858E+00    2.20157E-03
    7.06700E+02    6.13512E+00    2.16547E-03
    7.06800E+02    6.15184E+00    2.12956E-03
    7.06900E+02    6.16845E+00    2.09448E-03
    7.07000E+02    6.18534E+00    2.05941E-03
    7.07100E+02    6.20292E+00    2.02351E-03
    7.07200E+02    6.21989E+00    1.98946E-03
    7.07300E+02    6.23747E+00    1.95479E-03
    7.07400E+02    6.25430E+00    1.92217E-03
    7.07500E+02    6.27234E+00    1.88781E-03
    7.07600E+02    6.29022E+00    1.85434E-03
    7.07700E+02    6.30845E+00    1.82085E-03
    7.07800E+02    6.32751E+00    1.78647E-03
    7.07900E+02    6.34722E+00    1.75162E-03
    7.08000E+02    6.37085E+00    1.71071E-03
    7.08100E+02    6.41520E+00    1.63649E-03
    7.08200E+02    6.42721E+00    1.61695E-03
    7.08300E+02    6.42618E+00    1.61863E-03
    7.08400E+02    6.44125E+00    1.59441E-03
    7.08500E+02    6.45791E+00    1.56807E-03
    7.08600E+02    6.47713E+00    1.53823E-03
    7.08700E+02    6.49588E+00    1.50964E-03
    7.08800E+02    6.51490E+00    1.48120E-03
    7.08900E+02    6.53469E+00    1.45218E-03
    7.09000E+02    6.55474E+00    1.42335E-03
    7.09100E+02    6.57501E+00    1.39479E-03
    7.09200E+02    6.59591E+00    1.36594E-03
    7.09300E+02    6.61736E+00    1.33695E-03
    7.09400E+02    6.64036E+00    1.30655E-03
    7.09500E+02    6.66703E+00    1.27217E-03
    7.09600E+02    6.71799E+00    1.20896E-03
    7.09700E+02    6.72622E+00    1.19906E-03
    7.09800E+02    6.72937E+00    1.19528E-03
    7.09900E+02    6.74681E+00    1.17462E-03
    7.10000E+02    6.76708E+00    1.15105E-03
    7.10100E+02    6.78864E+00    1.12650E-03
    7.10200E+02    6.81074E+00    1.10188E-03
    7.10300E+02    6.83313E+00    1.07748E-03
    7.10400E+02    6.85611E+00    1.05300E-03
    7.10500E+02    6.87965E+00    1.02850E-03
    7.10600E+02    6.90306E+00    1.00471E-03
    7.10700E+02    6.92734E+00    9.80607E-04
    7.10800E+02    6.95192E+00    9.56801E-04
    7.10900E+02    6.97678E+00    9.33308E-04
    7.11000E+02    7.00341E+00    9.08782E-04
    7.11100E+02    7.02826E+00    8.86473E-04
    7.11200E+02    7.05545E+00    8.62696E-04
    7.11300E+02    7.08477E+00    8.37772E-04
    7.11400E+02    7.12269E+00    8.06593E-04
    7.11500E+02    7.25386E+00    7.07441E-04
    7.11600E+02    7.17544E+00    7.65150E-04
    7.11700E+02    7.19391E+00    7.51146E-04
    7.11800E+02    7.22009E+00    7.31740E-04
    7.11900E+02    7.24765E+00    7.11847E-04
    7.12000E+02    7.27696E+00    6.91282E-04
    7.12100E+02    7.30715E+00    6.70728E-04
    7.12200E+02    7.33845E+00    6.50057E-04
    7.12300E+02    7.37082E+00    6.29351E-04
    7.12400E+02    7.40406E+00    6.08777E-04
    7.12500E+02    7.43824E+00    5.88319E-04
    7.12600E+02    7.47365E+00    5.67853E-04
    7.12700E+02    7.51050E+00    5.47308E-04
    7.12800E+02    7.54882E+00    5.26731E-04
    7.12900E+02    7.58921E+00    5.05883E-04
    7.13000E+02    7.63018E+00    4.85572E-04
    7.13100E+02    7.67402E+00    4.64745E-04
    7.13200E+02    7.72058E+00    4.43605E-04
    7.13300E+02    7.76961E+00    4.22377E-04
    7.13400E+02    7.82207E+00    4.00793E-04
    7.13500E+02    7.87686E+00    3.79421E-04
    7.13600E+02    7.93680E+00    3.57349E-04
    7.13700E+02    8.00201E+00    3.34788E-04
    7.13800E+02    8.07314E+00    3.11804E-04
    7.13900E+02    8.15167E+00    2.88253E-04
    7.14000E+02    8.23873E+00    2.64218E-04
    7.14100E+02    8.33675E+00    2.39550E-04
    7.14200E+02    8.44828E+00    2.14268E-04
    7.14300E+02    8.57843E+00    1.88120E-04
    7.14400E+02    8.72559E+00    1.62378E-04
    7.14500E+02    8.89768E+00    1.36706E-04
    7.14600E+02    9.10486E+00    1.11124E-04
    7.14700E+02    9.35741E+00    8.63232E-05
    7.14800E+02    9.66984E+00    6.31601E-05
    7.14900E+02    1.00663E+01    4.24886E-05
    7.15000E+02    1.05865E+01    2.52547E-05
    7.15100E+02    1.13016E+01    1.23526E-05
    7.15200E+02    1.23664E+01    4.25925E-06
    7.15300E+02    1.42539E+01    6.45066E-07
    7.15400E+02    2.00921E+01    1.87984E-09
    7.15500E+02    1.39805E+01    8.47904E-07
    7.15600E+02    1.23281E+01    4.42570E-06
    7.15700E+02    1.13892E+01    1.13168E-05
    7.15800E+02    1.07701E+01    2.10189E-05
    7.15900E+02    1.03330E+01    3.25424E-05
    7.16000E+02    1.00126E+01    4.48310E-05
    7.16100E+02    9.77256E+00    5.69940E-05
    7.16200E+02    9.59044E+00    6.83792E-05
    7.16300E+02    9.45085E+00    7.86223E-05
    7.16400E+02    9.34420E+00    8.74713E-05
    7.16500E+02    9.26351E+00    9.48219E-05
    7.16600E+02    9.20262E+00    1.00775E-04
    7.16700E+02    9.16021E+00    1.05141E-04
    7.16800E+02    9.14642E+00    1.06601E-04
    7.16900E+02    9.11152E+00    1.10387E-04
    7.17000E+02    9.09016E+00    1.12770E-04
    7.17100E+02    9.08187E+00    1.13709E-04
    7.17200E+02    9.08129E+00    1.13774E-04
    7.17300E+02    9.08593E+00    1.13249E-04
    7.17400E+02    9.09531E+00    1.12190E-04
    7.17500E+02    9.10885E+00    1.10682E-04
    7.17600E+02    9.12615E+00    1.08784E-04
    7.17700E+02    9.14693E+00    1.06547E-04
    7.17800E+02    9.17149E+00    1.03962E-04
    7.17900E+02    9.20067E+00    1.00972E-04
    7.18000E+02    9.23679E+00    9.73894E-05
    7.18100E+02    9.28835E+00    9.24957E-05
    7.18200E+02    9.39811E+00    8.28805E-05
    7.18300E+02    1.01282E+01    3.99382E-05
    7.18400E+02    9.46025E+00    7.78871E-05
    7.18500E+02    9.41106E+00    8.18141E-05
    7.18600E+02    9.42080E+00    8.10210E-05
    7.18700E+02    9.44508E+00    7.90775E-05
    7.18800E+02    9.47551E+00    7.67078E-05
    7.18900E+02    9.51017E+00    7.40944E-05
    7.19000E+02    9.54584E+00    7.14981E-05
    7.19100E+02    9.58383E+00    6.88331E-05
    7.19200E+02    9.62366E+00    6.61450E-05
    7.19300E+02    9.66549E+00    6.34350E-05
    7.19400E+02    9.71017E+00    6.06635E-05
    7.19500E+02    9.76031E+00    5.76967E-05
    7.19600E+02    9.82277E+00    5.42031E-05
    7.19700E+02    9.93538E+00    4.84305E-05
    7.19800E+02    1.04448E+01    2.90996E-05
    7.19900E+02    1.00032E+01    4.52537E-05
    7.20000E+02    9.99162E+00    4.57821E-05
    7.20100E+02    1.00184E+01    4.45705E-05
    7.20200E+02    1.00558E+01    4.29355E-05
    7.20300E+02    1.00979E+01    4.11663E-05
    7.20400E+02    1.01423E+01    3.93766E-05
    7.20500E+02    1.01892E+01    3.75726E-05
    7.20600E+02    1.02355E+01    3.58755E-05
    7.20700E+02    1.02832E+01    3.42012E-05
    7.20800E+02    1.03321E+01    3.25717E-05
    7.20900E+02    1.03812E+01    3.10098E-05
    7.21000E+02    1.04316E+01    2.94867E-05
    7.21100E+02    1.04824E+01    2.80268E-05
    7.21200E+02    1.05343E+01    2.66082E-05
    7.21300E+02    1.05863E+01    2.52605E-05
    7.21400E+02    1.06390E+01    2.39630E-05
    7.21500E+02    1.06926E+01    2.27114E-05
    7.21600E+02    1.07473E+01    2.15028E-05
    7.21700E+02    1.08028E+01    2.03430E-05
    7.21800E+02    1.08577E+01    1.92556E-05
    7.21900E+02    1.09135E+01    1.82099E-05
    7.22000E+02    1.09704E+01    1.72040E-05
    7.22100E+02    1.10282E+01    1.62374E-05
    7.22200E+02    1.10863E+01    1.53206E-05
    7.22300E+02    1.11454E+01    1.44417E-05
    7.22400E+02    1.12054E+01    1.36004E-05
    7.22500E+02    1.12664E+01    1.27958E-05
    7.22600E+02    1.13282E+01    1.20287E-05
    7.22700E+02    1.13912E+01    1.12941E-05
    7.22800E+02    1.14561E+01    1.05842E-05
    7.22900E+02    1.15240E+01    9.89035E-06
    7.23000E+02    1.16063E+01    9.10815E-06
    7.23100E+02    1.16717E+01    8.53149E-06
    7.23200E+02    1.17652E+01    7.77061E-06
    7.23300E+02    1.19389E+01    6.53129E-06
    7.23400E+02    1.22722E+01    4.68013E-06
    7.23500E+02    1.20017E+01    6.13348E-06
    7.23600E+02    1.20128E+01    6.06615E-06
    7.23700E+02    1.20611E+01    5.78020E-06
    7.23800E+02    1.21204E+01    5.44727E-06
    7.23900E+02    1.21854E+01    5.10426E-06
    7.24000E+02    1.22527E+01    4.77207E-06
    7.24100E+02    1.23219E+01    4.45315E-06
    7.24200E+02    1.23929E+01    4.14811E-06
    7.24300E+02    1.24650E+01    3.85955E-06
    7.24400E+02    1.25387E+01    3.58527E-06
    7.24500E+02    1.26122E+01    3.33113E-06
    7.24600E+02    1.26873E+01    3.09013E-06
    7.24700E+02    1.27630E+01    2.86492E-06
    7.24800E+02    1.28401E+01    2.65216E-06
    7.24900E+02    1.29179E+01    2.45363E-06
    7.25000E+02    1.29969E+01    2.26732E-06
    7.25100E+02    1.30767E+01    2.09348E-06
    7.25200E+02    1.31576E+01    1.93083E-06
    7.25300E+02    1.32392E+01    1.77953E-06
    7.25400E+02    1.33221E+01    1.63797E-06
    7.25500E+02    1.34073E+01    1.50408E-06
    7.25600E+02    1.34907E+01    1.38382E-06
    7.25700E+02    1.35762E+01    1.27038E-06
    7.25800E+02    1.36629E+01    1.16484E-06
    7.25900E+02    1.37508E+01    1.06685E-06
    7.26000E+02    1.38398E+01    9.76034E-07
    7.26100E+02    1.39300E+01    8.91821E-07
    7.26200E+02    1.40215E+01    8.13806E-07
    7.26300E+02    1.41146E+01    7.41479E-07
    7.26400E+02    1.42100E+01    6.74055E-07
    7.26500E+02    1.43099E+01    6.09930E-07
    7.26600E+02    1.44318E+01    5.39924E-07
    7.26700E+02    1.45217E+01    4.93531E-07
    7.26800E+02    1.45987E+01    4.56941E-07
    7.26900E+02    1.46932E+01    4.15760E-07
    7.27000E+02    1.47935E+01    3.76062E-07
    7.27100E+02    1.49079E+01    3.35404E-07
    7.27200E+02    1.49957E+01    3.07233E-07
    7.27300E+02    1.50969E+01    2.77663E-07
    7.27400E+02    1.52010E+01    2.50198E-07
    7.27500E+02    1.53074E+01    2.24953E-07
    7.27600E+02    1.54154E+01    2.01924E-07
    7.27700E+02    1.55237E+01    1.81197E-07
    7.27800E+02    1.56338E+01    1.62304E-07
    7.27900E+02    1.57457E+01    1.45123E-07
    7.28000E+02    1.58590E+01    1.29574E-07
    7.28100E+02    1.59735E+01    1.15558E-07
    7.28200E+02    1.60903E+01    1.02819E-07
    7.28300E+02    1.62085E+01    9.13595E-08
    7.28400E+02    1.63265E+01    8.11896E-08
    7.28500E+02    1.64471E+01    7.19619E-08
    7.28600E+02    1.65694E+01    6.36800E-08
    7.28700E+02    1.66935E+01    5.62482E-08
    7.28800E+02    1.68192E+01    4.96014E-08
    7.28900E+02    1.69465E+01    4.36733E-08
    7.29000E+02    1.70753E+01    3.83949E-08
    7.29100E+02    1.72065E+01    3.36766E-08
    7.29200E+02    1.73388E+01    2.95023E-08
    7.29300E+02    1.74735E+01    2.57847E-08
    7.29400E+02    1.76101E+01    2.24918E-08
    7.29500E+02    1.77485E+01    1.95851E-08
    7.29600E+02    1.78886E+01    1.70242E-08
    7.29700E+02    1.80314E+01    1.47594E-08
    7.29800E+02    1.81775E+01    1.27525E-08
    7.29900E+02    1.83299E+01    1.09499E-08
    7.30000E+02    1.85370E+01    8.90233E-09
    7.30100E+02    1.86323E+01    8.09282E-09
    7.30200E+02    1.87777E+01    6.99765E-09
    7.30300E+02    1.89292E+01    6.01376E-09
    7.30400E+02    1.90851E+01    5.14584E-09
    7.30500E+02    1.92456E+01    4.38277E-09
    7.30600E+02    1.94177E+01    3.68992E-09
    7.30700E+02    1.95733E+01    3.15799E-09
    7.30800E+02    1.97416E+01    2.66891E-09
    7.30900E+02    1.99146E+01    2.24496E-09
    7.31000E+02    2.00928E+01    1.87846E-09
    7.31100E+02    2.02807E+01    1.55670E-09
    7.31200E+02    2.04876E+01    1.26571E-09
    7.31300E+02    2.06256E+01    1.10258E-09
    7.31400E+02    2.07914E+01    9.34103E-10
    7.31500E+02    2.09649E+01    7.85337E-10
    7.31600E+02    2.11436E+01    6.56816E-10
    7.31700E+02    2.13262E+01    5.47196E-10
    7.31800E+02    2.15130E+01    4.53981E-10
    7.31900E+02    2.17032E+01    3.75328E-10
    7.32000E+02    2.18965E+01    3.09380E-10
    7.32100E+02    2.20936E+01    2.54024E-10
    7.32200E+02    2.22935E+01    2.07988E-10
    7.32300E+02    2.24973E+01    1.69652E-10
    7.32400E+02    2.27041E+01    1.37959E-10
    7.32500E+02    2.29148E+01    1.11751E-10
    7.32600E+02    2.31291E+01    9.01927E-11
    7.32700E+02    2.33455E+01    7.26393E-11
    7.32800E+02    2.35661E+01    5.82589E-11
    7.32900E+02    2.37904E+01    4.65534E-11
    7.33000E+02    2.40181E+01    3.70756E-11
    7.33100E+02    2.42497E+01    2.94092E-11
    7.33200E+02    2.44854E+01    2.32351E-11
    7.33300E+02    2.47246E+01    1.82903E-11
    7.33400E+02    2.49679E+01    1.43408E-11
    7.33500E+02    2.52157E+01    1.11936E-11
    7.33600E+02    2.54674E+01    8.70224E-12
    7.33700E+02    2.57233E+01    6.73768E-12
    7.33800E+02    2.59839E+01    5.19203E-12
    7.33900E+02    2.62498E+01    3.97958E-12
    7.34000E+02    2.65217E+01    3.03241E-12
    7.34100E+02    2.67999E+01    2.29593E-12
    7.34200E+02    2.70902E+01    1.71742E-12
    7.34300E+02    2.74156E+01    1.24039E-12
    7.34400E+02    2.79292E+01    7.42179E-13
    7.34500E+02    2.79805E+01    7.05036E-13
    7.34600E+02    2.82460E+01    5.40655E-13
    7.34700E+02    2.85390E+01    4.03337E-13
    7.34800E+02    2.88446E+01    2.97146E-13
    7.34900E+02    2.91644E+01    2.15814E-13
    7.35000E+02    2.95735E+01    1.43346E-13
    7.35100E+02    2.98059E+01    1.13623E-13
    7.35200E+02    3.01238E+01    8.26828E-14
    7.35300E+02    3.04556E+01    5.93313E-14
    7.35400E+02    3.07957E+01    4.22289E-14
    7.35500E+02    3.11430E+01    2.98369E-14
    7.35600E+02    3.14965E+01    2.09526E-14
    7.35700E+02    3.18566E+01    1.46169E-14
    7.35800E+02    3.22242E+01    1.01208E-14
    7.35900E+02    3.25983E+01    6.96183E-15
    7.36000E+02    3.29795E+01    4.75519E-15
    7.36100E+02    3.33684E+01    3.22327E-15
    7.36200E+02    3.37646E+01    2.16875E-15
    7.36300E+02    3.41695E+01    1.44670E-15
    7.36400E+02    3.45857E+01    9.54160E-16
    7.36500E+02    3.50248E+01    6.15044E-16
    7.36600E+02    3.54297E+01    4.10262E-16
    7.36700E+02    3.58629E+01    2.66044E-16
    7.36800E+02    3.63062E+01    1.70771E-16
    7.36900E+02    3.67576E+01    1.08737E-16
    7.37000E+02    3.72213E+01    6.83914E-17
    7.37100E+02    3.76924E+01    4.26988E-17
    7.37200E+02    3.81751E+01    2.63489E-17
    7.37300E+02    3.86663E+01    1.61222E-17
    7.37400E+02    3.91658E+01    9.78403E-18
    7.37500E+02    3.96760E+01    5.87379E-18
    7.37600E+02    4.02006E+01    3.47632E-18
    7.37700E+02    4.07323E+01    2.04255E-18
    7.37800E+02    4.12749E+01    1.18727E-18
    7.37900E+02    4.18317E+01    6.80332E-19
    7.38000E+02    4.23994E+01    3.85645E-19
    7.38100E+02    4.29776E+01    2.16301E-19
    7.38200E+02    4.35703E+01    1.19578E-19
    7.38300E+02    4.41772E+01    6.51754E-20
    7.38400E+02    4.47950E+01    3.51379E-20
    7.38500E+02    4.54272E+01    1.86728E-20
    7.38600E+02    4.60738E+01    9.78178E-21
    7.38700E+02    4.67347E+01    5.05093E-21
    7.38800E+02    4.74136E+01    2.56175E-21
    7.38900E+02    4.81034E+01    1.28511E-21
    7.39000E+02    4.88113E+01    6.33180E-22
    7.39100E+02    4.95372E+01    3.06386E-22
    7.39200E+02    5.02779E+01    1.46085E-22
    7.39300E+02    5.10368E+01    6.83940E-23
    7.39400E+02    5.18138E+01    3.14464E-23
    7.39500E+02    5.26084E+01    1.42061E-23
    7.39600E+02    5.34252E+01    6.27650E-24
    7.39700E+02    5.42575E+01    2.73073E-24
    7.39800E+02    5.51159E+01    1.15737E-24
    7.39900E+02    5.59945E+01    4.80726E-25
    7.40000E+02    5.69044E+01    1.93523E-25
    7.40100E+02    5.78369E+01    7.61632E-26
    7.40200E+02    5.88148E+01    2.86449E-26
    7.40300E+02    5.99142E+01    9.54071E-27
    7.40400E+02    6.10724E+01    2.99637E-27
    7.40500E+02    6.18146E+01    1.42647E-27
    7.40600E+02    6.28069E+01    5.28814E-28
    7.40700E+02    6.38619E+01    1.84140E-28
    7.40800E+02    6.49523E+01    6.18860E-29
    7.40900E+02    6.60799E+01    2.00382E-29
    7.41000E+02    6.72391E+01    6.28672E-30
    7.41100E+02    6.84290E+01    1.91273E-30
    7.41200E+02    6.96564E+01    5.60540E-31
    7.41300E+02    7.09180E+01    1.58741E-31
    7.41400E+02    7.22138E+01    4.34443E-32
    7.41500E+02    7.35492E+01    1.14281E-32
    7.41600E+02    7.49215E+01    2.89726E-33
    7.41700E+02    7.63321E+01    7.06963E-34
    7.41800E+02    7.77878E+01    1.64894E-34
    7.41900E+02    7.92887E+01    3.67585E-35
    7.42000E+02    8.08318E+01    7.85577E-36
    7.42100E+02    8.24252E+01    1.59658E-36
    7.42200E+02    8.40748E+01    3.06732E-37
    7.42300E+02    8.57816E+01    5.56570E-38
    7.42400E+02    8.75043E+01    9.93984E-39
    7.42500E+02    8.93013E+01    1.64785E-39
    7.42600E+02    9.11622E+01    2.56319E-40
    7.42700E+02    9.30819E+01    3.75864E-41
    7.42800E+02    9.50728E+01    5.13350E-42
    7.42900E+02    9.71170E+01    6.64715E-43
    7.43000E+02    9.92381E+01    7.96979E-44
    7.43100E+02    1.01440E+02    8.81823E-45
    7.43200E+02    1.03721E+02    9.00702E-46
    7.43300E+02    1.06047E+02    8.79898E-47
    7.43400E+02    1.08476E+02    7.75059E-48
    7.43500E+02    1.10993E+02    6.25770E-49
    7.43600E+02    1.13600E+02    4.61530E-50
    7.43700E+02    1.16306E+02    3.08388E-51
    7.43800E+02    1.19107E+02    1.87316E-52
    7.43900E+02    1.22014E+02    1.02330E-53
    7.44000E+02    1.25031E+02    5.00989E-55
    7.44100E+02    1.28160E+02    2.19084E-56
    7.44200E+02    1.31406E+02    8.53224E-58
    7.44300E+02    1.34774E+02    2.94074E-59
    7.44400E+02    1.38265E+02    8.95760E-61
    7.44500E+02    1.41885E+02    2.39855E-62
    7.44600E+02    1.45634E+02    5.64642E-64
    7.44700E+02    1.49523E+02    1.15634E-65
    7.44800E+02    1.53541E+02    2.07960E-67
    7.44900E+02    1.57701E+02    3.24700E-69
    7.45000E+02    1.61992E+02    4.44355E-71
    7.45100E+02    1.66418E+02    5.31453E-73
    7.45200E+02    1.70976E+02    5.57548E-75
    7.45300E+02    1.75656E+02    5.17171E-77
    7.45400E+02    1.80443E+02    4.31058E-79
    7.45500E+02    1.85360E+02    3.15744E-81
    7.45600E+02    1.90449E+02    1.94550E-83
    7.45700E+02    1.95730E+02    9.89898E-86
    7.45800E+02    2.01232E+02    4.03527E-88
    7.45900E+02    2.06984E+02    1.28184E-90
    7.46000E+02    2.12949E+02    3.29210E-93
    7.46100E+02    2.19220E+02    6.22242E-96
    7.46200E+02    2.25802E+02    8.61603E-99
    7.46300E+02    2.32715E+02    8.57054E-100
    7.46400E+02    2.39985E+02    5.97103E-100
    7.46500E+02    2.47719E+02    2.61136E-100
    7.46600E+02    2.55666E+02    9.23687E-100
    7.46700E+02    2.64125E+02    1.95777E-100
    7.46800E+02    2.73131E+02    2.40296E-100
    7.46900E+02    2.82742E+02    1.60929E-100
    7.47000E+02    2.92323E+02    1.11134E-100
    7.47100E+02    3.02704E+02    3.44520E-100
    7.47200E+02    3.13699E+02    5.78613E-100
    7.47300E+02    3.25327E+02    5.15457E-100
    7.47400E+02    3.37607E+02    2.39489E-100
    7.47500E+02    3.50597E+02    5.46790E-100
    7.47600E+02    3.64340E+02    5.87849E-100
    7.47700E+02    3.78914E+02    2.75331E-100
    7.47800E+02    3.94336E+02    5.52327E-100
    7.47900E+02    4.10674E+02    4.43205E-100
    7.48000E+02    4.28031E+02    1.28325E-100
    7.48100E+02    4.46477E+02    1.25197E-100
    7.48200E+02    4.66044E+02    3.97672E-100
    7.48300E+02    4.86869E+02    3.59158E-100
    7.48400E+02    5.09025E+02    8.57519E-100
    7.48500E+02    5.32669E+02    4.62140E-100
    7.48600E+02    5.57867E+02    5.26645E-100
    7.48700E+02    5.85126E+02    7.64202E-100
    7.48800E+02    6.13424E+02    3.92103E-100
    7.48900E+02    6.44005E+02    2.05136E-100
    7.49000E+02    6.76803E+02    1.16988E-100
    7.49100E+02    7.11959E+02    6.31140E-100
    7.49200E+02    7.49640E+02    0.00000E+00
    7.49300E+02    7.90091E+02    0.00000E+00
    7.49400E+02    8.33485E+02    0.00000E+00
    7.49500E+02    8.80138E+02    0.00000E+00
    7.49600E+02    9.30260E+02    0.00000E+00
    7.49700E+02    9.84165E+02    0.00000E+00
    7.49800E+02    1.04217E+03    0.00000E+00
    7.49900E+02    1.10452E+03    0.00000E+00

