#	Freq	Err	Trans
    2.99900E+02    4.61839E-01    6.30124E-01
    3.00000E+02    4.62455E-01    6.29736E-01
    3.00100E+02    4.63247E-01    6.29237E-01
    3.00200E+02    4.64028E-01    6.28746E-01
    3.00300E+02    4.64985E-01    6.28144E-01
    3.00400E+02    4.66356E-01    6.27284E-01
    3.00500E+02    4.68719E-01    6.25803E-01
    3.00600E+02    4.75093E-01    6.21827E-01
    3.00700E+02    4.98765E-01    6.07280E-01
    3.00800E+02    4.74161E-01    6.22407E-01
    3.00900E+02    4.71525E-01    6.24050E-01
    3.01000E+02    4.71346E-01    6.24162E-01
    3.01100E+02    4.71921E-01    6.23803E-01
    3.01200E+02    4.73020E-01    6.23118E-01
    3.01300E+02    4.74724E-01    6.22057E-01
    3.01400E+02    4.77298E-01    6.20458E-01
    3.01500E+02    4.81589E-01    6.17801E-01
    3.01600E+02    4.90201E-01    6.12503E-01
    3.01700E+02    5.14241E-01    5.97954E-01
    3.01800E+02    6.80602E-01    5.06312E-01
    3.01900E+02    5.29854E-01    5.88691E-01
    3.02000E+02    4.96826E-01    6.08459E-01
    3.02100E+02    4.87526E-01    6.14144E-01
    3.02200E+02    4.83985E-01    6.16322E-01
    3.02300E+02    4.82587E-01    6.17185E-01
    3.02400E+02    4.82215E-01    6.17414E-01
    3.02500E+02    4.82514E-01    6.17230E-01
    3.02600E+02    4.83170E-01    6.16825E-01
    3.02700E+02    4.84252E-01    6.16158E-01
    3.02800E+02    4.86076E-01    6.15035E-01
    3.02900E+02    4.89370E-01    6.13013E-01
    3.03000E+02    4.96776E-01    6.08489E-01
    3.03100E+02    5.22675E-01    5.92932E-01
    3.03200E+02    5.48317E-01    5.77921E-01
    3.03300E+02    5.02654E-01    6.04923E-01
    3.03400E+02    4.94151E-01    6.10088E-01
    3.03500E+02    4.91578E-01    6.11660E-01
    3.03600E+02    4.90978E-01    6.12028E-01
    3.03700E+02    4.90478E-01    6.12333E-01
    3.03800E+02    4.90690E-01    6.12204E-01
    3.03900E+02    4.91183E-01    6.11902E-01
    3.04000E+02    4.91776E-01    6.11539E-01
    3.04100E+02    4.92485E-01    6.11106E-01
    3.04200E+02    4.93280E-01    6.10620E-01
    3.04300E+02    4.94148E-01    6.10090E-01
    3.04400E+02    4.95089E-01    6.09516E-01
    3.04500E+02    4.96114E-01    6.08892E-01
    3.04600E+02    4.97257E-01    6.08197E-01
    3.04700E+02    4.98619E-01    6.07369E-01
    3.04800E+02    5.00905E-01    6.05982E-01
    3.04900E+02    5.00720E-01    6.06094E-01
    3.05000E+02    5.00907E-01    6.05981E-01
    3.05100E+02    5.01454E-01    6.05649E-01
    3.05200E+02    5.02062E-01    6.05281E-01
    3.05300E+02    5.02777E-01    6.04849E-01
    3.05400E+02    5.03549E-01    6.04382E-01
    3.05500E+02    5.04363E-01    6.03890E-01
    3.05600E+02    5.05216E-01    6.03375E-01
    3.05700E+02    5.06093E-01    6.02846E-01
    3.05800E+02    5.06997E-01    6.02301E-01
    3.05900E+02    5.07938E-01    6.01735E-01
    3.06000E+02    5.08909E-01    6.01151E-01
    3.06100E+02    5.09842E-01    6.00591E-01
    3.06200E+02    5.10828E-01    5.99999E-01
    3.06300E+02    5.11826E-01    5.99400E-01
    3.06400E+02    5.12851E-01    5.98786E-01
    3.06500E+02    5.13873E-01    5.98174E-01
    3.06600E+02    5.14925E-01    5.97545E-01
    3.06700E+02    5.15994E-01    5.96907E-01
    3.06800E+02    5.17089E-01    5.96254E-01
    3.06900E+02    5.18273E-01    5.95548E-01
    3.07000E+02    5.19338E-01    5.94914E-01
    3.07100E+02    5.20432E-01    5.94264E-01
    3.07200E+02    5.21589E-01    5.93577E-01
    3.07300E+02    5.23088E-01    5.92687E-01
    3.07400E+02    5.24356E-01    5.91937E-01
    3.07500E+02    5.25728E-01    5.91125E-01
    3.07600E+02    5.26727E-01    5.90535E-01
    3.07700E+02    5.27899E-01    5.89843E-01
    3.07800E+02    5.29131E-01    5.89117E-01
    3.07900E+02    5.30396E-01    5.88372E-01
    3.08000E+02    5.31676E-01    5.87619E-01
    3.08100E+02    5.32982E-01    5.86852E-01
    3.08200E+02    5.34321E-01    5.86067E-01
    3.08300E+02    5.35691E-01    5.85265E-01
    3.08400E+02    5.37127E-01    5.84425E-01
    3.08500E+02    5.38842E-01    5.83423E-01
    3.08600E+02    5.40669E-01    5.82358E-01
    3.08700E+02    5.41459E-01    5.81899E-01
    3.08800E+02    5.42947E-01    5.81034E-01
    3.08900E+02    5.44472E-01    5.80148E-01
    3.09000E+02    5.45793E-01    5.79382E-01
    3.09100E+02    5.47316E-01    5.78500E-01
    3.09200E+02    5.48940E-01    5.77562E-01
    3.09300E+02    5.50586E-01    5.76612E-01
    3.09400E+02    5.52393E-01    5.75571E-01
    3.09500E+02    5.53926E-01    5.74689E-01
    3.09600E+02    5.55730E-01    5.73653E-01
    3.09700E+02    5.57719E-01    5.72514E-01
    3.09800E+02    5.60092E-01    5.71157E-01
    3.09900E+02    5.63373E-01    5.69286E-01
    3.10000E+02    5.71287E-01    5.64798E-01
    3.10100E+02    5.78597E-01    5.60684E-01
    3.10200E+02    5.69499E-01    5.65809E-01
    3.10300E+02    5.69259E-01    5.65945E-01
    3.10400E+02    5.70188E-01    5.65419E-01
    3.10500E+02    5.71623E-01    5.64608E-01
    3.10600E+02    5.73217E-01    5.63709E-01
    3.10700E+02    5.74909E-01    5.62756E-01
    3.10800E+02    5.76661E-01    5.61771E-01
    3.10900E+02    5.78459E-01    5.60762E-01
    3.11000E+02    5.80308E-01    5.59726E-01
    3.11100E+02    5.82253E-01    5.58638E-01
    3.11200E+02    5.84138E-01    5.57586E-01
    3.11300E+02    5.86060E-01    5.56516E-01
    3.11400E+02    5.88051E-01    5.55409E-01
    3.11500E+02    5.90107E-01    5.54268E-01
    3.11600E+02    5.92293E-01    5.53058E-01
    3.11700E+02    5.94423E-01    5.51881E-01
    3.11800E+02    5.96544E-01    5.50711E-01
    3.11900E+02    5.98748E-01    5.49499E-01
    3.12000E+02    6.01040E-01    5.48241E-01
    3.12100E+02    6.03394E-01    5.46952E-01
    3.12200E+02    6.05803E-01    5.45636E-01
    3.12300E+02    6.08280E-01    5.44286E-01
    3.12400E+02    6.10819E-01    5.42906E-01
    3.12500E+02    6.13474E-01    5.41467E-01
    3.12600E+02    6.16153E-01    5.40018E-01
    3.12700E+02    6.18796E-01    5.38592E-01
    3.12800E+02    6.21583E-01    5.37093E-01
    3.12900E+02    6.24705E-01    5.35420E-01
    3.13000E+02    6.27342E-01    5.34009E-01
    3.13100E+02    6.30283E-01    5.32441E-01
    3.13200E+02    6.33241E-01    5.30868E-01
    3.13300E+02    6.36321E-01    5.29236E-01
    3.13400E+02    6.39483E-01    5.27565E-01
    3.13500E+02    6.42752E-01    5.25844E-01
    3.13600E+02    6.46211E-01    5.24027E-01
    3.13700E+02    6.49221E-01    5.22453E-01
    3.13800E+02    6.52543E-01    5.20720E-01
    3.13900E+02    6.55984E-01    5.18931E-01
    3.14000E+02    6.60021E-01    5.16841E-01
    3.14100E+02    6.62845E-01    5.15383E-01
    3.14200E+02    6.66345E-01    5.13583E-01
    3.14300E+02    6.69976E-01    5.11721E-01
    3.14400E+02    6.73713E-01    5.09812E-01
    3.14500E+02    6.77559E-01    5.07855E-01
    3.14600E+02    6.81526E-01    5.05844E-01
    3.14700E+02    6.85621E-01    5.03777E-01
    3.14800E+02    6.89861E-01    5.01646E-01
    3.14900E+02    6.94255E-01    4.99446E-01
    3.15000E+02    6.98833E-01    4.97165E-01
    3.15100E+02    7.03648E-01    4.94777E-01
    3.15200E+02    7.08637E-01    4.92315E-01
    3.15300E+02    7.13963E-01    4.89700E-01
    3.15400E+02    7.19744E-01    4.86877E-01
    3.15500E+02    7.26249E-01    4.83720E-01
    3.15600E+02    7.34154E-01    4.79911E-01
    3.15700E+02    7.45714E-01    4.74396E-01
    3.15800E+02    7.73163E-01    4.61551E-01
    3.15900E+02    8.28346E-01    4.36771E-01
    3.16000E+02    7.73727E-01    4.61291E-01
    3.16100E+02    7.74195E-01    4.61075E-01
    3.16200E+02    7.89601E-01    4.54026E-01
    3.16300E+02    8.64549E-01    4.21242E-01
    3.16400E+02    8.20577E-01    4.40178E-01
    3.16500E+02    8.00056E-01    4.49304E-01
    3.16600E+02    8.01272E-01    4.48758E-01
    3.16700E+02    8.12967E-01    4.43540E-01
    3.16800E+02    8.10029E-01    4.44845E-01
    3.16900E+02    8.15905E-01    4.42239E-01
    3.17000E+02    8.23677E-01    4.38815E-01
    3.17100E+02    8.33833E-01    4.34381E-01
    3.17200E+02    8.59350E-01    4.23437E-01
    3.17300E+02    8.50328E-01    4.27275E-01
    3.17400E+02    8.57287E-01    4.24312E-01
    3.17500E+02    8.66084E-01    4.20596E-01
    3.17600E+02    8.75705E-01    4.16568E-01
    3.17700E+02    8.85925E-01    4.12333E-01
    3.17800E+02    8.96635E-01    4.07940E-01
    3.17900E+02    9.07828E-01    4.03400E-01
    3.18000E+02    9.19538E-01    3.98703E-01
    3.18100E+02    9.31855E-01    3.93822E-01
    3.18200E+02    9.44618E-01    3.88828E-01
    3.18300E+02    9.58030E-01    3.83648E-01
    3.18400E+02    9.72068E-01    3.78300E-01
    3.18500E+02    9.86826E-01    3.72758E-01
    3.18600E+02    1.00216E+00    3.67087E-01
    3.18700E+02    1.01833E+00    3.61198E-01
    3.18800E+02    1.03530E+00    3.55119E-01
    3.18900E+02    1.05316E+00    3.48834E-01
    3.19000E+02    1.07192E+00    3.42349E-01
    3.19100E+02    1.09170E+00    3.35645E-01
    3.19200E+02    1.11270E+00    3.28671E-01
    3.19300E+02    1.13476E+00    3.21501E-01
    3.19400E+02    1.15828E+00    3.14025E-01
    3.19500E+02    1.18308E+00    3.06335E-01
    3.19600E+02    1.20982E+00    2.98250E-01
    3.19700E+02    1.23914E+00    2.89632E-01
    3.19800E+02    1.27290E+00    2.80018E-01
    3.19900E+02    1.31970E+00    2.67217E-01
    3.20000E+02    1.48802E+00    2.25820E-01
    3.20100E+02    1.38371E+00    2.50646E-01
    3.20200E+02    1.40458E+00    2.45470E-01
    3.20300E+02    1.43766E+00    2.37483E-01
    3.20400E+02    1.47549E+00    2.28668E-01
    3.20500E+02    1.51623E+00    2.19539E-01
    3.20600E+02    1.55954E+00    2.10233E-01
    3.20700E+02    1.60490E+00    2.00909E-01
    3.20800E+02    1.65219E+00    1.91631E-01
    3.20900E+02    1.70100E+00    1.82500E-01
    3.21000E+02    1.75111E+00    1.73582E-01
    3.21100E+02    1.80225E+00    1.64928E-01
    3.21200E+02    1.85400E+00    1.56609E-01
    3.21300E+02    1.90640E+00    1.48615E-01
    3.21400E+02    1.96012E+00    1.40842E-01
    3.21500E+02    2.01590E+00    1.33200E-01
    3.21600E+02    2.07427E+00    1.25648E-01
    3.21700E+02    2.13627E+00    1.18095E-01
    3.21800E+02    2.20260E+00    1.10516E-01
    3.21900E+02    2.27419E+00    1.02880E-01
    3.22000E+02    2.35392E+00    9.49957E-02
    3.22100E+02    2.43541E+00    8.75615E-02
    3.22200E+02    2.52535E+00    8.00304E-02
    3.22300E+02    2.62315E+00    7.25740E-02
    3.22400E+02    2.72958E+00    6.52465E-02
    3.22500E+02    2.84514E+00    5.81263E-02
    3.22600E+02    2.97053E+00    5.12763E-02
    3.22700E+02    3.10686E+00    4.47412E-02
    3.22800E+02    3.25448E+00    3.86010E-02
    3.22900E+02    3.41505E+00    3.28746E-02
    3.23000E+02    3.58945E+00    2.76134E-02
    3.23100E+02    3.77884E+00    2.28491E-02
    3.23200E+02    3.98447E+00    1.86023E-02
    3.23300E+02    4.20752E+00    1.48832E-02
    3.23400E+02    4.44937E+00    1.16859E-02
    3.23500E+02    4.71130E+00    8.99307E-03
    3.23600E+02    4.99456E+00    6.77470E-03
    3.23700E+02    5.30533E+00    4.96504E-03
    3.23800E+02    5.62794E+00    3.59597E-03
    3.23900E+02    5.97890E+00    2.53162E-03
    3.24000E+02    6.35317E+00    1.74121E-03
    3.24100E+02    6.74963E+00    1.17131E-03
    3.24200E+02    7.16690E+00    7.71714E-04
    3.24300E+02    7.60041E+00    5.00249E-04
    3.24400E+02    8.04587E+00    3.20423E-04
    3.24500E+02    8.49553E+00    2.04380E-04
    3.24600E+02    8.93985E+00    1.31061E-04
    3.24700E+02    9.36576E+00    8.56056E-05
    3.24800E+02    9.75711E+00    5.78819E-05
    3.24900E+02    1.00953E+01    4.12718E-05
    3.25000E+02    1.03575E+01    3.17550E-05
    3.25100E+02    1.05175E+01    2.70580E-05
    3.25200E+02    1.05282E+01    2.67696E-05
    3.25300E+02    1.03860E+01    3.08614E-05
    3.25400E+02    1.01399E+01    3.94722E-05
    3.25500E+02    9.81498E+00    5.46269E-05
    3.25600E+02    9.43481E+00    7.98938E-05
    3.25700E+02    9.01735E+00    1.21287E-04
    3.25800E+02    8.58017E+00    1.87793E-04
    3.25900E+02    8.13546E+00    2.92965E-04
    3.26000E+02    7.69363E+00    4.55722E-04
    3.26100E+02    7.26212E+00    7.01617E-04
    3.26200E+02    6.84608E+00    1.06362E-03
    3.26300E+02    6.44988E+00    1.58072E-03
    3.26400E+02    6.07654E+00    2.29610E-03
    3.26500E+02    5.72706E+00    3.25662E-03
    3.26600E+02    5.39816E+00    4.52488E-03
    3.26700E+02    5.09947E+00    6.09999E-03
    3.26800E+02    4.84314E+00    7.88224E-03
    3.26900E+02    4.84849E+00    7.84017E-03
    3.27000E+02    4.33234E+00    1.31367E-02
    3.27100E+02    4.07382E+00    1.70123E-02
    3.27200E+02    3.85345E+00    2.12065E-02
    3.27300E+02    3.65454E+00    2.58734E-02
    3.27400E+02    3.47249E+00    3.10396E-02
    3.27500E+02    3.30515E+00    3.66939E-02
    3.27600E+02    3.15137E+00    4.27933E-02
    3.27700E+02    3.01174E+00    4.92060E-02
    3.27800E+02    2.89191E+00    5.54704E-02
    3.27900E+02    2.76595E+00    6.29164E-02
    3.28000E+02    2.64134E+00    7.12660E-02
    3.28100E+02    2.53298E+00    7.94218E-02
    3.28200E+02    2.43374E+00    8.77081E-02
    3.28300E+02    2.34180E+00    9.61546E-02
    3.28400E+02    2.25632E+00    1.04735E-01
    3.28500E+02    2.17684E+00    1.13399E-01
    3.28600E+02    2.10253E+00    1.22147E-01
    3.28700E+02    2.03315E+00    1.30922E-01
    3.28800E+02    1.96836E+00    1.39685E-01
    3.28900E+02    1.90767E+00    1.48425E-01
    3.29000E+02    1.85085E+00    1.57103E-01
    3.29100E+02    1.79760E+00    1.65695E-01
    3.29200E+02    1.74749E+00    1.74211E-01
    3.29300E+02    1.70054E+00    1.82585E-01
    3.29400E+02    1.65613E+00    1.90877E-01
    3.29500E+02    1.61446E+00    1.98998E-01
    3.29600E+02    1.57531E+00    2.06943E-01
    3.29700E+02    1.53833E+00    2.14740E-01
    3.29800E+02    1.50423E+00    2.22189E-01
    3.29900E+02    1.47019E+00    2.29881E-01
    3.30000E+02    1.43880E+00    2.37213E-01
    3.30100E+02    1.40920E+00    2.44338E-01
    3.30200E+02    1.38121E+00    2.51274E-01
    3.30300E+02    1.35466E+00    2.58034E-01
    3.30400E+02    1.32952E+00    2.64604E-01
    3.30500E+02    1.30561E+00    2.71008E-01
    3.30600E+02    1.28296E+00    2.77215E-01
    3.30700E+02    1.26144E+00    2.83245E-01
    3.30800E+02    1.24093E+00    2.89115E-01
    3.30900E+02    1.22147E+00    2.94797E-01
    3.31000E+02    1.20299E+00    3.00295E-01
    3.31100E+02    1.18535E+00    3.05641E-01
    3.31200E+02    1.16852E+00    3.10826E-01
    3.31300E+02    1.15252E+00    3.15839E-01
    3.31400E+02    1.13727E+00    3.20692E-01
    3.31500E+02    1.12279E+00    3.25369E-01
    3.31600E+02    1.10899E+00    3.29891E-01
    3.31700E+02    1.09593E+00    3.34230E-01
    3.31800E+02    1.08416E+00    3.38187E-01
    3.31900E+02    1.07157E+00    3.42471E-01
    3.32000E+02    1.06032E+00    3.46346E-01
    3.32100E+02    1.05001E+00    3.49935E-01
    3.32200E+02    1.04027E+00    3.53360E-01
    3.32300E+02    1.03182E+00    3.56359E-01
    3.32400E+02    1.02534E+00    3.58674E-01
    3.32500E+02    1.02316E+00    3.59456E-01
    3.32600E+02    1.03524E+00    3.55140E-01
    3.32700E+02    1.19872E+00    3.01580E-01
    3.32800E+02    1.03720E+00    3.54446E-01
    3.32900E+02    1.04340E+00    3.52254E-01
    3.33000E+02    9.85444E-01    3.73274E-01
    3.33100E+02    9.68081E-01    3.79811E-01
    3.33200E+02    9.56914E-01    3.84076E-01
    3.33300E+02    9.47959E-01    3.87531E-01
    3.33400E+02    9.40187E-01    3.90555E-01
    3.33500E+02    9.33042E-01    3.93355E-01
    3.33600E+02    9.26485E-01    3.95943E-01
    3.33700E+02    9.20282E-01    3.98407E-01
    3.33800E+02    9.14470E-01    4.00729E-01
    3.33900E+02    9.09002E-01    4.02926E-01
    3.34000E+02    9.03756E-01    4.05046E-01
    3.34100E+02    8.98519E-01    4.07172E-01
    3.34200E+02    8.93639E-01    4.09164E-01
    3.34300E+02    8.89046E-01    4.11048E-01
    3.34400E+02    8.84582E-01    4.12887E-01
    3.34500E+02    8.80384E-01    4.14623E-01
    3.34600E+02    8.76365E-01    4.16293E-01
    3.34700E+02    8.72578E-01    4.17873E-01
    3.34800E+02    8.68965E-01    4.19385E-01
    3.34900E+02    8.65693E-01    4.20760E-01
    3.35000E+02    8.62913E-01    4.21931E-01
    3.35100E+02    8.61348E-01    4.22592E-01
    3.35200E+02    8.64639E-01    4.21203E-01
    3.35300E+02    8.72632E-01    4.17850E-01
    3.35400E+02    8.53374E-01    4.25975E-01
    3.35500E+02    8.47572E-01    4.28454E-01
    3.35600E+02    8.43761E-01    4.30090E-01
    3.35700E+02    8.40863E-01    4.31338E-01
    3.35800E+02    8.37385E-01    4.32841E-01
    3.35900E+02    8.34959E-01    4.33892E-01
    3.36000E+02    8.31821E-01    4.35256E-01
    3.36100E+02    8.29200E-01    4.36398E-01
    3.36200E+02    8.27121E-01    4.37306E-01
    3.36300E+02    8.24318E-01    4.38534E-01
    3.36400E+02    8.21997E-01    4.39553E-01
    3.36500E+02    8.19784E-01    4.40527E-01
    3.36600E+02    8.17683E-01    4.41453E-01
    3.36700E+02    8.15643E-01    4.42355E-01
    3.36800E+02    8.13703E-01    4.43214E-01
    3.36900E+02    8.11867E-01    4.44028E-01
    3.37000E+02    8.10082E-01    4.44821E-01
    3.37100E+02    8.08515E-01    4.45519E-01
    3.37200E+02    8.06880E-01    4.46248E-01
    3.37300E+02    8.05287E-01    4.46960E-01
    3.37400E+02    8.03794E-01    4.47628E-01
    3.37500E+02    8.02496E-01    4.48209E-01
    3.37600E+02    8.01454E-01    4.48676E-01
    3.37700E+02    7.99902E-01    4.49373E-01
    3.37800E+02    7.98419E-01    4.50040E-01
    3.37900E+02    7.97164E-01    4.50605E-01
    3.38000E+02    7.96004E-01    4.51128E-01
    3.38100E+02    7.94945E-01    4.51606E-01
    3.38200E+02    7.93907E-01    4.52075E-01
    3.38300E+02    7.93018E-01    4.52477E-01
    3.38400E+02    7.92092E-01    4.52897E-01
    3.38500E+02    7.91218E-01    4.53293E-01
    3.38600E+02    7.90552E-01    4.53594E-01
    3.38700E+02    7.91139E-01    4.53328E-01
    3.38800E+02    7.89249E-01    4.54186E-01
    3.38900E+02    7.88233E-01    4.54647E-01
    3.39000E+02    7.87448E-01    4.55004E-01
    3.39100E+02    7.86782E-01    4.55308E-01
    3.39200E+02    7.86186E-01    4.55579E-01
    3.39300E+02    7.85631E-01    4.55832E-01
    3.39400E+02    7.85123E-01    4.56063E-01
    3.39500E+02    7.84653E-01    4.56278E-01
    3.39600E+02    7.84222E-01    4.56475E-01
    3.39700E+02    7.83829E-01    4.56654E-01
    3.39800E+02    7.83485E-01    4.56811E-01
    3.39900E+02    7.83186E-01    4.56948E-01
    3.40000E+02    7.82859E-01    4.57097E-01
    3.40100E+02    7.82594E-01    4.57218E-01
    3.40200E+02    7.82369E-01    4.57321E-01
    3.40300E+02    7.82173E-01    4.57411E-01
    3.40400E+02    7.82015E-01    4.57483E-01
    3.40500E+02    7.81899E-01    4.57536E-01
    3.40600E+02    7.81895E-01    4.57538E-01
    3.40700E+02    7.82133E-01    4.57429E-01
    3.40800E+02    7.81702E-01    4.57627E-01
    3.40900E+02    7.81635E-01    4.57657E-01
    3.41000E+02    7.81625E-01    4.57662E-01
    3.41100E+02    7.81651E-01    4.57650E-01
    3.41200E+02    7.81711E-01    4.57623E-01
    3.41300E+02    7.81798E-01    4.57582E-01
    3.41400E+02    7.81914E-01    4.57529E-01
    3.41500E+02    7.82061E-01    4.57462E-01
    3.41600E+02    7.82234E-01    4.57383E-01
    3.41700E+02    7.82442E-01    4.57288E-01
    3.41800E+02    7.82715E-01    4.57163E-01
    3.41900E+02    7.83172E-01    4.56954E-01
    3.42000E+02    7.83305E-01    4.56893E-01
    3.42100E+02    7.84086E-01    4.56537E-01
    3.42200E+02    7.83950E-01    4.56599E-01
    3.42300E+02    7.84316E-01    4.56432E-01
    3.42400E+02    7.84754E-01    4.56232E-01
    3.42500E+02    7.85291E-01    4.55987E-01
    3.42600E+02    7.85823E-01    4.55744E-01
    3.42700E+02    7.86538E-01    4.55419E-01
    3.42800E+02    7.87490E-01    4.54985E-01
    3.42900E+02    7.88864E-01    4.54361E-01
    3.43000E+02    7.91391E-01    4.53214E-01
    3.43100E+02    7.98184E-01    4.50146E-01
    3.43200E+02    8.25649E-01    4.37951E-01
    3.43300E+02    8.07281E-01    4.46069E-01
    3.43400E+02    7.97508E-01    4.50450E-01
    3.43500E+02    8.07639E-01    4.45910E-01
    3.43600E+02    7.94690E-01    4.51721E-01
    3.43700E+02    7.92848E-01    4.52554E-01
    3.43800E+02    7.92526E-01    4.52700E-01
    3.43900E+02    7.92689E-01    4.52626E-01
    3.44000E+02    7.93011E-01    4.52480E-01
    3.44100E+02    7.93467E-01    4.52274E-01
    3.44200E+02    7.93999E-01    4.52034E-01
    3.44300E+02    7.94583E-01    4.51769E-01
    3.44400E+02    7.95217E-01    4.51483E-01
    3.44500E+02    7.95890E-01    4.51180E-01
    3.44600E+02    7.96619E-01    4.50851E-01
    3.44700E+02    7.97340E-01    4.50526E-01
    3.44800E+02    7.98141E-01    4.50165E-01
    3.44900E+02    7.98923E-01    4.49813E-01
    3.45000E+02    7.99648E-01    4.49487E-01
    3.45100E+02    8.00444E-01    4.49129E-01
    3.45200E+02    8.01276E-01    4.48756E-01
    3.45300E+02    8.02121E-01    4.48377E-01
    3.45400E+02    8.02993E-01    4.47986E-01
    3.45500E+02    8.03881E-01    4.47588E-01
    3.45600E+02    8.04793E-01    4.47180E-01
    3.45700E+02    8.05718E-01    4.46767E-01
    3.45800E+02    8.06661E-01    4.46346E-01
    3.45900E+02    8.07628E-01    4.45914E-01
    3.46000E+02    8.08606E-01    4.45479E-01
    3.46100E+02    8.09611E-01    4.45031E-01
    3.46200E+02    8.10634E-01    4.44576E-01
    3.46300E+02    8.11644E-01    4.44127E-01
    3.46400E+02    8.12717E-01    4.43651E-01
    3.46500E+02    8.13744E-01    4.43196E-01
    3.46600E+02    8.14872E-01    4.42696E-01
    3.46700E+02    8.15950E-01    4.42219E-01
    3.46800E+02    8.17113E-01    4.41705E-01
    3.46900E+02    8.18304E-01    4.41179E-01
    3.47000E+02    8.19386E-01    4.40702E-01
    3.47100E+02    8.20582E-01    4.40175E-01
    3.47200E+02    8.21993E-01    4.39555E-01
    3.47300E+02    8.23026E-01    4.39101E-01
    3.47400E+02    8.24139E-01    4.38612E-01
    3.47500E+02    8.25336E-01    4.38088E-01
    3.47600E+02    8.26607E-01    4.37531E-01
    3.47700E+02    8.27921E-01    4.36957E-01
    3.47800E+02    8.29595E-01    4.36226E-01
    3.47900E+02    8.30516E-01    4.35824E-01
    3.48000E+02    8.31889E-01    4.35227E-01
    3.48100E+02    8.33128E-01    4.34687E-01
    3.48200E+02    8.34473E-01    4.34103E-01
    3.48300E+02    8.35818E-01    4.33520E-01
    3.48400E+02    8.37225E-01    4.32910E-01
    3.48500E+02    8.38656E-01    4.32291E-01
    3.48600E+02    8.40181E-01    4.31632E-01
    3.48700E+02    8.41504E-01    4.31062E-01
    3.48800E+02    8.42997E-01    4.30418E-01
    3.48900E+02    8.44470E-01    4.29785E-01
    3.49000E+02    8.46250E-01    4.29021E-01
    3.49100E+02    8.47501E-01    4.28484E-01
    3.49200E+02    8.49054E-01    4.27820E-01
    3.49300E+02    8.50649E-01    4.27138E-01
    3.49400E+02    8.52350E-01    4.26412E-01
    3.49500E+02    8.54254E-01    4.25600E-01
    3.49600E+02    8.56249E-01    4.24752E-01
    3.49700E+02    8.59611E-01    4.23327E-01
    3.49800E+02    8.60793E-01    4.22827E-01
    3.49900E+02    8.60993E-01    4.22742E-01
    3.50000E+02    8.62341E-01    4.22173E-01
    3.50100E+02    8.63888E-01    4.21520E-01
    3.50200E+02    8.65560E-01    4.20816E-01
    3.50300E+02    8.67294E-01    4.20087E-01
    3.50400E+02    8.69027E-01    4.19360E-01
    3.50500E+02    8.70834E-01    4.18602E-01
    3.50600E+02    8.72703E-01    4.17821E-01
    3.50700E+02    8.74544E-01    4.17052E-01
    3.50800E+02    8.76495E-01    4.16239E-01
    3.50900E+02    8.78444E-01    4.15429E-01
    3.51000E+02    8.80409E-01    4.14613E-01
    3.51100E+02    8.82473E-01    4.13758E-01
    3.51200E+02    8.84580E-01    4.12887E-01
    3.51300E+02    8.86745E-01    4.11995E-01
    3.51400E+02    8.89048E-01    4.11047E-01
    3.51500E+02    8.91523E-01    4.10031E-01
    3.51600E+02    8.93968E-01    4.09029E-01
    3.51700E+02    8.96795E-01    4.07875E-01
    3.51800E+02    8.99983E-01    4.06576E-01
    3.51900E+02    9.04027E-01    4.04936E-01
    3.52000E+02    9.09358E-01    4.02783E-01
    3.52100E+02    9.18151E-01    3.99257E-01
    3.52200E+02    9.37660E-01    3.91543E-01
    3.52300E+02    1.03997E+00    3.53467E-01
    3.52400E+02    9.68376E-01    3.79699E-01
    3.52500E+02    9.44724E-01    3.88787E-01
    3.52600E+02    9.80697E-01    3.75049E-01
    3.52700E+02    9.48511E-01    3.87317E-01
    3.52800E+02    1.02222E+00    3.59795E-01
    3.52900E+02    9.51066E-01    3.86329E-01
    3.53000E+02    9.35309E-01    3.92464E-01
    3.53100E+02    9.32144E-01    3.93709E-01
    3.53200E+02    9.32346E-01    3.93629E-01
    3.53300E+02    9.34360E-01    3.92837E-01
    3.53400E+02    9.34513E-01    3.92777E-01
    3.53500E+02    9.36241E-01    3.92099E-01
    3.53600E+02    9.38128E-01    3.91360E-01
    3.53700E+02    9.40369E-01    3.90484E-01
    3.53800E+02    9.42590E-01    3.89617E-01
    3.53900E+02    9.44977E-01    3.88689E-01
    3.54000E+02    9.47421E-01    3.87740E-01
    3.54100E+02    9.50068E-01    3.86715E-01
    3.54200E+02    9.52743E-01    3.85682E-01
    3.54300E+02    9.55502E-01    3.84619E-01
    3.54400E+02    9.58467E-01    3.83480E-01
    3.54500E+02    9.61784E-01    3.82210E-01
    3.54600E+02    9.65172E-01    3.80918E-01
    3.54700E+02    9.69328E-01    3.79338E-01
    3.54800E+02    9.75138E-01    3.77140E-01
    3.54900E+02    9.86623E-01    3.72834E-01
    3.55000E+02    1.04427E+00    3.51947E-01
    3.55100E+02    1.00037E+00    3.67745E-01
    3.55200E+02    9.89051E-01    3.71929E-01
    3.55300E+02    9.87567E-01    3.72482E-01
    3.55400E+02    9.88799E-01    3.72023E-01
    3.55500E+02    9.90877E-01    3.71251E-01
    3.55600E+02    9.93375E-01    3.70325E-01
    3.55700E+02    9.96151E-01    3.69298E-01
    3.55800E+02    9.99119E-01    3.68204E-01
    3.55900E+02    1.00226E+00    3.67049E-01
    3.56000E+02    1.00566E+00    3.65802E-01
    3.56100E+02    1.01028E+00    3.64116E-01
    3.56200E+02    1.01230E+00    3.63382E-01
    3.56300E+02    1.01594E+00    3.62063E-01
    3.56400E+02    1.02197E+00    3.59886E-01
    3.56500E+02    1.02336E+00    3.59386E-01
    3.56600E+02    1.02649E+00    3.58262E-01
    3.56700E+02    1.02999E+00    3.57011E-01
    3.56800E+02    1.03366E+00    3.55702E-01
    3.56900E+02    1.03757E+00    3.54313E-01
    3.57000E+02    1.04177E+00    3.52831E-01
    3.57100E+02    1.04626E+00    3.51248E-01
    3.57200E+02    1.05124E+00    3.49505E-01
    3.57300E+02    1.05745E+00    3.47339E-01
    3.57400E+02    1.06537E+00    3.44599E-01
    3.57500E+02    1.08060E+00    3.39392E-01
    3.57600E+02    1.14579E+00    3.17972E-01
    3.57700E+02    1.10985E+00    3.29607E-01
    3.57800E+02    1.08893E+00    3.36577E-01
    3.57900E+02    1.08810E+00    3.36857E-01
    3.58000E+02    1.09358E+00    3.35015E-01
    3.58100E+02    1.10899E+00    3.29892E-01
    3.58200E+02    1.23976E+00    2.89453E-01
    3.58300E+02    1.11870E+00    3.26706E-01
    3.58400E+02    1.11341E+00    3.28436E-01
    3.58500E+02    1.11825E+00    3.26850E-01
    3.58600E+02    1.12944E+00    3.23214E-01
    3.58700E+02    1.15483E+00    3.15111E-01
    3.58800E+02    1.24839E+00    2.86968E-01
    3.58900E+02    1.26758E+00    2.81512E-01
    3.59000E+02    1.16988E+00    3.10405E-01
    3.59100E+02    1.15223E+00    3.15933E-01
    3.59200E+02    1.14888E+00    3.16990E-01
    3.59300E+02    1.15083E+00    3.16373E-01
    3.59400E+02    1.15625E+00    3.14663E-01
    3.59500E+02    1.16773E+00    3.11072E-01
    3.59600E+02    1.20959E+00    2.98319E-01
    3.59700E+02    1.21201E+00    2.97599E-01
    3.59800E+02    1.18075E+00    3.07047E-01
    3.59900E+02    1.17822E+00    3.07827E-01
    3.60000E+02    1.18031E+00    3.07183E-01
    3.60100E+02    1.18370E+00    3.06144E-01
    3.60200E+02    1.18809E+00    3.04802E-01
    3.60300E+02    1.19306E+00    3.03292E-01
    3.60400E+02    1.19831E+00    3.01705E-01
    3.60500E+02    1.20382E+00    3.00045E-01
    3.60600E+02    1.20955E+00    2.98332E-01
    3.60700E+02    1.21531E+00    2.96618E-01
    3.60800E+02    1.22133E+00    2.94838E-01
    3.60900E+02    1.22763E+00    2.92986E-01
    3.61000E+02    1.23381E+00    2.91181E-01
    3.61100E+02    1.24039E+00    2.89271E-01
    3.61200E+02    1.24702E+00    2.87361E-01
    3.61300E+02    1.25401E+00    2.85360E-01
    3.61400E+02    1.26151E+00    2.83226E-01
    3.61500E+02    1.27043E+00    2.80710E-01
    3.61600E+02    1.28557E+00    2.76492E-01
    3.61700E+02    1.30471E+00    2.71253E-01
    3.61800E+02    1.29372E+00    2.74249E-01
    3.61900E+02    1.29743E+00    2.73232E-01
    3.62000E+02    1.30364E+00    2.71541E-01
    3.62100E+02    1.31073E+00    2.69622E-01
    3.62200E+02    1.31836E+00    2.67575E-01
    3.62300E+02    1.32642E+00    2.65427E-01
    3.62400E+02    1.33381E+00    2.63472E-01
    3.62500E+02    1.34195E+00    2.61336E-01
    3.62600E+02    1.35088E+00    2.59011E-01
    3.62700E+02    1.35887E+00    2.56952E-01
    3.62800E+02    1.36769E+00    2.54695E-01
    3.62900E+02    1.37697E+00    2.52341E-01
    3.63000E+02    1.38627E+00    2.50006E-01
    3.63100E+02    1.39667E+00    2.47419E-01
    3.63200E+02    1.40720E+00    2.44828E-01
    3.63300E+02    1.42074E+00    2.41534E-01
    3.63400E+02    1.44616E+00    2.35473E-01
    3.63500E+02    1.48090E+00    2.27432E-01
    3.63600E+02    1.45725E+00    2.32876E-01
    3.63700E+02    1.46264E+00    2.31624E-01
    3.63800E+02    1.46961E+00    2.30016E-01
    3.63900E+02    1.48018E+00    2.27597E-01
    3.64000E+02    1.49287E+00    2.24727E-01
    3.64100E+02    1.50807E+00    2.21337E-01
    3.64200E+02    1.52832E+00    2.16901E-01
    3.64300E+02    1.56354E+00    2.09394E-01
    3.64400E+02    1.68784E+00    1.84918E-01
    3.64500E+02    1.68551E+00    1.85350E-01
    3.64600E+02    1.59851E+00    2.02198E-01
    3.64700E+02    1.58851E+00    2.04231E-01
    3.64800E+02    1.59272E+00    2.03373E-01
    3.64900E+02    1.60175E+00    2.01543E-01
    3.65000E+02    1.61313E+00    1.99263E-01
    3.65100E+02    1.62588E+00    1.96739E-01
    3.65200E+02    1.63958E+00    1.94061E-01
    3.65300E+02    1.65470E+00    1.91149E-01
    3.65400E+02    1.66929E+00    1.88381E-01
    3.65500E+02    1.68508E+00    1.85429E-01
    3.65600E+02    1.70161E+00    1.82390E-01
    3.65700E+02    1.71893E+00    1.79257E-01
    3.65800E+02    1.73766E+00    1.75931E-01
    3.65900E+02    1.75606E+00    1.72723E-01
    3.66000E+02    1.77547E+00    1.69404E-01
    3.66100E+02    1.79620E+00    1.65929E-01
    3.66200E+02    1.81819E+00    1.62319E-01
    3.66300E+02    1.84152E+00    1.58576E-01
    3.66400E+02    1.86682E+00    1.54615E-01
    3.66500E+02    1.89500E+00    1.50318E-01
    3.66600E+02    1.92912E+00    1.45276E-01
    3.66700E+02    1.98478E+00    1.37411E-01
    3.66800E+02    2.08493E+00    1.24315E-01
    3.66900E+02    2.03089E+00    1.31219E-01
    3.67000E+02    2.05318E+00    1.28327E-01
    3.67100E+02    2.08790E+00    1.23947E-01
    3.67200E+02    2.12926E+00    1.18925E-01
    3.67300E+02    2.17695E+00    1.13387E-01
    3.67400E+02    2.23067E+00    1.07457E-01
    3.67500E+02    2.29191E+00    1.01073E-01
    3.67600E+02    2.36308E+00    9.41302E-02
    3.67700E+02    2.44648E+00    8.65981E-02
    3.67800E+02    2.54516E+00    7.84602E-02
    3.67900E+02    2.66542E+00    6.95701E-02
    3.68000E+02    2.81404E+00    5.99624E-02
    3.68100E+02    3.00527E+00    4.95252E-02
    3.68200E+02    3.26253E+00    3.82915E-02
    3.68300E+02    3.63900E+00    2.62787E-02
    3.68400E+02    4.27699E+00    1.38844E-02
    3.68500E+02    6.88467E+00    1.02336E-03
    3.68600E+02    4.30150E+00    1.35483E-02
    3.68700E+02    3.72702E+00    2.40645E-02
    3.68800E+02    3.41089E+00    3.30119E-02
    3.68900E+02    3.21395E+00    4.01973E-02
    3.69000E+02    3.07563E+00    4.61604E-02
    3.69100E+02    2.97232E+00    5.11843E-02
    3.69200E+02    2.90307E+00    5.48547E-02
    3.69300E+02    2.85564E+00    5.75188E-02
    3.69400E+02    2.82424E+00    5.93535E-02
    3.69500E+02    2.80530E+00    6.04884E-02
    3.69600E+02    2.79624E+00    6.10390E-02
    3.69700E+02    2.79508E+00    6.11101E-02
    3.69800E+02    2.80052E+00    6.07787E-02
    3.69900E+02    2.81155E+00    6.01120E-02
    3.70000E+02    2.82769E+00    5.91491E-02
    3.70100E+02    2.84742E+00    5.79935E-02
    3.70200E+02    2.87051E+00    5.66702E-02
    3.70300E+02    2.89725E+00    5.51750E-02
    3.70400E+02    2.92705E+00    5.35549E-02
    3.70500E+02    2.95986E+00    5.18260E-02
    3.70600E+02    2.99563E+00    5.00051E-02
    3.70700E+02    3.03474E+00    4.80869E-02
    3.70800E+02    3.07828E+00    4.60384E-02
    3.70900E+02    3.13190E+00    4.36349E-02
    3.71000E+02    3.24998E+00    3.87752E-02
    3.71100E+02    3.23682E+00    3.92886E-02
    3.71200E+02    3.26171E+00    3.83228E-02
    3.71300E+02    3.30564E+00    3.66757E-02
    3.71400E+02    3.35547E+00    3.48930E-02
    3.71500E+02    3.40887E+00    3.30786E-02
    3.71600E+02    3.46505E+00    3.12713E-02
    3.71700E+02    3.52392E+00    2.94837E-02
    3.71800E+02    3.58532E+00    2.77278E-02
    3.71900E+02    3.64924E+00    2.60108E-02
    3.72000E+02    3.71593E+00    2.43328E-02
    3.72100E+02    3.78504E+00    2.27081E-02
    3.72200E+02    3.85698E+00    2.11318E-02
    3.72300E+02    3.93182E+00    1.96079E-02
    3.72400E+02    4.00963E+00    1.81401E-02
    3.72500E+02    4.09053E+00    1.67303E-02
    3.72600E+02    4.17480E+00    1.53782E-02
    3.72700E+02    4.26233E+00    1.40895E-02
    3.72800E+02    4.35318E+00    1.28659E-02
    3.72900E+02    4.44804E+00    1.17014E-02
    3.73000E+02    4.54868E+00    1.05812E-02
    3.73100E+02    4.64913E+00    9.56992E-03
    3.73200E+02    4.75593E+00    8.60052E-03
    3.73300E+02    4.86687E+00    7.69744E-03
    3.73400E+02    4.98274E+00    6.85523E-03
    3.73500E+02    5.10380E+00    6.07361E-03
    3.73600E+02    5.23008E+00    5.35309E-03
    3.73700E+02    5.36150E+00    4.69388E-03
    3.73800E+02    5.49929E+00    4.08968E-03
    3.73900E+02    5.64305E+00    3.54204E-03
    3.74000E+02    5.79310E+00    3.04853E-03
    3.74100E+02    5.95051E+00    2.60452E-03
    3.74200E+02    6.11518E+00    2.20907E-03
    3.74300E+02    6.28806E+00    1.85836E-03
    3.74400E+02    6.46830E+00    1.55186E-03
    3.74500E+02    6.65783E+00    1.28393E-03
    3.74600E+02    6.85691E+00    1.05216E-03
    3.74700E+02    7.06633E+00    8.53361E-04
    3.74800E+02    7.28707E+00    6.84329E-04
    3.74900E+02    7.52107E+00    5.41552E-04
    3.75000E+02    7.77272E+00    4.21068E-04
    3.75100E+02    8.06131E+00    3.15514E-04
    3.75200E+02    8.42530E+00    2.19250E-04
    3.75300E+02    8.59213E+00    1.85561E-04
    3.75400E+02    8.87234E+00    1.40214E-04
    3.75500E+02    9.18147E+00    1.02929E-04
    3.75600E+02    9.51156E+00    7.39912E-05
    3.75700E+02    9.86301E+00    5.20655E-05
    3.75800E+02    1.02358E+01    3.58637E-05
    3.75900E+02    1.06327E+01    2.41140E-05
    3.76000E+02    1.10577E+01    1.57654E-05
    3.76100E+02    1.15024E+01    1.01058E-05
    3.76200E+02    1.19980E+01    6.15669E-06
    3.76300E+02    1.24909E+01    3.76056E-06
    3.76400E+02    1.30133E+01    2.23046E-06
    3.76500E+02    1.35819E+01    1.26312E-06
    3.76600E+02    1.41909E+01    6.87048E-07
    3.76700E+02    1.48420E+01    3.58270E-07
    3.76800E+02    1.55387E+01    1.78504E-07
    3.76900E+02    1.62842E+01    8.46942E-08
    3.77000E+02    1.70836E+01    3.80788E-08
    3.77100E+02    1.79408E+01    1.61587E-08
    3.77200E+02    1.88617E+01    6.43399E-09
    3.77300E+02    1.98515E+01    2.39115E-09
    3.77400E+02    2.09161E+01    8.24595E-10
    3.77500E+02    2.20635E+01    2.61783E-10
    3.77600E+02    2.32996E+01    7.60541E-11
    3.77700E+02    2.46338E+01    2.00293E-11
    3.77800E+02    2.60743E+01    4.74304E-12
    3.77900E+02    2.76319E+01    9.99143E-13
    3.78000E+02    2.93168E+01    1.85296E-13
    3.78100E+02    3.11439E+01    2.98113E-14
    3.78200E+02    3.31415E+01    4.04428E-15
    3.78300E+02    3.53726E+01    4.34377E-16
    3.78400E+02    3.75521E+01    4.91290E-17
    3.78500E+02    4.00219E+01    4.15625E-18
    3.78600E+02    4.27024E+01    2.84840E-19
    3.78700E+02    4.56352E+01    1.51660E-20
    3.78800E+02    4.86928E+01    7.12861E-22
    3.78900E+02    5.20122E+01    2.57860E-23
    3.79000E+02    5.55605E+01    7.41984E-25
    3.79100E+02    5.93350E+01    1.70274E-26
    3.79200E+02    6.33125E+01    3.18962E-28
    3.79300E+02    6.74703E+01    4.98933E-30
    3.79400E+02    7.17722E+01    6.75673E-32
    3.79500E+02    7.61598E+01    8.39921E-34
    3.79600E+02    8.05518E+01    1.03940E-35
    3.79700E+02    8.48406E+01    1.42631E-37
    3.79800E+02    8.88909E+01    2.48403E-39
    3.79900E+02    9.25315E+01    6.51730E-41
    3.80000E+02    9.55557E+01    3.16723E-42
    3.80100E+02    9.77114E+01    3.66840E-43
    3.80200E+02    9.86117E+01    1.49103E-43
    3.80300E+02    9.77345E+01    3.58456E-43
    3.80400E+02    9.56289E+01    2.94383E-42
    3.80500E+02    9.26637E+01    5.71028E-41
    3.80600E+02    8.90776E+01    2.06104E-39
    3.80700E+02    8.50866E+01    1.11527E-37
    3.80800E+02    8.08524E+01    7.69566E-36
    3.80900E+02    7.65103E+01    5.91541E-34
    3.81000E+02    7.21728E+01    4.52650E-32
    3.81100E+02    6.79117E+01    3.20859E-30
    3.81200E+02    6.37857E+01    1.98712E-28
    3.81300E+02    5.98397E+01    1.02791E-26
    3.81400E+02    5.60962E+01    4.34239E-25
    3.81500E+02    5.25643E+01    1.48465E-23
    3.81600E+02    4.92573E+01    4.05349E-22
    3.81700E+02    4.61663E+01    8.91688E-21
    3.81800E+02    4.32869E+01    1.58753E-19
    3.81900E+02    4.06142E+01    2.29871E-18
    3.82000E+02    3.81357E+01    2.74075E-17
    3.82100E+02    3.58421E+01    2.71633E-16
    3.82200E+02    3.37173E+01    2.27395E-15
    3.82300E+02    3.17485E+01    1.62862E-14
    3.82400E+02    2.99290E+01    1.00463E-13
    3.82500E+02    2.82456E+01    5.40895E-13
    3.82600E+02    2.66873E+01    2.56945E-12
    3.82700E+02    2.52444E+01    1.08764E-11
    3.82800E+02    2.39070E+01    4.14311E-11
    3.82900E+02    2.26658E+01    1.43337E-10
    3.83000E+02    2.15145E+01    4.53283E-10
    3.83100E+02    2.04447E+01    1.32119E-09
    3.83200E+02    1.94498E+01    3.57328E-09
    3.83300E+02    1.85244E+01    9.01490E-09
    3.83400E+02    1.76608E+01    2.13799E-08
    3.83500E+02    1.68559E+01    4.78175E-08
    3.83600E+02    1.61044E+01    1.01378E-07
    3.83700E+02    1.54017E+01    2.04713E-07
    3.83800E+02    1.47449E+01    3.94793E-07
    3.83900E+02    1.41296E+01    7.30478E-07
    3.84000E+02    1.35525E+01    1.30079E-06
    3.84100E+02    1.30112E+01    2.23523E-06
    3.84200E+02    1.25027E+01    3.71651E-06
    3.84300E+02    1.20245E+01    5.99536E-06
    3.84400E+02    1.15748E+01    9.40024E-06
    3.84500E+02    1.11513E+01    1.43565E-05
    3.84600E+02    1.07529E+01    2.13827E-05
    3.84700E+02    1.03756E+01    3.11843E-05
    3.84800E+02    1.00193E+01    4.45332E-05
    3.84900E+02    9.68255E+00    6.23625E-05
    3.85000E+02    9.36399E+00    8.57574E-05
    3.85100E+02    9.06273E+00    1.15906E-04
    3.85200E+02    8.77717E+00    1.54214E-04
    3.85300E+02    8.50711E+00    2.02027E-04
    3.85400E+02    8.24865E+00    2.61612E-04
    3.85500E+02    8.00422E+00    3.34049E-04
    3.85600E+02    7.77189E+00    4.21418E-04
    3.85700E+02    7.55018E+00    5.26015E-04
    3.85800E+02    7.33926E+00    6.49528E-04
    3.85900E+02    7.13745E+00    7.94780E-04
    3.86000E+02    6.94475E+00    9.63679E-04
    3.86100E+02    6.76100E+00    1.15808E-03
    3.86200E+02    6.58564E+00    1.38004E-03
    3.86300E+02    6.41820E+00    1.63159E-03
    3.86400E+02    6.25746E+00    1.91611E-03
    3.86500E+02    6.10388E+00    2.23419E-03
    3.86600E+02    5.95788E+00    2.58539E-03
    3.86700E+02    5.81772E+00    2.97438E-03
    3.86800E+02    5.68497E+00    3.39665E-03
    3.86900E+02    5.55839E+00    3.85499E-03
    3.87000E+02    5.44266E+00    4.32796E-03
    3.87100E+02    5.38402E+00    4.58935E-03
    3.87200E+02    5.23155E+00    5.34522E-03
    3.87300E+02    5.19293E+00    5.55571E-03
    3.87400E+02    5.00385E+00    6.71206E-03
    3.87500E+02    4.89136E+00    7.51124E-03
    3.87600E+02    4.79008E+00    8.31180E-03
    3.87700E+02    4.69542E+00    9.13707E-03
    3.87800E+02    4.60544E+00    9.99732E-03
    3.87900E+02    4.51953E+00    1.08942E-02
    3.88000E+02    4.43751E+00    1.18253E-02
    3.88100E+02    4.35816E+00    1.28019E-02
    3.88200E+02    4.28241E+00    1.38094E-02
    3.88300E+02    4.20976E+00    1.48500E-02
    3.88400E+02    4.14009E+00    1.59214E-02
    3.88500E+02    4.07325E+00    1.70219E-02
    3.88600E+02    4.00916E+00    1.81487E-02
    3.88700E+02    3.94769E+00    1.92993E-02
    3.88800E+02    3.88889E+00    2.04681E-02
    3.88900E+02    3.83290E+00    2.16468E-02
    3.89000E+02    3.77861E+00    2.28544E-02
    3.89100E+02    3.72679E+00    2.40700E-02
    3.89200E+02    3.67735E+00    2.52898E-02
    3.89300E+02    3.63017E+00    2.65117E-02
    3.89400E+02    3.58499E+00    2.77369E-02
    3.89500E+02    3.54172E+00    2.89635E-02
    3.89600E+02    3.50040E+00    3.01853E-02
    3.89700E+02    3.46078E+00    3.14054E-02
    3.89800E+02    3.42271E+00    3.26239E-02
    3.89900E+02    3.38598E+00    3.38445E-02
    3.90000E+02    3.35042E+00    3.50695E-02
    3.90100E+02    3.31559E+00    3.63125E-02
    3.90200E+02    3.28125E+00    3.75811E-02
    3.90300E+02    3.24722E+00    3.88821E-02
    3.90400E+02    3.21300E+00    4.02356E-02
    3.90500E+02    3.17849E+00    4.16486E-02
    3.90600E+02    3.14303E+00    4.31520E-02
    3.90700E+02    3.10584E+00    4.47868E-02
    3.90800E+02    3.06775E+00    4.65257E-02
    3.90900E+02    3.02925E+00    4.83521E-02
    3.91000E+02    2.99064E+00    5.02552E-02
    3.91100E+02    2.95222E+00    5.22238E-02
    3.91200E+02    2.91432E+00    5.42407E-02
    3.91300E+02    2.87762E+00    5.62687E-02
    3.91400E+02    2.84042E+00    5.84009E-02
    3.91500E+02    2.80499E+00    6.05072E-02
    3.91600E+02    2.76954E+00    6.26906E-02
    3.91700E+02    2.73560E+00    6.48549E-02
    3.91800E+02    2.70293E+00    6.70092E-02
    3.91900E+02    2.67242E+00    6.90849E-02
    3.92000E+02    2.64101E+00    7.12889E-02
    3.92100E+02    2.61168E+00    7.34109E-02
    3.92200E+02    2.58398E+00    7.54729E-02
    3.92300E+02    2.55850E+00    7.74210E-02
    3.92400E+02    2.53691E+00    7.91103E-02
    3.92500E+02    2.52447E+00    8.01011E-02
    3.92600E+02    2.55986E+00    7.73159E-02
    3.92700E+02    2.54808E+00    7.82321E-02
    3.92800E+02    2.45243E+00    8.60842E-02
    3.92900E+02    2.41348E+00    8.95034E-02
    3.93000E+02    2.38503E+00    9.20862E-02
    3.93100E+02    2.36032E+00    9.43896E-02
    3.93200E+02    2.33770E+00    9.65498E-02
    3.93300E+02    2.31596E+00    9.86718E-02
    3.93400E+02    2.29537E+00    1.00724E-01
    3.93500E+02    2.27535E+00    1.02761E-01
    3.93600E+02    2.25609E+00    1.04759E-01
    3.93700E+02    2.23751E+00    1.06724E-01
    3.93800E+02    2.21954E+00    1.08660E-01
    3.93900E+02    2.20209E+00    1.10572E-01
    3.94000E+02    2.18521E+00    1.12454E-01
    3.94100E+02    2.16888E+00    1.14305E-01
    3.94200E+02    2.15270E+00    1.16171E-01
    3.94300E+02    2.13701E+00    1.18007E-01
    3.94400E+02    2.12181E+00    1.19815E-01
    3.94500E+02    2.10713E+00    1.21587E-01
    3.94600E+02    2.09285E+00    1.23335E-01
    3.94700E+02    2.07905E+00    1.25049E-01
    3.94800E+02    2.06594E+00    1.26699E-01
    3.94900E+02    2.05404E+00    1.28215E-01
    3.95000E+02    2.04706E+00    1.29114E-01
    3.95100E+02    2.03965E+00    1.30074E-01
    3.95200E+02    2.01665E+00    1.33101E-01
    3.95300E+02    2.00254E+00    1.34992E-01
    3.95400E+02    1.99010E+00    1.36682E-01
    3.95500E+02    1.97818E+00    1.38320E-01
    3.95600E+02    1.96677E+00    1.39908E-01
    3.95700E+02    1.95579E+00    1.41453E-01
    3.95800E+02    1.94512E+00    1.42970E-01
    3.95900E+02    1.93483E+00    1.44449E-01
    3.96000E+02    1.92492E+00    1.45888E-01
    3.96100E+02    1.91560E+00    1.47253E-01
    3.96200E+02    1.90706E+00    1.48517E-01
    3.96300E+02    1.90026E+00    1.49529E-01
    3.96400E+02    1.89886E+00    1.49740E-01
    3.96500E+02    1.93614E+00    1.44260E-01
    3.96600E+02    1.89592E+00    1.50180E-01
    3.96700E+02    1.86851E+00    1.54353E-01
    3.96800E+02    1.85626E+00    1.56255E-01
    3.96900E+02    1.84962E+00    1.57297E-01
    3.97000E+02    1.86436E+00    1.54995E-01
    3.97100E+02    1.83855E+00    1.59049E-01
    3.97200E+02    1.82122E+00    1.61828E-01
    3.97300E+02    1.81094E+00    1.63500E-01
    3.97400E+02    1.80232E+00    1.64916E-01
    3.97500E+02    1.79430E+00    1.66245E-01
    3.97600E+02    1.78668E+00    1.67515E-01
    3.97700E+02    1.77935E+00    1.68749E-01
    3.97800E+02    1.77229E+00    1.69944E-01
    3.97900E+02    1.76542E+00    1.71115E-01
    3.98000E+02    1.75869E+00    1.72270E-01
    3.98100E+02    1.75208E+00    1.73413E-01
    3.98200E+02    1.74567E+00    1.74527E-01
    3.98300E+02    1.73944E+00    1.75618E-01
    3.98400E+02    1.73338E+00    1.76686E-01
    3.98500E+02    1.72744E+00    1.77739E-01
    3.98600E+02    1.72168E+00    1.78766E-01
    3.98700E+02    1.71603E+00    1.79778E-01
    3.98800E+02    1.71057E+00    1.80763E-01
    3.98900E+02    1.70529E+00    1.81720E-01
    3.99000E+02    1.70018E+00    1.82650E-01
    3.99100E+02    1.69533E+00    1.83539E-01
    3.99200E+02    1.69125E+00    1.84290E-01
    3.99300E+02    1.68702E+00    1.85070E-01
    3.99400E+02    1.68173E+00    1.86051E-01
    3.99500E+02    1.67795E+00    1.86757E-01
    3.99600E+02    1.67370E+00    1.87552E-01
    3.99700E+02    1.67082E+00    1.88094E-01
    3.99800E+02    1.66948E+00    1.88345E-01
    3.99900E+02    1.67228E+00    1.87819E-01

