#	Freq	Err	Trans
    2.99900E+02    4.09562E-01    6.63941E-01
    3.00000E+02    4.10105E-01    6.63581E-01
    3.00100E+02    4.10823E-01    6.63105E-01
    3.00200E+02    4.11529E-01    6.62636E-01
    3.00300E+02    4.12411E-01    6.62052E-01
    3.00400E+02    4.13706E-01    6.61196E-01
    3.00500E+02    4.15994E-01    6.59684E-01
    3.00600E+02    4.22292E-01    6.55543E-01
    3.00700E+02    4.45887E-01    6.40256E-01
    3.00800E+02    4.21205E-01    6.56256E-01
    3.00900E+02    4.18491E-01    6.58039E-01
    3.01000E+02    4.18234E-01    6.58208E-01
    3.01100E+02    4.18731E-01    6.57881E-01
    3.01200E+02    4.19751E-01    6.57211E-01
    3.01300E+02    4.21374E-01    6.56144E-01
    3.01400E+02    4.23868E-01    6.54510E-01
    3.01500E+02    4.28079E-01    6.51760E-01
    3.01600E+02    4.36610E-01    6.46224E-01
    3.01700E+02    4.60568E-01    6.30925E-01
    3.01800E+02    6.26846E-01    5.34274E-01
    3.01900E+02    4.76016E-01    6.21254E-01
    3.02000E+02    4.42904E-01    6.42169E-01
    3.02100E+02    4.33520E-01    6.48224E-01
    3.02200E+02    4.29895E-01    6.50578E-01
    3.02300E+02    4.28411E-01    6.51543E-01
    3.02400E+02    4.27954E-01    6.51842E-01
    3.02500E+02    4.28166E-01    6.51703E-01
    3.02600E+02    4.28735E-01    6.51332E-01
    3.02700E+02    4.29729E-01    6.50685E-01
    3.02800E+02    4.31465E-01    6.49557E-01
    3.02900E+02    4.34670E-01    6.47478E-01
    3.03000E+02    4.41987E-01    6.42758E-01
    3.03100E+02    4.67795E-01    6.26382E-01
    3.03200E+02    4.93346E-01    6.10580E-01
    3.03300E+02    4.47591E-01    6.39166E-01
    3.03400E+02    4.38995E-01    6.44684E-01
    3.03500E+02    4.36330E-01    6.46405E-01
    3.03600E+02    4.35634E-01    6.46854E-01
    3.03700E+02    4.35041E-01    6.47238E-01
    3.03800E+02    4.35157E-01    6.47163E-01
    3.03900E+02    4.35552E-01    6.46907E-01
    3.04000E+02    4.36048E-01    6.46587E-01
    3.04100E+02    4.36658E-01    6.46192E-01
    3.04200E+02    4.37355E-01    6.45742E-01
    3.04300E+02    4.38123E-01    6.45246E-01
    3.04400E+02    4.38964E-01    6.44704E-01
    3.04500E+02    4.39887E-01    6.44109E-01
    3.04600E+02    4.40928E-01    6.43439E-01
    3.04700E+02    4.42188E-01    6.42629E-01
    3.04800E+02    4.44369E-01    6.41229E-01
    3.04900E+02    4.44080E-01    6.41414E-01
    3.05000E+02    4.44162E-01    6.41361E-01
    3.05100E+02    4.44604E-01    6.41078E-01
    3.05200E+02    4.45106E-01    6.40756E-01
    3.05300E+02    4.45713E-01    6.40367E-01
    3.05400E+02    4.46378E-01    6.39942E-01
    3.05500E+02    4.47084E-01    6.39490E-01
    3.05600E+02    4.47827E-01    6.39015E-01
    3.05700E+02    4.48594E-01    6.38525E-01
    3.05800E+02    4.49387E-01    6.38019E-01
    3.05900E+02    4.50215E-01    6.37491E-01
    3.06000E+02    4.51072E-01    6.36945E-01
    3.06100E+02    4.51891E-01    6.36424E-01
    3.06200E+02    4.52760E-01    6.35871E-01
    3.06300E+02    4.53641E-01    6.35311E-01
    3.06400E+02    4.54547E-01    6.34735E-01
    3.06500E+02    4.55449E-01    6.34163E-01
    3.06600E+02    4.56379E-01    6.33574E-01
    3.06700E+02    4.57325E-01    6.32974E-01
    3.06800E+02    4.58296E-01    6.32360E-01
    3.06900E+02    4.59354E-01    6.31691E-01
    3.07000E+02    4.60291E-01    6.31100E-01
    3.07100E+02    4.61258E-01    6.30490E-01
    3.07200E+02    4.62284E-01    6.29844E-01
    3.07300E+02    4.63619E-01    6.29003E-01
    3.07400E+02    4.64753E-01    6.28290E-01
    3.07500E+02    4.65990E-01    6.27513E-01
    3.07600E+02    4.66851E-01    6.26973E-01
    3.07700E+02    4.67885E-01    6.26326E-01
    3.07800E+02    4.68976E-01    6.25643E-01
    3.07900E+02    4.70099E-01    6.24940E-01
    3.08000E+02    4.71234E-01    6.24232E-01
    3.08100E+02    4.72393E-01    6.23508E-01
    3.08200E+02    4.73583E-01    6.22767E-01
    3.08300E+02    4.74802E-01    6.22008E-01
    3.08400E+02    4.76085E-01    6.21210E-01
    3.08500E+02    4.77645E-01    6.20243E-01
    3.08600E+02    4.79314E-01    6.19208E-01
    3.08700E+02    4.79944E-01    6.18818E-01
    3.08800E+02    4.81269E-01    6.17999E-01
    3.08900E+02    4.82630E-01    6.17158E-01
    3.09000E+02    4.83783E-01    6.16447E-01
    3.09100E+02    4.85135E-01    6.15614E-01
    3.09200E+02    4.86586E-01    6.14722E-01
    3.09300E+02    4.88056E-01    6.13818E-01
    3.09400E+02    4.89684E-01    6.12820E-01
    3.09500E+02    4.91035E-01    6.11993E-01
    3.09600E+02    4.92654E-01    6.11002E-01
    3.09700E+02    4.94456E-01    6.09903E-01
    3.09800E+02    4.96638E-01    6.08573E-01
    3.09900E+02    4.99726E-01    6.06697E-01
    3.10000E+02    5.07446E-01    6.02031E-01
    3.10100E+02    5.14558E-01    5.97765E-01
    3.10200E+02    5.05260E-01    6.03349E-01
    3.10300E+02    5.04818E-01    6.03616E-01
    3.10400E+02    5.05545E-01    6.03177E-01
    3.10500E+02    5.06775E-01    6.02435E-01
    3.10600E+02    5.08166E-01    6.01598E-01
    3.10700E+02    5.09654E-01    6.00704E-01
    3.10800E+02    5.11200E-01    5.99775E-01
    3.10900E+02    5.12790E-01    5.98822E-01
    3.11000E+02    5.14429E-01    5.97842E-01
    3.11100E+02    5.16161E-01    5.96807E-01
    3.11200E+02    5.17829E-01    5.95813E-01
    3.11300E+02    5.19529E-01    5.94801E-01
    3.11400E+02    5.21295E-01    5.93751E-01
    3.11500E+02    5.23122E-01    5.92668E-01
    3.11600E+02    5.25072E-01    5.91513E-01
    3.11700E+02    5.26963E-01    5.90395E-01
    3.11800E+02    5.28839E-01    5.89289E-01
    3.11900E+02    5.30791E-01    5.88139E-01
    3.12000E+02    5.32827E-01    5.86943E-01
    3.12100E+02    5.34918E-01    5.85717E-01
    3.12200E+02    5.37059E-01    5.84464E-01
    3.12300E+02    5.39260E-01    5.83180E-01
    3.12400E+02    5.41519E-01    5.81864E-01
    3.12500E+02    5.43886E-01    5.80488E-01
    3.12600E+02    5.46270E-01    5.79106E-01
    3.12700E+02    5.48612E-01    5.77751E-01
    3.12800E+02    5.51091E-01    5.76321E-01
    3.12900E+02    5.53897E-01    5.74706E-01
    3.13000E+02    5.56213E-01    5.73376E-01
    3.13100E+02    5.58825E-01    5.71881E-01
    3.13200E+02    5.61448E-01    5.70382E-01
    3.13300E+02    5.64186E-01    5.68823E-01
    3.13400E+02    5.67000E-01    5.67224E-01
    3.13500E+02    5.69916E-01    5.65573E-01
    3.13600E+02    5.73017E-01    5.63822E-01
    3.13700E+02    5.75664E-01    5.62331E-01
    3.13800E+02    5.78619E-01    5.60672E-01
    3.13900E+02    5.81688E-01    5.58954E-01
    3.14000E+02    5.85349E-01    5.56911E-01
    3.14100E+02    5.87791E-01    5.55553E-01
    3.14200E+02    5.90899E-01    5.53829E-01
    3.14300E+02    5.94130E-01    5.52042E-01
    3.14400E+02    5.97459E-01    5.50208E-01
    3.14500E+02    6.00886E-01    5.48326E-01
    3.14600E+02    6.04423E-01    5.46390E-01
    3.14700E+02    6.08076E-01    5.44397E-01
    3.14800E+02    6.11861E-01    5.42341E-01
    3.14900E+02    6.15788E-01    5.40215E-01
    3.15000E+02    6.19884E-01    5.38007E-01
    3.15100E+02    6.24203E-01    5.35688E-01
    3.15200E+02    6.28682E-01    5.33294E-01
    3.15300E+02    6.33482E-01    5.30740E-01
    3.15400E+02    6.38721E-01    5.27967E-01
    3.15500E+02    6.44667E-01    5.24837E-01
    3.15600E+02    6.51997E-01    5.21004E-01
    3.15700E+02    6.62963E-01    5.15322E-01
    3.15800E+02    6.89799E-01    5.01677E-01
    3.15900E+02    7.44351E-01    4.75043E-01
    3.16000E+02    6.89080E-01    5.02038E-01
    3.16100E+02    6.88875E-01    5.02141E-01
    3.16200E+02    7.03587E-01    4.94807E-01
    3.16300E+02    7.77814E-01    4.59409E-01
    3.16400E+02    7.33101E-01    4.80417E-01
    3.16500E+02    7.11820E-01    4.90750E-01
    3.16600E+02    7.12243E-01    4.90542E-01
    3.16700E+02    7.23117E-01    4.85237E-01
    3.16800E+02    7.19337E-01    4.87075E-01
    3.16900E+02    7.24335E-01    4.84647E-01
    3.17000E+02    7.31202E-01    4.81330E-01
    3.17100E+02    7.40421E-01    4.76913E-01
    3.17200E+02    7.64974E-01    4.65346E-01
    3.17300E+02    7.54943E-01    4.70037E-01
    3.17400E+02    7.60865E-01    4.67262E-01
    3.17500E+02    7.68584E-01    4.63669E-01
    3.17600E+02    7.77083E-01    4.59745E-01
    3.17700E+02    7.86136E-01    4.55602E-01
    3.17800E+02    7.95633E-01    4.51295E-01
    3.17900E+02    8.05564E-01    4.46836E-01
    3.18000E+02    8.15961E-01    4.42214E-01
    3.18100E+02    8.26904E-01    4.37401E-01
    3.18200E+02    8.38237E-01    4.32472E-01
    3.18300E+02    8.50154E-01    4.27349E-01
    3.18400E+02    8.62629E-01    4.22051E-01
    3.18500E+02    8.75750E-01    4.16549E-01
    3.18600E+02    8.89373E-01    4.10913E-01
    3.18700E+02    9.03750E-01    4.05048E-01
    3.18800E+02    9.18843E-01    3.98980E-01
    3.18900E+02    9.34722E-01    3.92695E-01
    3.19000E+02    9.51413E-01    3.86195E-01
    3.19100E+02    9.69011E-01    3.79458E-01
    3.19200E+02    9.87706E-01    3.72430E-01
    3.19300E+02    1.00735E+00    3.65186E-01
    3.19400E+02    1.02832E+00    3.57608E-01
    3.19500E+02    1.05042E+00    3.49792E-01
    3.19600E+02    1.07432E+00    3.41529E-01
    3.19700E+02    1.10063E+00    3.32660E-01
    3.19800E+02    1.13121E+00    3.22643E-01
    3.19900E+02    1.17463E+00    3.08932E-01
    3.20000E+02    1.33939E+00    2.62005E-01
    3.20100E+02    1.23131E+00    2.91909E-01
    3.20200E+02    1.24819E+00    2.87023E-01
    3.20300E+02    1.27706E+00    2.78855E-01
    3.20400E+02    1.31045E+00    2.69699E-01
    3.20500E+02    1.34652E+00    2.60144E-01
    3.20600E+02    1.38494E+00    2.50338E-01
    3.20700E+02    1.42521E+00    2.40457E-01
    3.20800E+02    1.46720E+00    2.30569E-01
    3.20900E+02    1.51057E+00    2.20784E-01
    3.21000E+02    1.55509E+00    2.11171E-01
    3.21100E+02    1.60054E+00    2.01787E-01
    3.21200E+02    1.64652E+00    1.92719E-01
    3.21300E+02    1.69308E+00    1.83952E-01
    3.21400E+02    1.74082E+00    1.75376E-01
    3.21500E+02    1.79041E+00    1.66891E-01
    3.21600E+02    1.84228E+00    1.58455E-01
    3.21700E+02    1.89739E+00    1.49960E-01
    3.21800E+02    1.95635E+00    1.41373E-01
    3.21900E+02    2.02001E+00    1.32654E-01
    3.22000E+02    2.09118E+00    1.23541E-01
    3.22100E+02    2.16340E+00    1.14934E-01
    3.22200E+02    2.24328E+00    1.06110E-01
    3.22300E+02    2.33016E+00    9.72798E-02
    3.22400E+02    2.42476E+00    8.84995E-02
    3.22500E+02    2.52747E+00    7.98611E-02
    3.22600E+02    2.63892E+00    7.14381E-02
    3.22700E+02    2.76013E+00    6.32837E-02
    3.22800E+02    2.89132E+00    5.55030E-02
    3.22900E+02    3.03405E+00    4.81203E-02
    3.23000E+02    3.18907E+00    4.12102E-02
    3.23100E+02    3.35742E+00    3.48251E-02
    3.23200E+02    3.54020E+00    2.90076E-02
    3.23300E+02    3.73847E+00    2.37905E-02
    3.23400E+02    3.95345E+00    1.91883E-02
    3.23500E+02    4.18629E+00    1.52025E-02
    3.23600E+02    4.43814E+00    1.18180E-02
    3.23700E+02    4.71500E+00    8.95987E-03
    3.23800E+02    5.00115E+00    6.73019E-03
    3.23900E+02    5.31305E+00    4.92688E-03
    3.24000E+02    5.64572E+00    3.53261E-03
    3.24100E+02    5.99812E+00    2.48342E-03
    3.24200E+02    6.36903E+00    1.71382E-03
    3.24300E+02    6.75438E+00    1.16577E-03
    3.24400E+02    7.15033E+00    7.84608E-04
    3.24500E+02    7.55003E+00    5.26096E-04
    3.24600E+02    7.94497E+00    3.54439E-04
    3.24700E+02    8.32357E+00    2.42729E-04
    3.24800E+02    8.67144E+00    1.71412E-04
    3.24900E+02    8.97209E+00    1.26903E-04
    3.25000E+02    9.20509E+00    1.00527E-04
    3.25100E+02    9.34738E+00    8.71939E-05
    3.25200E+02    9.35691E+00    8.63668E-05
    3.25300E+02    9.23048E+00    9.80061E-05
    3.25400E+02    9.01175E+00    1.21968E-04
    3.25500E+02    8.72293E+00    1.62810E-04
    3.25600E+02    8.38501E+00    2.28263E-04
    3.25700E+02    8.01396E+00    3.30813E-04
    3.25800E+02    7.62538E+00    4.87912E-04
    3.25900E+02    7.23012E+00    7.24437E-04
    3.26000E+02    6.83744E+00    1.07285E-03
    3.26100E+02    6.45393E+00    1.57433E-03
    3.26200E+02    6.08418E+00    2.27863E-03
    3.26300E+02    5.73212E+00    3.24019E-03
    3.26400E+02    5.40053E+00    4.51417E-03
    3.26500E+02    5.09035E+00    6.15588E-03
    3.26600E+02    4.79819E+00    8.24467E-03
    3.26700E+02    4.53373E+00    1.07405E-02
    3.26800E+02    4.30923E+00    1.34439E-02
    3.26900E+02    4.34410E+00    1.29831E-02
    3.27000E+02    3.85530E+00    2.11673E-02
    3.27100E+02    3.62207E+00    2.67273E-02
    3.27200E+02    3.42510E+00    3.25461E-02
    3.27300E+02    3.24782E+00    3.88590E-02
    3.27400E+02    3.08576E+00    4.56952E-02
    3.27500E+02    2.93691E+00    5.30292E-02
    3.27600E+02    2.80025E+00    6.07948E-02
    3.27700E+02    2.67646E+00    6.88066E-02
    3.27800E+02    2.57129E+00    7.64367E-02
    3.27900E+02    2.45894E+00    8.55258E-02
    3.28000E+02    2.34695E+00    9.56607E-02
    3.28100E+02    2.25032E+00    1.05365E-01
    3.28200E+02    2.16198E+00    1.15097E-01
    3.28300E+02    2.08018E+00    1.24908E-01
    3.28400E+02    2.00416E+00    1.34774E-01
    3.28500E+02    1.93348E+00    1.44643E-01
    3.28600E+02    1.86740E+00    1.54526E-01
    3.28700E+02    1.80570E+00    1.64359E-01
    3.28800E+02    1.74810E+00    1.74104E-01
    3.28900E+02    1.69414E+00    1.83757E-01
    3.29000E+02    1.64363E+00    1.93277E-01
    3.29100E+02    1.59630E+00    2.02645E-01
    3.29200E+02    1.55174E+00    2.11879E-01
    3.29300E+02    1.51001E+00    2.20907E-01
    3.29400E+02    1.47052E+00    2.29807E-01
    3.29500E+02    1.43347E+00    2.38479E-01
    3.29600E+02    1.39868E+00    2.46922E-01
    3.29700E+02    1.36581E+00    2.55173E-01
    3.29800E+02    1.33560E+00    2.63001E-01
    3.29900E+02    1.30523E+00    2.71109E-01
    3.30000E+02    1.27731E+00    2.78786E-01
    3.30100E+02    1.25100E+00    2.86218E-01
    3.30200E+02    1.22612E+00    2.93430E-01
    3.30300E+02    1.20252E+00    3.00437E-01
    3.30400E+02    1.18017E+00    3.07227E-01
    3.30500E+02    1.15891E+00    3.13827E-01
    3.30600E+02    1.13879E+00    3.20207E-01
    3.30700E+02    1.11966E+00    3.26391E-01
    3.30800E+02    1.10143E+00    3.32396E-01
    3.30900E+02    1.08413E+00    3.38195E-01
    3.31000E+02    1.06772E+00    3.43793E-01
    3.31100E+02    1.05204E+00    3.49224E-01
    3.31200E+02    1.03709E+00    3.54485E-01
    3.31300E+02    1.02288E+00    3.59560E-01
    3.31400E+02    1.00933E+00    3.64461E-01
    3.31500E+02    9.96481E-01    3.69176E-01
    3.31600E+02    9.84237E-01    3.73724E-01
    3.31700E+02    9.72657E-01    3.78077E-01
    3.31800E+02    9.62308E-01    3.82010E-01
    3.31900E+02    9.51073E-01    3.86326E-01
    3.32000E+02    9.41123E-01    3.90190E-01
    3.32100E+02    9.32059E-01    3.93742E-01
    3.32200E+02    9.23510E-01    3.97123E-01
    3.32300E+02    9.16202E-01    4.00035E-01
    3.32400E+02    9.10821E-01    4.02194E-01
    3.32500E+02    9.09690E-01    4.02649E-01
    3.32600E+02    9.22777E-01    3.97414E-01
    3.32700E+02    1.08722E+00    3.37154E-01
    3.32800E+02    9.26620E-01    3.95890E-01
    3.32900E+02    9.33712E-01    3.93092E-01
    3.33000E+02    8.76606E-01    4.16193E-01
    3.33100E+02    8.60060E-01    4.23137E-01
    3.33200E+02    8.49675E-01    4.27554E-01
    3.33300E+02    8.41477E-01    4.31073E-01
    3.33400E+02    8.34425E-01    4.34124E-01
    3.33500E+02    8.27981E-01    4.36931E-01
    3.33600E+02    8.22088E-01    4.39513E-01
    3.33700E+02    8.16529E-01    4.41963E-01
    3.33800E+02    8.11330E-01    4.44267E-01
    3.33900E+02    8.06455E-01    4.46438E-01
    3.34000E+02    8.01781E-01    4.48529E-01
    3.34100E+02    7.97091E-01    4.50638E-01
    3.34200E+02    7.92737E-01    4.52604E-01
    3.34300E+02    7.88644E-01    4.54461E-01
    3.34400E+02    7.84670E-01    4.56270E-01
    3.34500E+02    7.80937E-01    4.57977E-01
    3.34600E+02    7.77366E-01    4.59615E-01
    3.34700E+02    7.74008E-01    4.61161E-01
    3.34800E+02    7.70815E-01    4.62636E-01
    3.34900E+02    7.67941E-01    4.63967E-01
    3.35000E+02    7.65547E-01    4.65080E-01
    3.35100E+02    7.64353E-01    4.65635E-01
    3.35200E+02    7.68003E-01    4.63939E-01
    3.35300E+02    7.76347E-01    4.60084E-01
    3.35400E+02    7.57429E-01    4.68870E-01
    3.35500E+02    7.51956E-01    4.71444E-01
    3.35600E+02    7.48467E-01    4.73091E-01
    3.35700E+02    7.45884E-01    4.74315E-01
    3.35800E+02    7.42709E-01    4.75823E-01
    3.35900E+02    7.40581E-01    4.76837E-01
    3.36000E+02    7.37727E-01    4.78200E-01
    3.36100E+02    7.35381E-01    4.79323E-01
    3.36200E+02    7.33566E-01    4.80194E-01
    3.36300E+02    7.31023E-01    4.81416E-01
    3.36400E+02    7.28947E-01    4.82417E-01
    3.36500E+02    7.26972E-01    4.83370E-01
    3.36600E+02    7.25099E-01    4.84277E-01
    3.36700E+02    7.23282E-01    4.85157E-01
    3.36800E+02    7.21554E-01    4.85996E-01
    3.36900E+02    7.19920E-01    4.86791E-01
    3.37000E+02    7.18330E-01    4.87566E-01
    3.37100E+02    7.16949E-01    4.88240E-01
    3.37200E+02    7.15492E-01    4.88951E-01
    3.37300E+02    7.14068E-01    4.89648E-01
    3.37400E+02    7.12738E-01    4.90300E-01
    3.37500E+02    7.11599E-01    4.90859E-01
    3.37600E+02    7.10710E-01    4.91295E-01
    3.37700E+02    7.09299E-01    4.91989E-01
    3.37800E+02    7.07953E-01    4.92652E-01
    3.37900E+02    7.06829E-01    4.93205E-01
    3.38000E+02    7.05795E-01    4.93716E-01
    3.38100E+02    7.04852E-01    4.94182E-01
    3.38200E+02    7.03929E-01    4.94638E-01
    3.38300E+02    7.03145E-01    4.95026E-01
    3.38400E+02    7.02321E-01    4.95434E-01
    3.38500E+02    7.01544E-01    4.95819E-01
    3.38600E+02    7.00969E-01    4.96104E-01
    3.38700E+02    7.01642E-01    4.95770E-01
    3.38800E+02    6.99834E-01    4.96668E-01
    3.38900E+02    6.98894E-01    4.97135E-01
    3.39000E+02    6.98182E-01    4.97489E-01
    3.39100E+02    6.97584E-01    4.97787E-01
    3.39200E+02    6.97051E-01    4.98052E-01
    3.39300E+02    6.96555E-01    4.98299E-01
    3.39400E+02    6.96102E-01    4.98525E-01
    3.39500E+02    6.95682E-01    4.98734E-01
    3.39600E+02    6.95298E-01    4.98926E-01
    3.39700E+02    6.94947E-01    4.99101E-01
    3.39800E+02    6.94643E-01    4.99253E-01
    3.39900E+02    6.94379E-01    4.99384E-01
    3.40000E+02    6.94085E-01    4.99531E-01
    3.40100E+02    6.93848E-01    4.99650E-01
    3.40200E+02    6.93647E-01    4.99750E-01
    3.40300E+02    6.93473E-01    4.99837E-01
    3.40400E+02    6.93333E-01    4.99907E-01
    3.40500E+02    6.93232E-01    4.99958E-01
    3.40600E+02    6.93239E-01    4.99954E-01
    3.40700E+02    6.93485E-01    4.99831E-01
    3.40800E+02    6.93059E-01    5.00044E-01
    3.40900E+02    6.92994E-01    5.00077E-01
    3.41000E+02    6.92983E-01    5.00082E-01
    3.41100E+02    6.93006E-01    5.00070E-01
    3.41200E+02    6.93060E-01    5.00044E-01
    3.41300E+02    6.93138E-01    5.00005E-01
    3.41400E+02    6.93242E-01    4.99953E-01
    3.41500E+02    6.93374E-01    4.99887E-01
    3.41600E+02    6.93529E-01    4.99809E-01
    3.41700E+02    6.93718E-01    4.99715E-01
    3.41800E+02    6.93967E-01    4.99590E-01
    3.41900E+02    6.94399E-01    4.99374E-01
    3.42000E+02    6.94505E-01    4.99322E-01
    3.42100E+02    6.95255E-01    4.98947E-01
    3.42200E+02    6.95086E-01    4.99031E-01
    3.42300E+02    6.95418E-01    4.98866E-01
    3.42400E+02    6.95817E-01    4.98667E-01
    3.42500E+02    6.96316E-01    4.98418E-01
    3.42600E+02    6.96805E-01    4.98174E-01
    3.42700E+02    6.97476E-01    4.97840E-01
    3.42800E+02    6.98382E-01    4.97390E-01
    3.42900E+02    6.99706E-01    4.96731E-01
    3.43000E+02    7.02182E-01    4.95503E-01
    3.43100E+02    7.08922E-01    4.92175E-01
    3.43200E+02    7.36331E-01    4.78868E-01
    3.43300E+02    7.17906E-01    4.87772E-01
    3.43400E+02    7.08073E-01    4.92592E-01
    3.43500E+02    7.18143E-01    4.87657E-01
    3.43600E+02    7.05130E-01    4.94045E-01
    3.43700E+02    7.03221E-01    4.94988E-01
    3.43800E+02    7.02832E-01    4.95181E-01
    3.43900E+02    7.02925E-01    4.95135E-01
    3.44000E+02    7.03175E-01    4.95011E-01
    3.44100E+02    7.03557E-01    4.94822E-01
    3.44200E+02    7.04012E-01    4.94597E-01
    3.44300E+02    7.04519E-01    4.94346E-01
    3.44400E+02    7.05073E-01    4.94072E-01
    3.44500E+02    7.05664E-01    4.93780E-01
    3.44600E+02    7.06310E-01    4.93462E-01
    3.44700E+02    7.06945E-01    4.93148E-01
    3.44800E+02    7.07659E-01    4.92797E-01
    3.44900E+02    7.08351E-01    4.92456E-01
    3.45000E+02    7.08985E-01    4.92143E-01
    3.45100E+02    7.09689E-01    4.91797E-01
    3.45200E+02    7.10425E-01    4.91436E-01
    3.45300E+02    7.11174E-01    4.91068E-01
    3.45400E+02    7.11947E-01    4.90688E-01
    3.45500E+02    7.12734E-01    4.90302E-01
    3.45600E+02    7.13544E-01    4.89905E-01
    3.45700E+02    7.14365E-01    4.89503E-01
    3.45800E+02    7.15202E-01    4.89093E-01
    3.45900E+02    7.16061E-01    4.88673E-01
    3.46000E+02    7.16929E-01    4.88249E-01
    3.46100E+02    7.17825E-01    4.87812E-01
    3.46200E+02    7.18733E-01    4.87369E-01
    3.46300E+02    7.19629E-01    4.86933E-01
    3.46400E+02    7.20582E-01    4.86469E-01
    3.46500E+02    7.21495E-01    4.86025E-01
    3.46600E+02    7.22498E-01    4.85538E-01
    3.46700E+02    7.23457E-01    4.85073E-01
    3.46800E+02    7.24494E-01    4.84569E-01
    3.46900E+02    7.25562E-01    4.84052E-01
    3.47000E+02    7.26514E-01    4.83592E-01
    3.47100E+02    7.27581E-01    4.83076E-01
    3.47200E+02    7.28862E-01    4.82458E-01
    3.47300E+02    7.29760E-01    4.82025E-01
    3.47400E+02    7.30738E-01    4.81553E-01
    3.47500E+02    7.31801E-01    4.81042E-01
    3.47600E+02    7.32932E-01    4.80498E-01
    3.47700E+02    7.34107E-01    4.79934E-01
    3.47800E+02    7.35636E-01    4.79200E-01
    3.47900E+02    7.36417E-01    4.78826E-01
    3.48000E+02    7.37640E-01    4.78241E-01
    3.48100E+02    7.38735E-01    4.77718E-01
    3.48200E+02    7.39930E-01    4.77147E-01
    3.48300E+02    7.41126E-01    4.76577E-01
    3.48400E+02    7.42378E-01    4.75981E-01
    3.48500E+02    7.43654E-01    4.75374E-01
    3.48600E+02    7.45020E-01    4.74725E-01
    3.48700E+02    7.46187E-01    4.74171E-01
    3.48800E+02    7.47516E-01    4.73541E-01
    3.48900E+02    7.48829E-01    4.72920E-01
    3.49000E+02    7.50444E-01    4.72157E-01
    3.49100E+02    7.51530E-01    4.71644E-01
    3.49200E+02    7.52914E-01    4.70992E-01
    3.49300E+02    7.54339E-01    4.70321E-01
    3.49400E+02    7.55865E-01    4.69604E-01
    3.49500E+02    7.57599E-01    4.68791E-01
    3.49600E+02    7.59414E-01    4.67941E-01
    3.49700E+02    7.62601E-01    4.66452E-01
    3.49800E+02    7.63603E-01    4.65984E-01
    3.49900E+02    7.63619E-01    4.65977E-01
    3.50000E+02    7.64781E-01    4.65436E-01
    3.50100E+02    7.66143E-01    4.64802E-01
    3.50200E+02    7.67626E-01    4.64114E-01
    3.50300E+02    7.69170E-01    4.63398E-01
    3.50400E+02    7.70712E-01    4.62683E-01
    3.50500E+02    7.72325E-01    4.61938E-01
    3.50600E+02    7.73994E-01    4.61167E-01
    3.50700E+02    7.75640E-01    4.60409E-01
    3.50800E+02    7.77385E-01    4.59606E-01
    3.50900E+02    7.79135E-01    4.58803E-01
    3.51000E+02    7.80895E-01    4.57996E-01
    3.51100E+02    7.82749E-01    4.57148E-01
    3.51200E+02    7.84646E-01    4.56281E-01
    3.51300E+02    7.86600E-01    4.55390E-01
    3.51400E+02    7.88688E-01    4.54441E-01
    3.51500E+02    7.90948E-01    4.53415E-01
    3.51600E+02    7.93173E-01    4.52407E-01
    3.51700E+02    7.95775E-01    4.51231E-01
    3.51800E+02    7.98743E-01    4.49894E-01
    3.51900E+02    8.02557E-01    4.48182E-01
    3.52000E+02    8.07663E-01    4.45899E-01
    3.52100E+02    8.16220E-01    4.42099E-01
    3.52200E+02    8.35500E-01    4.33658E-01
    3.52300E+02    9.37569E-01    3.91578E-01
    3.52400E+02    8.65741E-01    4.20740E-01
    3.52500E+02    8.41848E-01    4.30913E-01
    3.52600E+02    8.77576E-01    4.15789E-01
    3.52700E+02    8.45145E-01    4.29495E-01
    3.52800E+02    9.18605E-01    3.99075E-01
    3.52900E+02    8.47194E-01    4.28616E-01
    3.53000E+02    8.31187E-01    4.35532E-01
    3.53100E+02    8.27762E-01    4.37026E-01
    3.53200E+02    8.27704E-01    4.37052E-01
    3.53300E+02    8.29457E-01    4.36286E-01
    3.53400E+02    8.29345E-01    4.36335E-01
    3.53500E+02    8.30803E-01    4.35699E-01
    3.53600E+02    8.32419E-01    4.34996E-01
    3.53700E+02    8.34385E-01    4.34141E-01
    3.53800E+02    8.36326E-01    4.33299E-01
    3.53900E+02    8.38432E-01    4.32388E-01
    3.54000E+02    8.40596E-01    4.31453E-01
    3.54100E+02    8.42953E-01    4.30438E-01
    3.54200E+02    8.45337E-01    4.29412E-01
    3.54300E+02    8.47806E-01    4.28354E-01
    3.54400E+02    8.50476E-01    4.27212E-01
    3.54500E+02    8.53493E-01    4.25925E-01
    3.54600E+02    8.56574E-01    4.24614E-01
    3.54700E+02    8.60425E-01    4.22982E-01
    3.54800E+02    8.65925E-01    4.20662E-01
    3.54900E+02    8.77099E-01    4.15988E-01
    3.55000E+02    9.34431E-01    3.92809E-01
    3.55100E+02    8.90202E-01    4.10573E-01
    3.55200E+02    8.78566E-01    4.15378E-01
    3.55300E+02    8.76752E-01    4.16132E-01
    3.55400E+02    8.77653E-01    4.15757E-01
    3.55500E+02    8.79396E-01    4.15034E-01
    3.55600E+02    8.81554E-01    4.14139E-01
    3.55700E+02    8.83988E-01    4.13132E-01
    3.55800E+02    8.86611E-01    4.12050E-01
    3.55900E+02    8.89402E-01    4.10901E-01
    3.56000E+02    8.92448E-01    4.09652E-01
    3.56100E+02    8.96708E-01    4.07910E-01
    3.56200E+02    8.98365E-01    4.07235E-01
    3.56300E+02    9.01632E-01    4.05907E-01
    3.56400E+02    9.07291E-01    4.03616E-01
    3.56500E+02    9.08305E-01    4.03207E-01
    3.56600E+02    9.11058E-01    4.02098E-01
    3.56700E+02    9.14170E-01    4.00849E-01
    3.56800E+02    9.17453E-01    3.99535E-01
    3.56900E+02    9.20974E-01    3.98131E-01
    3.57000E+02    9.24765E-01    3.96625E-01
    3.57100E+02    9.28858E-01    3.95004E-01
    3.57200E+02    9.33426E-01    3.93204E-01
    3.57300E+02    9.39227E-01    3.90930E-01
    3.57400E+02    9.46725E-01    3.88010E-01
    3.57500E+02    9.61531E-01    3.82307E-01
    3.57600E+02    1.02629E+00    3.58333E-01
    3.57700E+02    9.89918E-01    3.71607E-01
    3.57800E+02    9.68552E-01    3.79632E-01
    3.57900E+02    9.67275E-01    3.80117E-01
    3.58000E+02    9.72307E-01    3.78209E-01
    3.58100E+02    9.87261E-01    3.72596E-01
    3.58200E+02    1.11757E+00    3.27073E-01
    3.58300E+02    9.96036E-01    3.69341E-01
    3.58400E+02    9.90283E-01    3.71472E-01
    3.58500E+02    9.94643E-01    3.69856E-01
    3.58600E+02    1.00534E+00    3.65921E-01
    3.58700E+02    1.03024E+00    3.56923E-01
    3.58800E+02    1.12329E+00    3.25208E-01
    3.58900E+02    1.14198E+00    3.19186E-01
    3.59000E+02    1.04377E+00    3.52126E-01
    3.59100E+02    1.02559E+00    3.58583E-01
    3.59200E+02    1.02173E+00    3.59973E-01
    3.59300E+02    1.02314E+00    3.59465E-01
    3.59400E+02    1.02802E+00    3.57714E-01
    3.59500E+02    1.03895E+00    3.53826E-01
    3.59600E+02    1.08026E+00    3.39509E-01
    3.59700E+02    1.08211E+00    3.38879E-01
    3.59800E+02    1.05029E+00    3.49838E-01
    3.59900E+02    1.04717E+00    3.50931E-01
    3.60000E+02    1.04867E+00    3.50402E-01
    3.60100E+02    1.05147E+00    3.49425E-01
    3.60200E+02    1.05526E+00    3.48102E-01
    3.60300E+02    1.05961E+00    3.46590E-01
    3.60400E+02    1.06424E+00    3.44989E-01
    3.60500E+02    1.06913E+00    3.43308E-01
    3.60600E+02    1.07422E+00    3.41565E-01
    3.60700E+02    1.07933E+00    3.39823E-01
    3.60800E+02    1.08469E+00    3.38005E-01
    3.60900E+02    1.09033E+00    3.36107E-01
    3.61000E+02    1.09583E+00    3.34263E-01
    3.61100E+02    1.10172E+00    3.32297E-01
    3.61200E+02    1.10765E+00    3.30334E-01
    3.61300E+02    1.11394E+00    3.28265E-01
    3.61400E+02    1.12072E+00    3.26044E-01
    3.61500E+02    1.12892E+00    3.23382E-01
    3.61600E+02    1.14332E+00    3.18759E-01
    3.61700E+02    1.16170E+00    3.12954E-01
    3.61800E+02    1.14995E+00    3.16652E-01
    3.61900E+02    1.15289E+00    3.15722E-01
    3.62000E+02    1.15832E+00    3.14014E-01
    3.62100E+02    1.16461E+00    3.12045E-01
    3.62200E+02    1.17142E+00    3.09927E-01
    3.62300E+02    1.17866E+00    3.07692E-01
    3.62400E+02    1.18521E+00    3.05681E-01
    3.62500E+02    1.19250E+00    3.03461E-01
    3.62600E+02    1.20058E+00    3.01021E-01
    3.62700E+02    1.20768E+00    2.98889E-01
    3.62800E+02    1.21561E+00    2.96530E-01
    3.62900E+02    1.22399E+00    2.94055E-01
    3.63000E+02    1.23236E+00    2.91603E-01
    3.63100E+02    1.24183E+00    2.88856E-01
    3.63200E+02    1.25140E+00    2.86104E-01
    3.63300E+02    1.26398E+00    2.82528E-01
    3.63400E+02    1.28841E+00    2.75709E-01
    3.63500E+02    1.32215E+00    2.66560E-01
    3.63600E+02    1.29748E+00    2.73220E-01
    3.63700E+02    1.30183E+00    2.72033E-01
    3.63800E+02    1.30774E+00    2.70430E-01
    3.63900E+02    1.31724E+00    2.67873E-01
    3.64000E+02    1.32884E+00    2.64785E-01
    3.64100E+02    1.34293E+00    2.61080E-01
    3.64200E+02    1.36204E+00    2.56137E-01
    3.64300E+02    1.39611E+00    2.47558E-01
    3.64400E+02    1.51924E+00    2.18878E-01
    3.64500E+02    1.51572E+00    2.19650E-01
    3.64600E+02    1.42750E+00    2.39908E-01
    3.64700E+02    1.41626E+00    2.42621E-01
    3.64800E+02    1.41920E+00    2.41906E-01
    3.64900E+02    1.42696E+00    2.40038E-01
    3.65000E+02    1.43702E+00    2.37634E-01
    3.65100E+02    1.44843E+00    2.34938E-01
    3.65200E+02    1.46079E+00    2.32054E-01
    3.65300E+02    1.47452E+00    2.28889E-01
    3.65400E+02    1.48769E+00    2.25895E-01
    3.65500E+02    1.50204E+00    2.22675E-01
    3.65600E+02    1.51710E+00    2.19348E-01
    3.65700E+02    1.53293E+00    2.15903E-01
    3.65800E+02    1.55012E+00    2.12222E-01
    3.65900E+02    1.56697E+00    2.08677E-01
    3.66000E+02    1.58478E+00    2.04992E-01
    3.66100E+02    1.60388E+00    2.01115E-01
    3.66200E+02    1.62422E+00    1.97066E-01
    3.66300E+02    1.64586E+00    1.92847E-01
    3.66400E+02    1.66942E+00    1.88356E-01
    3.66500E+02    1.69585E+00    1.83443E-01
    3.66600E+02    1.72816E+00    1.77611E-01
    3.66700E+02    1.78199E+00    1.68303E-01
    3.66800E+02    1.88026E+00    1.52551E-01
    3.66900E+02    1.82429E+00    1.61332E-01
    3.67000E+02    1.84462E+00    1.58085E-01
    3.67100E+02    1.87734E+00    1.52997E-01
    3.67200E+02    1.91665E+00    1.47099E-01
    3.67300E+02    1.96224E+00    1.40543E-01
    3.67400E+02    2.01382E+00    1.33478E-01
    3.67500E+02    2.07287E+00    1.25824E-01
    3.67600E+02    2.14179E+00    1.17445E-01
    3.67700E+02    2.22290E+00    1.08295E-01
    3.67800E+02    2.31924E+00    9.83487E-02
    3.67900E+02    2.43709E+00    8.74148E-02
    3.68000E+02    2.58324E+00    7.55285E-02
    3.68100E+02    2.77196E+00    6.25394E-02
    3.68200E+02    3.02663E+00    4.84786E-02
    3.68300E+02    3.40046E+00    3.33578E-02
    3.68400E+02    4.03574E+00    1.76725E-02
    3.68500E+02    6.64065E+00    1.30618E-03
    3.68600E+02    4.05463E+00    1.73419E-02
    3.68700E+02    3.47724E+00    3.08927E-02
    3.68800E+02    3.15811E+00    4.25058E-02
    3.68900E+02    2.95811E+00    5.19167E-02
    3.69000E+02    2.81664E+00    5.98063E-02
    3.69100E+02    2.71011E+00    6.65297E-02
    3.69200E+02    2.63753E+00    7.15375E-02
    3.69300E+02    2.58671E+00    7.52675E-02
    3.69400E+02    2.55181E+00    7.79401E-02
    3.69500E+02    2.52929E+00    7.97159E-02
    3.69600E+02    2.51654E+00    8.07388E-02
    3.69700E+02    2.51158E+00    8.11395E-02
    3.69800E+02    2.51313E+00    8.10144E-02
    3.69900E+02    2.52016E+00    8.04471E-02
    3.70000E+02    2.53219E+00    7.94850E-02
    3.70100E+02    2.54768E+00    7.82627E-02
    3.70200E+02    2.56641E+00    7.68109E-02
    3.70300E+02    2.58866E+00    7.51207E-02
    3.70400E+02    2.61385E+00    7.32521E-02
    3.70500E+02    2.64190E+00    7.12255E-02
    3.70600E+02    2.67277E+00    6.90604E-02
    3.70700E+02    2.70684E+00    6.67474E-02
    3.70800E+02    2.74517E+00    6.42373E-02
    3.70900E+02    2.79343E+00    6.12111E-02
    3.71000E+02    2.90597E+00    5.46956E-02
    3.71100E+02    2.88711E+00    5.57368E-02
    3.71200E+02    2.90611E+00    5.46881E-02
    3.71300E+02    2.94396E+00    5.26570E-02
    3.71400E+02    2.98751E+00    5.04131E-02
    3.71500E+02    3.03442E+00    4.81027E-02
    3.71600E+02    3.08390E+00    4.57804E-02
    3.71700E+02    3.13583E+00    4.34637E-02
    3.71800E+02    3.19006E+00    4.11693E-02
    3.71900E+02    3.24657E+00    3.89074E-02
    3.72000E+02    3.30558E+00    3.66780E-02
    3.72100E+02    3.36674E+00    3.45021E-02
    3.72200E+02    3.43045E+00    3.23724E-02
    3.72300E+02    3.49676E+00    3.02953E-02
    3.72400E+02    3.56573E+00    2.82764E-02
    3.72500E+02    3.63747E+00    2.63190E-02
    3.72600E+02    3.71222E+00    2.44233E-02
    3.72700E+02    3.78987E+00    2.25985E-02
    3.72800E+02    3.87047E+00    2.08486E-02
    3.72900E+02    3.95468E+00    1.91648E-02
    3.73000E+02    4.04424E+00    1.75230E-02
    3.73100E+02    4.13318E+00    1.60318E-02
    3.73200E+02    4.22800E+00    1.45815E-02
    3.73300E+02    4.32647E+00    1.32140E-02
    3.73400E+02    4.42937E+00    1.19220E-02
    3.73500E+02    4.53690E+00    1.07065E-02
    3.73600E+02    4.64905E+00    9.57070E-03
    3.73700E+02    4.76578E+00    8.51622E-03
    3.73800E+02    4.88820E+00    7.53499E-03
    3.73900E+02    5.01593E+00    6.63145E-03
    3.74000E+02    5.14924E+00    5.80379E-03
    3.74100E+02    5.28912E+00    5.04618E-03
    3.74200E+02    5.43547E+00    4.35918E-03
    3.74300E+02    5.58917E+00    3.73813E-03
    3.74400E+02    5.74933E+00    3.18492E-03
    3.74500E+02    5.91778E+00    2.69117E-03
    3.74600E+02    6.09478E+00    2.25461E-03
    3.74700E+02    6.28101E+00    1.87150E-03
    3.74800E+02    6.47743E+00    1.53776E-03
    3.74900E+02    6.68585E+00    1.24846E-03
    3.75000E+02    6.91056E+00    9.97199E-04
    3.75100E+02    7.17082E+00    7.68694E-04
    3.75200E+02    7.50493E+00    5.50365E-04
    3.75300E+02    7.64033E+00    4.80670E-04
    3.75400E+02    7.88731E+00    3.75479E-04
    3.75500E+02    8.16136E+00    2.85474E-04
    3.75600E+02    8.45442E+00    2.12957E-04
    3.75700E+02    8.76663E+00    1.55848E-04
    3.75800E+02    9.09792E+00    1.11898E-04
    3.75900E+02    9.45088E+00    7.86205E-05
    3.76000E+02    9.82917E+00    5.38575E-05
    3.76100E+02    1.02243E+01    3.62764E-05
    3.76200E+02    1.06673E+01    2.32948E-05
    3.76300E+02    1.11042E+01    1.50487E-05
    3.76400E+02    1.15669E+01    9.47412E-06
    3.76500E+02    1.20720E+01    5.71743E-06
    3.76600E+02    1.26131E+01    3.32816E-06
    3.76700E+02    1.31918E+01    1.86589E-06
    3.76800E+02    1.38110E+01    1.00455E-06
    3.76900E+02    1.44736E+01    5.17815E-07
    3.77000E+02    1.51842E+01    2.54439E-07
    3.77100E+02    1.59461E+01    1.18765E-07
    3.77200E+02    1.67646E+01    5.23849E-08
    3.77300E+02    1.76445E+01    2.17319E-08
    3.77400E+02    1.85908E+01    8.43533E-09
    3.77500E+02    1.96108E+01    3.04192E-09
    3.77600E+02    2.07095E+01    1.01385E-09
    3.77700E+02    2.18956E+01    3.09651E-10
    3.77800E+02    2.31762E+01    8.60442E-11
    3.77900E+02    2.45609E+01    2.15454E-11
    3.78000E+02    2.60590E+01    4.81653E-12
    3.78100E+02    2.76840E+01    9.48404E-13
    3.78200E+02    2.94631E+01    1.60082E-13
    3.78300E+02    3.14579E+01    2.17774E-14
    3.78400E+02    3.33818E+01    3.18022E-15
    3.78500E+02    3.55756E+01    3.54588E-16
    3.78600E+02    3.79581E+01    3.27353E-17
    3.78700E+02    4.05697E+01    2.40325E-18
    3.78800E+02    4.32822E+01    1.59508E-19
    3.78900E+02    4.62321E+01    8.34929E-21
    3.79000E+02    4.93858E+01    3.56457E-22
    3.79100E+02    5.27408E+01    1.24442E-23
    3.79200E+02    5.62763E+01    3.62687E-25
    3.79300E+02    5.99720E+01    9.00529E-27
    3.79400E+02    6.37959E+01    1.96700E-28
    3.79500E+02    6.76959E+01    3.98146E-30
    3.79600E+02    7.15999E+01    8.02682E-32
    3.79700E+02    7.54121E+01    1.77391E-33
    3.79800E+02    7.90125E+01    4.84538E-35
    3.79900E+02    8.22485E+01    1.90516E-36
    3.80000E+02    8.49366E+01    1.29565E-37
    3.80100E+02    8.68528E+01    1.90686E-38
    3.80200E+02    8.76530E+01    8.56602E-39
    3.80300E+02    8.68733E+01    1.86813E-38
    3.80400E+02    8.50016E+01    1.21417E-37
    3.80500E+02    8.23659E+01    1.69414E-36
    3.80600E+02    7.91782E+01    4.10520E-35
    3.80700E+02    7.56306E+01    1.42574E-33
    3.80800E+02    7.18669E+01    6.14605E-32
    3.80900E+02    6.80073E+01    2.91617E-30
    3.81000E+02    6.41517E+01    1.37812E-28
    3.81100E+02    6.03641E+01    6.08451E-27
    3.81200E+02    5.66965E+01    2.38253E-25
    3.81300E+02    5.31889E+01    7.94980E-24
    3.81400E+02    4.98613E+01    2.21561E-22
    3.81500E+02    4.67219E+01    5.11629E-21
    3.81600E+02    4.37823E+01    9.67356E-20
    3.81700E+02    4.10348E+01    1.50945E-18
    3.81800E+02    3.84753E+01    1.95156E-17
    3.81900E+02    3.60995E+01    2.09975E-16
    3.82000E+02    3.38965E+01    1.90079E-15
    3.82100E+02    3.18580E+01    1.45971E-14
    3.82200E+02    2.99692E+01    9.65017E-14
    3.82300E+02    2.82189E+01    5.55505E-13
    3.82400E+02    2.66016E+01    2.79957E-12
    3.82500E+02    2.51052E+01    1.25017E-11
    3.82600E+02    2.37201E+01    4.99470E-11
    3.82700E+02    2.24375E+01    1.80105E-10
    3.82800E+02    2.12487E+01    5.91317E-10
    3.82900E+02    2.01454E+01    1.78228E-09
    3.83000E+02    1.91220E+01    4.95946E-09
    3.83100E+02    1.81711E+01    1.28354E-08
    3.83200E+02    1.72867E+01    3.10810E-08
    3.83300E+02    1.64642E+01    7.07457E-08
    3.83400E+02    1.56965E+01    1.52439E-07
    3.83500E+02    1.49810E+01    3.11785E-07
    3.83600E+02    1.43130E+01    6.08072E-07
    3.83700E+02    1.36883E+01    1.13566E-06
    3.83800E+02    1.31045E+01    2.03601E-06
    3.83900E+02    1.25575E+01    3.51825E-06
    3.84000E+02    1.20446E+01    5.87603E-06
    3.84100E+02    1.15634E+01    9.50773E-06
    3.84200E+02    1.11115E+01    1.49402E-05
    3.84300E+02    1.06864E+01    2.28539E-05
    3.84400E+02    1.02866E+01    3.40863E-05
    3.84500E+02    9.91021E+00    4.96648E-05
    3.84600E+02    9.55619E+00    7.07618E-05
    3.84700E+02    9.22076E+00    9.89635E-05
    3.84800E+02    8.90398E+00    1.35847E-04
    3.84900E+02    8.60464E+00    1.83253E-04
    3.85000E+02    8.32146E+00    2.43239E-04
    3.85100E+02    8.05368E+00    3.17928E-04
    3.85200E+02    7.79986E+00    4.09794E-04
    3.85300E+02    7.55993E+00    5.20913E-04
    3.85400E+02    7.33006E+00    6.55536E-04
    3.85500E+02    7.11279E+00    8.14622E-04
    3.85600E+02    6.90627E+00    1.00149E-03
    3.85700E+02    6.70921E+00    1.21962E-03
    3.85800E+02    6.52173E+00    1.47112E-03
    3.85900E+02    6.34234E+00    1.76018E-03
    3.86000E+02    6.17106E+00    2.08902E-03
    3.86100E+02    6.00774E+00    2.45965E-03
    3.86200E+02    5.85188E+00    2.87449E-03
    3.86300E+02    5.70310E+00    3.33561E-03
    3.86400E+02    5.56022E+00    3.84794E-03
    3.86500E+02    5.42374E+00    4.41060E-03
    3.86600E+02    5.29405E+00    5.02137E-03
    3.86700E+02    5.16954E+00    5.68717E-03
    3.86800E+02    5.05178E+00    6.39795E-03
    3.86900E+02    4.93952E+00    7.15800E-03
    3.87000E+02    4.83756E+00    7.92637E-03
    3.87100E+02    4.79212E+00    8.29489E-03
    3.87200E+02    4.65228E+00    9.53979E-03
    3.87300E+02    4.62578E+00    9.79606E-03
    3.87400E+02    4.44831E+00    1.16984E-02
    3.87500E+02    4.34696E+00    1.29461E-02
    3.87600E+02    4.25639E+00    1.41734E-02
    3.87700E+02    4.17200E+00    1.54213E-02
    3.87800E+02    4.09189E+00    1.67076E-02
    3.87900E+02    4.01545E+00    1.80348E-02
    3.88000E+02    3.94253E+00    1.93991E-02
    3.88100E+02    3.87191E+00    2.08185E-02
    3.88200E+02    3.80454E+00    2.22694E-02
    3.88300E+02    3.73994E+00    2.37555E-02
    3.88400E+02    3.67800E+00    2.52735E-02
    3.88500E+02    3.61857E+00    2.68209E-02
    3.88600E+02    3.56159E+00    2.83936E-02
    3.88700E+02    3.50694E+00    2.99885E-02
    3.88800E+02    3.45467E+00    3.15976E-02
    3.88900E+02    3.40494E+00    3.32087E-02
    3.89000E+02    3.35666E+00    3.48516E-02
    3.89100E+02    3.31057E+00    3.64953E-02
    3.89200E+02    3.26662E+00    3.81351E-02
    3.89300E+02    3.22468E+00    3.97683E-02
    3.89400E+02    3.18453E+00    4.13979E-02
    3.89500E+02    3.14605E+00    4.30217E-02
    3.89600E+02    3.10932E+00    4.46313E-02
    3.89700E+02    3.07410E+00    4.62314E-02
    3.89800E+02    3.04026E+00    4.78225E-02
    3.89900E+02    3.00761E+00    4.94096E-02
    3.90000E+02    2.97602E+00    5.09955E-02
    3.90100E+02    2.94506E+00    5.25991E-02
    3.90200E+02    2.91453E+00    5.42296E-02
    3.90300E+02    2.88429E+00    5.58946E-02
    3.90400E+02    2.85387E+00    5.76211E-02
    3.90500E+02    2.82320E+00    5.94157E-02
    3.90600E+02    2.79168E+00    6.13182E-02
    3.90700E+02    2.75862E+00    6.33791E-02
    3.90800E+02    2.72477E+00    6.55615E-02
    3.90900E+02    2.69055E+00    6.78437E-02
    3.91000E+02    2.65624E+00    7.02117E-02
    3.91100E+02    2.62210E+00    7.26502E-02
    3.91200E+02    2.58844E+00    7.51373E-02
    3.91300E+02    2.55591E+00    7.76218E-02
    3.91400E+02    2.52280E+00    8.02343E-02
    3.91500E+02    2.49137E+00    8.27962E-02
    3.91600E+02    2.45982E+00    8.54503E-02
    3.91700E+02    2.42967E+00    8.80655E-02
    3.91800E+02    2.40068E+00    9.06564E-02
    3.91900E+02    2.37374E+00    9.31320E-02
    3.92000E+02    2.34579E+00    9.57712E-02
    3.92100E+02    2.31981E+00    9.82922E-02
    3.92200E+02    2.29535E+00    1.00726E-01
    3.92300E+02    2.27300E+00    1.03002E-01
    3.92400E+02    2.25445E+00    1.04931E-01
    3.92500E+02    2.24494E+00    1.05933E-01
    3.92600E+02    2.28318E+00    1.01960E-01
    3.92700E+02    2.27416E+00    1.02884E-01
    3.92800E+02    2.18118E+00    1.12909E-01
    3.92900E+02    2.14481E+00    1.17091E-01
    3.93000E+02    2.11886E+00    1.20168E-01
    3.93100E+02    2.09659E+00    1.22875E-01
    3.93200E+02    2.07631E+00    1.25392E-01
    3.93300E+02    2.05686E+00    1.27854E-01
    3.93400E+02    2.03850E+00    1.30223E-01
    3.93500E+02    2.02064E+00    1.32571E-01
    3.93600E+02    2.00348E+00    1.34865E-01
    3.93700E+02    1.98693E+00    1.37115E-01
    3.93800E+02    1.97094E+00    1.39326E-01
    3.93900E+02    1.95542E+00    1.41505E-01
    3.94000E+02    1.94042E+00    1.43644E-01
    3.94100E+02    1.92592E+00    1.45742E-01
    3.94200E+02    1.91151E+00    1.47857E-01
    3.94300E+02    1.89756E+00    1.49934E-01
    3.94400E+02    1.88405E+00    1.51974E-01
    3.94500E+02    1.87101E+00    1.53969E-01
    3.94600E+02    1.85834E+00    1.55931E-01
    3.94700E+02    1.84611E+00    1.57851E-01
    3.94800E+02    1.83452E+00    1.59689E-01
    3.94900E+02    1.82412E+00    1.61360E-01
    3.95000E+02    1.81859E+00    1.62255E-01
    3.95100E+02    1.81259E+00    1.63230E-01
    3.95200E+02    1.79098E+00    1.66797E-01
    3.95300E+02    1.77822E+00    1.68938E-01
    3.95400E+02    1.76710E+00    1.70827E-01
    3.95500E+02    1.75648E+00    1.72652E-01
    3.95600E+02    1.74633E+00    1.74413E-01
    3.95700E+02    1.73658E+00    1.76122E-01
    3.95800E+02    1.72711E+00    1.77797E-01
    3.95900E+02    1.71800E+00    1.79424E-01
    3.96000E+02    1.70924E+00    1.81003E-01
    3.96100E+02    1.70105E+00    1.82491E-01
    3.96200E+02    1.69361E+00    1.83854E-01
    3.96300E+02    1.68789E+00    1.84909E-01
    3.96400E+02    1.68754E+00    1.84975E-01
    3.96500E+02    1.72585E+00    1.78022E-01
    3.96600E+02    1.68664E+00    1.85141E-01
    3.96700E+02    1.66022E+00    1.90097E-01
    3.96800E+02    1.64894E+00    1.92254E-01
    3.96900E+02    1.64324E+00    1.93353E-01
    3.97000E+02    1.65891E+00    1.90347E-01
    3.97100E+02    1.63399E+00    1.95149E-01
    3.97200E+02    1.61755E+00    1.98383E-01
    3.97300E+02    1.60814E+00    2.00259E-01
    3.97400E+02    1.60037E+00    2.01822E-01
    3.97500E+02    1.59318E+00    2.03278E-01
    3.97600E+02    1.58638E+00    2.04665E-01
    3.97700E+02    1.57984E+00    2.06007E-01
    3.97800E+02    1.57356E+00    2.07305E-01
    3.97900E+02    1.56747E+00    2.08573E-01
    3.98000E+02    1.56148E+00    2.09825E-01
    3.98100E+02    1.55561E+00    2.11061E-01
    3.98200E+02    1.54992E+00    2.12265E-01
    3.98300E+02    1.54439E+00    2.13441E-01
    3.98400E+02    1.53902E+00    2.14592E-01
    3.98500E+02    1.53376E+00    2.15724E-01
    3.98600E+02    1.52865E+00    2.16828E-01
    3.98700E+02    1.52366E+00    2.17913E-01
    3.98800E+02    1.51883E+00    2.18968E-01
    3.98900E+02    1.51417E+00    2.19990E-01
    3.99000E+02    1.50968E+00    2.20982E-01
    3.99100E+02    1.50542E+00    2.21925E-01
    3.99200E+02    1.50192E+00    2.22701E-01
    3.99300E+02    1.49827E+00    2.23516E-01
    3.99400E+02    1.49355E+00    2.24575E-01
    3.99500E+02    1.49031E+00    2.25302E-01
    3.99600E+02    1.48661E+00    2.26139E-01
    3.99700E+02    1.48425E+00    2.26673E-01
    3.99800E+02    1.48343E+00    2.26858E-01
    3.99900E+02    1.48674E+00    2.26109E-01

