#	Freq	Err	Trans
    5.49900E+02    3.26435E+02    1.70228E-100
    5.50000E+02    3.35102E+02    2.93174E-100
    5.50100E+02    3.44146E+02    3.46264E-100
    5.50200E+02    3.53584E+02    2.75580E-100
    5.50300E+02    3.63435E+02    1.45271E-100
    5.50400E+02    3.73724E+02    4.93914E-100
    5.50500E+02    3.84474E+02    1.05969E-100
    5.50600E+02    3.95702E+02    1.40880E-100
    5.50700E+02    4.07441E+02    1.12309E-100
    5.50800E+02    4.19729E+02    5.17504E-100
    5.50900E+02    4.32621E+02    1.30372E-100
    5.51000E+02    4.46342E+02    1.43264E-100
    5.51100E+02    4.60099E+02    1.51890E-100
    5.51200E+02    4.74764E+02    6.49578E-100
    5.51300E+02    4.90234E+02    1.24224E-100
    5.51400E+02    5.06434E+02    1.14470E-100
    5.51500E+02    5.23368E+02    5.06109E-100
    5.51600E+02    5.41158E+02    9.50813E-100
    5.51700E+02    5.59822E+02    7.45275E-100
    5.51800E+02    5.79474E+02    2.17536E-100
    5.51900E+02    6.00107E+02    2.38187E-100
    5.52000E+02    6.21803E+02    9.00360E-100
    5.52100E+02    6.44642E+02    1.08580E-100
    5.52200E+02    6.68674E+02    3.96990E-100
    5.52300E+02    6.93997E+02    3.98964E-100
    5.52400E+02    7.20750E+02    9.59997E-100
    5.52500E+02    7.48982E+02    0.00000E+00
    5.52600E+02    7.78830E+02    0.00000E+00
    5.52700E+02    8.10388E+02    0.00000E+00
    5.52800E+02    8.43836E+02    0.00000E+00
    5.52900E+02    8.79263E+02    0.00000E+00
    5.53000E+02    9.16855E+02    0.00000E+00
    5.53100E+02    9.56746E+02    0.00000E+00
    5.53200E+02    9.99116E+02    0.00000E+00
    5.53300E+02    1.04419E+03    0.00000E+00
    5.53400E+02    1.09215E+03    0.00000E+00
    5.53500E+02    1.14322E+03    0.00000E+00
    5.53600E+02    1.19767E+03    0.00000E+00
    5.53700E+02    1.25568E+03    0.00000E+00
    5.53800E+02    1.31765E+03    0.00000E+00
    5.53900E+02    1.38386E+03    0.00000E+00
    5.54000E+02    1.45462E+03    0.00000E+00
    5.54100E+02    1.53033E+03    0.00000E+00
    5.54200E+02    1.61131E+03    0.00000E+00
    5.54300E+02    1.69810E+03    0.00000E+00
    5.54400E+02    1.79106E+03    0.00000E+00
    5.54500E+02    1.89068E+03    0.00000E+00
    5.54600E+02    1.99746E+03    0.00000E+00
    5.54700E+02    2.11199E+03    0.00000E+00
    5.54800E+02    2.23475E+03    0.00000E+00
    5.54900E+02    2.36633E+03    0.00000E+00
    5.55000E+02    2.50727E+03    0.00000E+00
    5.55100E+02    2.65812E+03    0.00000E+00
    5.55200E+02    2.81941E+03    0.00000E+00
    5.55300E+02    2.99159E+03    0.00000E+00
    5.55400E+02    3.17502E+03    0.00000E+00
    5.55500E+02    3.36993E+03    0.00000E+00
    5.55600E+02    3.57631E+03    0.00000E+00
    5.55700E+02    3.79395E+03    0.00000E+00
    5.55800E+02    4.02225E+03    0.00000E+00
    5.55900E+02    4.26023E+03    0.00000E+00
    5.56000E+02    4.50622E+03    0.00000E+00
    5.56100E+02    4.75820E+03    0.00000E+00
    5.56200E+02    5.01288E+03    0.00000E+00
    5.56300E+02    5.26576E+03    0.00000E+00
    5.56400E+02    5.51234E+03    0.00000E+00
    5.56500E+02    5.74587E+03    0.00000E+00
    5.56600E+02    5.95826E+03    0.00000E+00
    5.56700E+02    6.13917E+03    0.00000E+00
    5.56800E+02    6.27772E+03    0.00000E+00
    5.56900E+02    6.35735E+03    0.00000E+00
    5.57000E+02    6.34519E+03    0.00000E+00
    5.57100E+02    6.25157E+03    0.00000E+00
    5.57200E+02    6.10396E+03    0.00000E+00
    5.57300E+02    5.91719E+03    0.00000E+00
    5.57400E+02    5.70163E+03    0.00000E+00
    5.57500E+02    5.46672E+03    0.00000E+00
    5.57600E+02    5.22056E+03    0.00000E+00
    5.57700E+02    4.96900E+03    0.00000E+00
    5.57800E+02    4.71654E+03    0.00000E+00
    5.57900E+02    4.46774E+03    0.00000E+00
    5.58000E+02    4.22502E+03    0.00000E+00
    5.58100E+02    3.99057E+03    0.00000E+00
    5.58200E+02    3.76592E+03    0.00000E+00
    5.58300E+02    3.55193E+03    0.00000E+00
    5.58400E+02    3.34911E+03    0.00000E+00
    5.58500E+02    3.15758E+03    0.00000E+00
    5.58600E+02    2.97739E+03    0.00000E+00
    5.58700E+02    2.80822E+03    0.00000E+00
    5.58800E+02    2.64968E+03    0.00000E+00
    5.58900E+02    2.50140E+03    0.00000E+00
    5.59000E+02    2.36279E+03    0.00000E+00
    5.59100E+02    2.23337E+03    0.00000E+00
    5.59200E+02    2.11254E+03    0.00000E+00
    5.59300E+02    1.99976E+03    0.00000E+00
    5.59400E+02    1.89450E+03    0.00000E+00
    5.59500E+02    1.79627E+03    0.00000E+00
    5.59600E+02    1.70455E+03    0.00000E+00
    5.59700E+02    1.61893E+03    0.00000E+00
    5.59800E+02    1.53896E+03    0.00000E+00
    5.59900E+02    1.46407E+03    0.00000E+00
    5.60000E+02    1.39399E+03    0.00000E+00
    5.60100E+02    1.32841E+03    0.00000E+00
    5.60200E+02    1.26698E+03    0.00000E+00
    5.60300E+02    1.20937E+03    0.00000E+00
    5.60400E+02    1.15532E+03    0.00000E+00
    5.60500E+02    1.10455E+03    0.00000E+00
    5.60600E+02    1.05685E+03    0.00000E+00
    5.60700E+02    1.01198E+03    0.00000E+00
    5.60800E+02    9.69763E+02    0.00000E+00
    5.60900E+02    9.29978E+02    0.00000E+00
    5.61000E+02    8.92444E+02    0.00000E+00
    5.61100E+02    8.57025E+02    0.00000E+00
    5.61200E+02    8.23586E+02    0.00000E+00
    5.61300E+02    7.91992E+02    0.00000E+00
    5.61400E+02    7.62063E+02    0.00000E+00
    5.61500E+02    7.33755E+02    2.15877E-100
    5.61600E+02    7.06931E+02    9.62875E-100
    5.61700E+02    6.81503E+02    1.06369E-100
    5.61800E+02    6.57380E+02    3.18826E-100
    5.61900E+02    6.34472E+02    2.83401E-100
    5.62000E+02    6.12688E+02    8.18155E-100
    5.62100E+02    5.91985E+02    8.01637E-100
    5.62200E+02    5.72272E+02    2.91928E-100
    5.62300E+02    5.53505E+02    4.13083E-100
    5.62400E+02    5.35637E+02    2.37625E-100
    5.62500E+02    5.18579E+02    6.08051E-100
    5.62600E+02    5.02332E+02    6.92009E-100
    5.62700E+02    4.86805E+02    3.83100E-100
    5.62800E+02    4.71954E+02    1.07935E-100
    5.62900E+02    4.57775E+02    1.55227E-100
    5.63000E+02    4.44237E+02    1.17619E-100
    5.63100E+02    4.31261E+02    5.07657E-100
    5.63200E+02    4.18835E+02    1.26606E-100
    5.63300E+02    4.06936E+02    1.86215E-100
    5.63400E+02    3.95533E+02    1.66741E-100
    5.63500E+02    3.84590E+02    9.43459E-100
    5.63600E+02    3.74084E+02    3.44668E-100
    5.63700E+02    3.64001E+02    8.24777E-100
    5.63800E+02    3.54319E+02    1.32146E-100
    5.63900E+02    3.45011E+02    1.45701E-100
    5.64000E+02    3.36068E+02    1.11543E-100
    5.64100E+02    3.27463E+02    6.09280E-100
    5.64200E+02    3.19181E+02    2.40664E-100
    5.64300E+02    3.11206E+02    6.99788E-100
    5.64400E+02    3.03528E+02    1.51174E-100
    5.64500E+02    2.96128E+02    2.47272E-100
    5.64600E+02    2.88994E+02    3.09951E-100
    5.64700E+02    2.82113E+02    3.01923E-100
    5.64800E+02    2.75475E+02    2.30616E-100
    5.64900E+02    2.69071E+02    1.39366E-100
    5.65000E+02    2.62882E+02    6.78562E-100
    5.65100E+02    2.56911E+02    2.66125E-100
    5.65200E+02    2.51137E+02    8.55936E-100
    5.65300E+02    2.45558E+02    2.26737E-100
    5.65400E+02    2.40164E+02    4.98893E-100
    5.65500E+02    2.34947E+02    9.19638E-100
    5.65600E+02    2.29903E+02    1.42628E-100
    5.65700E+02    2.25092E+02    1.75387E-98
    5.65800E+02    2.20286E+02    2.14347E-96
    5.65900E+02    2.15698E+02    2.10574E-94
    5.66000E+02    2.11267E+02    1.76907E-92
    5.66100E+02    2.06989E+02    1.27532E-90
    5.66200E+02    2.02908E+02    7.55219E-89
    5.66300E+02    1.99518E+02    2.24113E-87
    5.66400E+02    1.94917E+02    2.23160E-85
    5.66500E+02    1.91039E+02    1.07901E-83
    5.66600E+02    1.87335E+02    4.37824E-82
    5.66700E+02    1.83854E+02    1.42359E-80
    5.66800E+02    1.80304E+02    4.95527E-79
    5.66900E+02    1.76891E+02    1.50442E-77
    5.67000E+02    1.73536E+02    4.30882E-76
    5.67100E+02    1.70311E+02    1.08319E-74
    5.67200E+02    1.67185E+02    2.46851E-73
    5.67300E+02    1.64148E+02    5.14520E-72
    5.67400E+02    1.61199E+02    9.82418E-71
    5.67500E+02    1.58327E+02    1.73522E-69
    5.67600E+02    1.55534E+02    2.83562E-68
    5.67700E+02    1.52817E+02    4.28863E-67
    5.67800E+02    1.50176E+02    6.01816E-66
    5.67900E+02    1.47592E+02    7.97023E-65
    5.68000E+02    1.45082E+02    9.80908E-64
    5.68100E+02    1.42636E+02    1.13200E-62
    5.68200E+02    1.40254E+02    1.22607E-61
    5.68300E+02    1.37930E+02    1.25214E-60
    5.68400E+02    1.35665E+02    1.20591E-59
    5.68500E+02    1.33459E+02    1.09520E-58
    5.68600E+02    1.31302E+02    9.46475E-58
    5.68700E+02    1.29204E+02    7.71329E-57
    5.68800E+02    1.27152E+02    6.00656E-56
    5.68900E+02    1.25153E+02    4.43317E-55
    5.69000E+02    1.23200E+02    3.12668E-54
    5.69100E+02    1.21296E+02    2.09829E-53
    5.69200E+02    1.19433E+02    1.35238E-52
    5.69300E+02    1.17615E+02    8.32369E-52
    5.69400E+02    1.15842E+02    4.90179E-51
    5.69500E+02    1.14105E+02    2.78418E-50
    5.69600E+02    1.12411E+02    1.51578E-49
    5.69700E+02    1.10757E+02    7.92295E-49
    5.69800E+02    1.09143E+02    3.98039E-48
    5.69900E+02    1.07572E+02    1.91397E-47
    5.70000E+02    1.06068E+02    8.61796E-47
    5.70100E+02    1.04901E+02    2.76781E-46
    5.70200E+02    1.03068E+02    1.73035E-45
    5.70300E+02    1.01579E+02    7.66699E-45
    5.70400E+02    1.00151E+02    3.19975E-44
    5.70500E+02    9.87622E+01    1.28271E-43
    5.70600E+02    9.74056E+01    4.98085E-43
    5.70700E+02    9.60820E+01    1.87127E-42
    5.70800E+02    9.48052E+01    6.70846E-42
    5.70900E+02    9.36117E+01    2.21285E-41
    5.71000E+02    9.31357E+01    3.56204E-41
    5.71100E+02    9.11371E+01    2.62821E-40
    5.71200E+02    8.98553E+01    9.46994E-40
    5.71300E+02    8.86551E+01    3.14459E-39
    5.71400E+02    8.74959E+01    1.00239E-38
    5.71500E+02    8.63599E+01    3.12168E-38
    5.71600E+02    8.52534E+01    9.43928E-38
    5.71700E+02    8.41662E+01    2.79958E-37
    5.71800E+02    8.31023E+01    8.11196E-37
    5.71900E+02    8.20570E+01    2.30735E-36
    5.72000E+02    8.10345E+01    6.41446E-36
    5.72100E+02    8.00348E+01    1.74307E-35
    5.72200E+02    7.90490E+01    4.67168E-35
    5.72300E+02    7.80859E+01    1.22378E-34
    5.72400E+02    7.71414E+01    3.14698E-34
    5.72500E+02    7.62159E+01    7.94069E-34
    5.72600E+02    7.53057E+01    1.97303E-33
    5.72700E+02    7.44230E+01    4.77003E-33
    5.72800E+02    7.35712E+01    1.11798E-32
    5.72900E+02    7.27940E+01    2.43192E-32
    5.73000E+02    7.18458E+01    6.27703E-32
    5.73100E+02    7.09985E+01    1.46464E-31
    5.73200E+02    7.01794E+01    3.32248E-31
    5.73300E+02    6.93782E+01    7.40355E-31
    5.73400E+02    6.85948E+01    1.62056E-30
    5.73500E+02    6.78378E+01    3.45459E-30
    5.73600E+02    6.72572E+01    6.17374E-30
    5.73700E+02    6.63312E+01    1.55862E-29
    5.73800E+02    6.55778E+01    3.31074E-29
    5.73900E+02    6.48516E+01    6.84376E-29
    5.74000E+02    6.41426E+01    1.39068E-28
    5.74100E+02    6.34440E+01    2.79653E-28
    5.74200E+02    6.27598E+01    5.54320E-28
    5.74300E+02    6.20861E+01    1.08728E-27
    5.74400E+02    6.14295E+01    2.09658E-27
    5.74500E+02    6.08038E+01    3.91967E-27
    5.74600E+02    6.01539E+01    7.50722E-27
    5.74700E+02    5.95054E+01    1.43597E-26
    5.74800E+02    5.88798E+01    2.68441E-26
    5.74900E+02    5.82703E+01    4.93786E-26
    5.75000E+02    5.76708E+01    8.99246E-26
    5.75100E+02    5.70808E+01    1.62234E-25
    5.75200E+02    5.64999E+01    2.90017E-25
    5.75300E+02    5.59282E+01    5.13699E-25
    5.75400E+02    5.53656E+01    9.01609E-25
    5.75500E+02    5.48122E+01    1.56812E-24
    5.75600E+02    5.42679E+01    2.70250E-24
    5.75700E+02    5.37329E+01    4.61444E-24
    5.75800E+02    5.32066E+01    7.80991E-24
    5.75900E+02    5.26855E+01    1.31519E-23
    5.76000E+02    5.21738E+01    2.19386E-23
    5.76100E+02    5.16720E+01    3.62339E-23
    5.76200E+02    5.11813E+01    5.91920E-23
    5.76300E+02    5.07044E+01    9.53582E-23
    5.76400E+02    5.02496E+01    1.50272E-22
    5.76500E+02    4.99538E+01    2.01986E-22
    5.76600E+02    4.93283E+01    3.77583E-22
    5.76700E+02    4.88239E+01    6.25239E-22
    5.76800E+02    4.83633E+01    9.90992E-22
    5.76900E+02    4.79065E+01    1.56490E-21
    5.77000E+02    4.74671E+01    2.42833E-21
    5.77100E+02    4.70290E+01    3.76341E-21
    5.77200E+02    4.66005E+01    5.77638E-21
    5.77300E+02    4.61812E+01    8.78573E-21
    5.77400E+02    4.57634E+01    1.33411E-20
    5.77500E+02    4.53536E+01    2.00999E-20
    5.77600E+02    4.49497E+01    3.01008E-20
    5.77700E+02    4.45519E+01    4.48100E-20
    5.77800E+02    4.41602E+01    6.62930E-20
    5.77900E+02    4.37786E+01    9.70958E-20
    5.78000E+02    4.33920E+01    1.42920E-19
    5.78100E+02    4.30152E+01    2.08314E-19
    5.78200E+02    4.26443E+01    3.01874E-19
    5.78300E+02    4.22784E+01    4.35247E-19
    5.78400E+02    4.19175E+01    6.24380E-19
    5.78500E+02    4.15617E+01    8.91222E-19
    5.78600E+02    4.12119E+01    1.26449E-18
    5.78700E+02    4.08648E+01    1.78914E-18
    5.78800E+02    4.05228E+01    2.51860E-18
    5.78900E+02    4.01857E+01    3.52825E-18
    5.79000E+02    3.98532E+01    4.91996E-18
    5.79100E+02    3.95253E+01    6.82960E-18
    5.79200E+02    3.92014E+01    9.44152E-18
    5.79300E+02    3.88820E+01    1.29942E-17
    5.79400E+02    3.85667E+01    1.78109E-17
    5.79500E+02    3.82555E+01    2.43143E-17
    5.79600E+02    3.79483E+01    3.30563E-17
    5.79700E+02    3.76452E+01    4.47605E-17
    5.79800E+02    3.73457E+01    6.03878E-17
    5.79900E+02    3.70505E+01    8.11297E-17
    5.80000E+02    3.67608E+01    1.08389E-16
    5.80100E+02    3.64709E+01    1.44835E-16
    5.80200E+02    3.61871E+01    1.92366E-16
    5.80300E+02    3.59064E+01    2.54720E-16
    5.80400E+02    3.56297E+01    3.35917E-16
    5.80500E+02    3.53556E+01    4.41832E-16
    5.80600E+02    3.50854E+01    5.78877E-16
    5.80700E+02    3.48186E+01    7.55939E-16
    5.80800E+02    3.45549E+01    9.83989E-16
    5.80900E+02    3.42950E+01    1.27606E-15
    5.81000E+02    3.40387E+01    1.64892E-15
    5.81100E+02    3.37849E+01    2.12516E-15
    5.81200E+02    3.35345E+01    2.73001E-15
    5.81300E+02    3.32900E+01    3.48599E-15
    5.81400E+02    3.30443E+01    4.45717E-15
    5.81500E+02    3.28036E+01    5.66982E-15
    5.81600E+02    3.25664E+01    7.18768E-15
    5.81700E+02    3.23341E+01    9.06758E-15
    5.81800E+02    3.21079E+01    1.13690E-14
    5.81900E+02    3.18893E+01    1.41470E-14
    5.82000E+02    3.16935E+01    1.72072E-14
    5.82100E+02    3.16134E+01    1.86417E-14
    5.82200E+02    3.13605E+01    2.40042E-14
    5.82300E+02    3.10769E+01    3.18760E-14
    5.82400E+02    3.07881E+01    4.25499E-14
    5.82500E+02    3.05530E+01    5.38271E-14
    5.82600E+02    3.03320E+01    6.71386E-14
    5.82700E+02    3.01173E+01    8.32179E-14
    5.82800E+02    2.99066E+01    1.02738E-13
    5.82900E+02    2.96998E+01    1.26334E-13
    5.83000E+02    2.94964E+01    1.54837E-13
    5.83100E+02    2.92959E+01    1.89219E-13
    5.83200E+02    2.91004E+01    2.30071E-13
    5.83300E+02    2.89123E+01    2.77680E-13
    5.83400E+02    2.87518E+01    3.26014E-13
    5.83500E+02    2.86378E+01    3.65381E-13
    5.83600E+02    2.83452E+01    4.89579E-13
    5.83700E+02    2.81409E+01    6.00592E-13
    5.83800E+02    2.79499E+01    7.26930E-13
    5.83900E+02    2.77717E+01    8.68798E-13
    5.84000E+02    2.75804E+01    1.05188E-12
    5.84100E+02    2.73988E+01    1.26145E-12
    5.84200E+02    2.72201E+01    1.50828E-12
    5.84300E+02    2.70436E+01    1.79926E-12
    5.84400E+02    2.68693E+01    2.14193E-12
    5.84500E+02    2.66969E+01    2.54485E-12
    5.84600E+02    2.65274E+01    3.01513E-12
    5.84700E+02    2.63579E+01    3.57197E-12
    5.84800E+02    2.61906E+01    4.22246E-12
    5.84900E+02    2.60254E+01    4.98083E-12
    5.85000E+02    2.58621E+01    5.86430E-12
    5.85100E+02    2.57007E+01    6.89155E-12
    5.85200E+02    2.55407E+01    8.08741E-12
    5.85300E+02    2.53831E+01    9.46837E-12
    5.85400E+02    2.52265E+01    1.10737E-11
    5.85500E+02    2.50714E+01    1.29312E-11
    5.85600E+02    2.49183E+01    1.50706E-11
    5.85700E+02    2.47671E+01    1.75297E-11
    5.85800E+02    2.46169E+01    2.03715E-11
    5.85900E+02    2.44679E+01    2.36432E-11
    5.86000E+02    2.43211E+01    2.73825E-11
    5.86100E+02    2.41756E+01    3.16711E-11
    5.86200E+02    2.40313E+01    3.65884E-11
    5.86300E+02    2.38888E+01    4.21919E-11
    5.86400E+02    2.37479E+01    4.85771E-11
    5.86500E+02    2.36083E+01    5.58548E-11
    5.86600E+02    2.34700E+01    6.41386E-11
    5.86700E+02    2.33331E+01    7.35453E-11
    5.86800E+02    2.31986E+01    8.41311E-11
    5.86900E+02    2.30632E+01    9.63360E-11
    5.87000E+02    2.29309E+01    1.09965E-10
    5.87100E+02    2.27986E+01    1.25518E-10
    5.87200E+02    2.26682E+01    1.42995E-10
    5.87300E+02    2.25389E+01    1.62730E-10
    5.87400E+02    2.24114E+01    1.84871E-10
    5.87500E+02    2.22847E+01    2.09825E-10
    5.87600E+02    2.21595E+01    2.37817E-10
    5.87700E+02    2.20357E+01    2.69151E-10
    5.87800E+02    2.19130E+01    3.04316E-10
    5.87900E+02    2.17911E+01    3.43749E-10
    5.88000E+02    2.16704E+01    3.87833E-10
    5.88100E+02    2.15516E+01    4.36787E-10
    5.88200E+02    2.14331E+01    4.91720E-10
    5.88300E+02    2.13162E+01    5.52706E-10
    5.88400E+02    2.12008E+01    6.20282E-10
    5.88500E+02    2.10857E+01    6.95975E-10
    5.88600E+02    2.09718E+01    7.79973E-10
    5.88700E+02    2.08593E+01    8.72814E-10
    5.88800E+02    2.07479E+01    9.75651E-10
    5.88900E+02    2.06382E+01    1.08884E-09
    5.89000E+02    2.05300E+01    1.21317E-09
    5.89100E+02    2.04392E+01    1.32855E-09
    5.89200E+02    2.03150E+01    1.50416E-09
    5.89300E+02    2.02064E+01    1.67682E-09
    5.89400E+02    2.01006E+01    1.86390E-09
    5.89500E+02    1.99958E+01    2.06987E-09
    5.89600E+02    1.98922E+01    2.29566E-09
    5.89700E+02    1.97900E+01    2.54292E-09
    5.89800E+02    1.96885E+01    2.81449E-09
    5.89900E+02    1.95888E+01    3.10948E-09
    5.90000E+02    1.94901E+01    3.43219E-09
    5.90100E+02    1.93935E+01    3.78022E-09
    5.90200E+02    1.93020E+01    4.14219E-09
    5.90300E+02    1.92376E+01    4.41772E-09
    5.90400E+02    1.91257E+01    4.94077E-09
    5.90500E+02    1.90119E+01    5.53679E-09
    5.90600E+02    1.89138E+01    6.10746E-09
    5.90700E+02    1.88199E+01    6.70858E-09
    5.90800E+02    1.87294E+01    7.34364E-09
    5.90900E+02    1.86453E+01    7.98793E-09
    5.91000E+02    1.86201E+01    8.19220E-09
    5.91100E+02    1.84742E+01    9.47916E-09
    5.91200E+02    1.84088E+01    1.01191E-08
    5.91300E+02    1.83158E+01    1.11063E-08
    5.91400E+02    1.81958E+01    1.25219E-08
    5.91500E+02    1.81013E+01    1.37623E-08
    5.91600E+02    1.80123E+01    1.50432E-08
    5.91700E+02    1.79252E+01    1.64132E-08
    5.91800E+02    1.78397E+01    1.78781E-08
    5.91900E+02    1.77556E+01    1.94466E-08
    5.92000E+02    1.76724E+01    2.11337E-08
    5.92100E+02    1.75906E+01    2.29359E-08
    5.92200E+02    1.75100E+01    2.48596E-08
    5.92300E+02    1.74319E+01    2.68785E-08
    5.92400E+02    1.73589E+01    2.89138E-08
    5.92500E+02    1.72969E+01    3.07654E-08
    5.92600E+02    1.73253E+01    2.99045E-08
    5.92700E+02    1.71758E+01    3.47247E-08
    5.92800E+02    1.70510E+01    3.93421E-08
    5.92900E+02    1.69624E+01    4.29869E-08
    5.93000E+02    1.68809E+01    4.66369E-08
    5.93100E+02    1.68027E+01    5.04285E-08
    5.93200E+02    1.67266E+01    5.44181E-08
    5.93300E+02    1.66509E+01    5.86931E-08
    5.93400E+02    1.65771E+01    6.31922E-08
    5.93500E+02    1.65036E+01    6.80115E-08
    5.93600E+02    1.64308E+01    7.31497E-08
    5.93700E+02    1.63591E+01    7.85825E-08
    5.93800E+02    1.62876E+01    8.44060E-08
    5.93900E+02    1.62174E+01    9.05476E-08
    5.94000E+02    1.61480E+01    9.70524E-08
    5.94100E+02    1.60790E+01    1.03992E-07
    5.94200E+02    1.60121E+01    1.11187E-07
    5.94300E+02    1.59456E+01    1.18826E-07
    5.94400E+02    1.58778E+01    1.27163E-07
    5.94500E+02    1.58120E+01    1.35805E-07
    5.94600E+02    1.57478E+01    1.44823E-07
    5.94700E+02    1.56859E+01    1.54057E-07
    5.94800E+02    1.56289E+01    1.63097E-07
    5.94900E+02    1.55826E+01    1.70826E-07
    5.95000E+02    1.55823E+01    1.70879E-07
    5.95100E+02    1.57114E+01    1.50185E-07
    5.95200E+02    1.54202E+01    2.00946E-07
    5.95300E+02    1.53215E+01    2.21808E-07
    5.95400E+02    1.52470E+01    2.38963E-07
    5.95500E+02    1.51801E+01    2.55495E-07
    5.95600E+02    1.51163E+01    2.72306E-07
    5.95700E+02    1.50542E+01    2.89752E-07
    5.95800E+02    1.49940E+01    3.07741E-07
    5.95900E+02    1.49345E+01    3.26599E-07
    5.96000E+02    1.48760E+01    3.46278E-07
    5.96100E+02    1.48182E+01    3.66881E-07
    5.96200E+02    1.47612E+01    3.88409E-07
    5.96300E+02    1.47048E+01    4.10934E-07
    5.96400E+02    1.46491E+01    4.34467E-07
    5.96500E+02    1.45942E+01    4.59010E-07
    5.96600E+02    1.45399E+01    4.84626E-07
    5.96700E+02    1.44863E+01    5.11289E-07
    5.96800E+02    1.44339E+01    5.38814E-07
    5.96900E+02    1.43818E+01    5.67647E-07
    5.97000E+02    1.43304E+01    5.97576E-07
    5.97100E+02    1.42797E+01    6.28617E-07
    5.97200E+02    1.42299E+01    6.60730E-07
    5.97300E+02    1.41809E+01    6.93943E-07
    5.97400E+02    1.41327E+01    7.28206E-07
    5.97500E+02    1.40858E+01    7.63134E-07
    5.97600E+02    1.40390E+01    7.99699E-07
    5.97700E+02    1.39936E+01    8.36865E-07
    5.97800E+02    1.39492E+01    8.74841E-07
    5.97900E+02    1.39059E+01    9.13560E-07
    5.98000E+02    1.38637E+01    9.52983E-07
    5.98100E+02    1.38225E+01    9.93069E-07
    5.98200E+02    1.37819E+01    1.03418E-06
    5.98300E+02    1.37427E+01    1.07557E-06
    5.98400E+02    1.37045E+01    1.11736E-06
    5.98500E+02    1.36677E+01    1.15930E-06
    5.98600E+02    1.36322E+01    1.20120E-06
    5.98700E+02    1.35979E+01    1.24307E-06
    5.98800E+02    1.35645E+01    1.28529E-06
    5.98900E+02    1.35327E+01    1.32680E-06
    5.99000E+02    1.35016E+01    1.36874E-06
    5.99100E+02    1.34715E+01    1.41057E-06
    5.99200E+02    1.34422E+01    1.45258E-06
    5.99300E+02    1.34134E+01    1.49499E-06
    5.99400E+02    1.33848E+01    1.53838E-06
    5.99500E+02    1.33556E+01    1.58393E-06
    5.99600E+02    1.33268E+01    1.63025E-06
    5.99700E+02    1.32955E+01    1.68201E-06
    5.99800E+02    1.32641E+01    1.73564E-06
    5.99900E+02    1.32394E+01    1.77904E-06
    6.00000E+02    1.32343E+01    1.78823E-06
    6.00100E+02    1.31366E+01    1.97176E-06
    6.00200E+02    1.30753E+01    2.09631E-06
    6.00300E+02    1.30165E+01    2.22323E-06
    6.00400E+02    1.29577E+01    2.35807E-06
    6.00500E+02    1.28986E+01    2.50162E-06
    6.00600E+02    1.28398E+01    2.65299E-06
    6.00700E+02    1.27820E+01    2.81088E-06
    6.00800E+02    1.27237E+01    2.97976E-06
    6.00900E+02    1.26673E+01    3.15254E-06
    6.01000E+02    1.26126E+01    3.32992E-06
    6.01100E+02    1.25563E+01    3.52273E-06
    6.01200E+02    1.25015E+01    3.72112E-06
    6.01300E+02    1.24484E+01    3.92389E-06
    6.01400E+02    1.23972E+01    4.12999E-06
    6.01500E+02    1.23466E+01    4.34450E-06
    6.01600E+02    1.22970E+01    4.56535E-06
    6.01700E+02    1.22487E+01    4.79141E-06
    6.01800E+02    1.22009E+01    5.02583E-06
    6.01900E+02    1.21542E+01    5.26620E-06
    6.02000E+02    1.21087E+01    5.51142E-06
    6.02100E+02    1.20616E+01    5.77742E-06
    6.02200E+02    1.20185E+01    6.03152E-06
    6.02300E+02    1.19754E+01    6.29744E-06
    6.02400E+02    1.19339E+01    6.56408E-06
    6.02500E+02    1.18945E+01    6.82779E-06
    6.02600E+02    1.18530E+01    7.11730E-06
    6.02700E+02    1.18131E+01    7.40714E-06
    6.02800E+02    1.17763E+01    7.68486E-06
    6.02900E+02    1.17349E+01    8.00947E-06
    6.03000E+02    1.16970E+01    8.31841E-06
    6.03100E+02    1.16602E+01    8.63095E-06
    6.03200E+02    1.16222E+01    8.96493E-06
    6.03300E+02    1.15855E+01    9.29954E-06
    6.03400E+02    1.15498E+01    9.63768E-06
    6.03500E+02    1.15151E+01    9.97858E-06
    6.03600E+02    1.14800E+01    1.03347E-05
    6.03700E+02    1.14458E+01    1.06942E-05
    6.03800E+02    1.14118E+01    1.10642E-05
    6.03900E+02    1.13784E+01    1.14404E-05
    6.04000E+02    1.13456E+01    1.18208E-05
    6.04100E+02    1.13128E+01    1.22150E-05
    6.04200E+02    1.12811E+01    1.26088E-05
    6.04300E+02    1.12491E+01    1.30196E-05
    6.04400E+02    1.12180E+01    1.34297E-05
    6.04500E+02    1.11871E+01    1.38519E-05
    6.04600E+02    1.11568E+01    1.42785E-05
    6.04700E+02    1.11266E+01    1.47160E-05
    6.04800E+02    1.10966E+01    1.51634E-05
    6.04900E+02    1.10548E+01    1.58110E-05
    6.05000E+02    1.10261E+01    1.62721E-05
    6.05100E+02    1.09973E+01    1.67468E-05
    6.05200E+02    1.09692E+01    1.72245E-05
    6.05300E+02    1.09411E+01    1.77142E-05
    6.05400E+02    1.09142E+01    1.81987E-05
    6.05500E+02    1.08874E+01    1.86923E-05
    6.05600E+02    1.08600E+01    1.92117E-05
    6.05700E+02    1.08344E+01    1.97099E-05
    6.05800E+02    1.08084E+01    2.02283E-05
    6.05900E+02    1.07821E+01    2.07681E-05
    6.06000E+02    1.07575E+01    2.12860E-05
    6.06100E+02    1.07318E+01    2.18385E-05
    6.06200E+02    1.07073E+01    2.23811E-05
    6.06300E+02    1.06830E+01    2.29313E-05
    6.06400E+02    1.06591E+01    2.34862E-05
    6.06500E+02    1.06355E+01    2.40465E-05
    6.06600E+02    1.06123E+01    2.46125E-05
    6.06700E+02    1.05898E+01    2.51719E-05
    6.06800E+02    1.05670E+01    2.57517E-05
    6.06900E+02    1.05449E+01    2.63281E-05
    6.07000E+02    1.05236E+01    2.68953E-05
    6.07100E+02    1.05030E+01    2.74551E-05
    6.07200E+02    1.04959E+01    2.76502E-05
    6.07300E+02    1.04629E+01    2.85761E-05
    6.07400E+02    1.04416E+01    2.91925E-05
    6.07500E+02    1.04214E+01    2.97873E-05
    6.07600E+02    1.04032E+01    3.03351E-05
    6.07700E+02    1.03871E+01    3.08271E-05
    6.07800E+02    1.03831E+01    3.09524E-05
    6.07900E+02    1.03643E+01    3.15383E-05
    6.08000E+02    1.03322E+01    3.25661E-05
    6.08100E+02    1.03118E+01    3.32386E-05
    6.08200E+02    1.02939E+01    3.38405E-05
    6.08300E+02    1.02766E+01    3.44305E-05
    6.08400E+02    1.02612E+01    3.49631E-05
    6.08500E+02    1.02447E+01    3.55437E-05
    6.08600E+02    1.02293E+01    3.60953E-05
    6.08700E+02    1.02146E+01    3.66311E-05
    6.08800E+02    1.02009E+01    3.71355E-05
    6.08900E+02    1.01875E+01    3.76366E-05
    6.09000E+02    1.01749E+01    3.81163E-05
    6.09100E+02    1.01641E+01    3.85303E-05
    6.09200E+02    1.01527E+01    3.89712E-05
    6.09300E+02    1.01433E+01    3.93386E-05
    6.09400E+02    1.01370E+01    3.95856E-05
    6.09500E+02    1.01355E+01    3.96453E-05
    6.09600E+02    1.01512E+01    3.90289E-05
    6.09700E+02    1.02826E+01    3.42235E-05
    6.09800E+02    1.01864E+01    3.76782E-05
    6.09900E+02    1.01228E+01    4.01526E-05
    6.10000E+02    1.01103E+01    4.06577E-05
    6.10100E+02    1.01205E+01    4.02469E-05
    6.10200E+02    1.01841E+01    3.77668E-05
    6.10300E+02    1.03577E+01    3.17484E-05
    6.10400E+02    1.04479E+01    2.90082E-05
    6.10500E+02    1.01459E+01    3.92376E-05
    6.10600E+02    1.00835E+01    4.17648E-05
    6.10700E+02    1.00594E+01    4.27811E-05
    6.10800E+02    1.00490E+01    4.32270E-05
    6.10900E+02    1.00448E+01    4.34123E-05
    6.11000E+02    1.00488E+01    4.32391E-05
    6.11100E+02    1.00691E+01    4.23701E-05
    6.11200E+02    1.01515E+01    3.90162E-05
    6.11300E+02    1.03545E+01    3.18481E-05
    6.11400E+02    1.00960E+01    4.12443E-05
    6.11500E+02    1.00546E+01    4.29882E-05
    6.11600E+02    1.00422E+01    4.35218E-05
    6.11700E+02    1.00390E+01    4.36624E-05
    6.11800E+02    1.00398E+01    4.36287E-05
    6.11900E+02    1.00431E+01    4.34837E-05
    6.12000E+02    1.00488E+01    4.32357E-05
    6.12100E+02    1.00562E+01    4.29193E-05
    6.12200E+02    1.00651E+01    4.25386E-05
    6.12300E+02    1.00763E+01    4.20655E-05
    6.12400E+02    1.00931E+01    4.13627E-05
    6.12500E+02    1.01004E+01    4.10612E-05
    6.12600E+02    1.01146E+01    4.04847E-05
    6.12700E+02    1.01306E+01    3.98420E-05
    6.12800E+02    1.01481E+01    3.91513E-05
    6.12900E+02    1.01672E+01    3.84106E-05
    6.13000E+02    1.01887E+01    3.75916E-05
    6.13100E+02    1.02110E+01    3.67639E-05
    6.13200E+02    1.02354E+01    3.58787E-05
    6.13300E+02    1.02616E+01    3.49482E-05
    6.13400E+02    1.02898E+01    3.39783E-05
    6.13500E+02    1.03202E+01    3.29605E-05
    6.13600E+02    1.03529E+01    3.19008E-05
    6.13700E+02    1.03879E+01    3.08028E-05
    6.13800E+02    1.04252E+01    2.96744E-05
    6.13900E+02    1.04653E+01    2.85095E-05
    6.14000E+02    1.05082E+01    2.73121E-05
    6.14100E+02    1.05538E+01    2.60952E-05
    6.14200E+02    1.06025E+01    2.48544E-05
    6.14300E+02    1.06544E+01    2.35961E-05
    6.14400E+02    1.07107E+01    2.23057E-05
    6.14500E+02    1.07716E+01    2.09871E-05
    6.14600E+02    1.08410E+01    1.95805E-05
    6.14700E+02    1.09362E+01    1.78027E-05
    6.14800E+02    1.10858E+01    1.53277E-05
    6.14900E+02    1.10605E+01    1.57218E-05
    6.15000E+02    1.11257E+01    1.47284E-05
    6.15100E+02    1.12046E+01    1.36119E-05
    6.15200E+02    1.12919E+01    1.24730E-05
    6.15300E+02    1.13865E+01    1.13474E-05
    6.15400E+02    1.14857E+01    1.02755E-05
    6.15500E+02    1.15928E+01    9.23259E-06
    6.15600E+02    1.17067E+01    8.23832E-06
    6.15700E+02    1.18281E+01    7.29637E-06
    6.15800E+02    1.19579E+01    6.40858E-06
    6.15900E+02    1.20965E+01    5.57925E-06
    6.16000E+02    1.22444E+01    4.81211E-06
    6.16100E+02    1.24043E+01    4.10101E-06
    6.16200E+02    1.25819E+01    3.43345E-06
    6.16300E+02    1.27969E+01    2.76945E-06
    6.16400E+02    1.29454E+01    2.38710E-06
    6.16500E+02    1.31435E+01    1.95811E-06
    6.16600E+02    1.33597E+01    1.57746E-06
    6.16700E+02    1.35928E+01    1.24944E-06
    6.16800E+02    1.38431E+01    9.72772E-07
    6.16900E+02    1.41123E+01    7.43225E-07
    6.17000E+02    1.44016E+01    5.56487E-07
    6.17100E+02    1.47133E+01    4.07465E-07
    6.17200E+02    1.50530E+01    2.90118E-07
    6.17300E+02    1.54755E+01    1.90145E-07
    6.17400E+02    1.58139E+01    1.35547E-07
    6.17500E+02    1.62144E+01    9.08204E-08
    6.17600E+02    1.66641E+01    5.79266E-08
    6.17700E+02    1.71528E+01    3.55337E-08
    6.17800E+02    1.76808E+01    2.09560E-08
    6.17900E+02    1.82546E+01    1.18069E-08
    6.18000E+02    1.88780E+01    6.32972E-09
    6.18100E+02    1.95561E+01    3.21295E-09
    6.18200E+02    2.02940E+01    1.53606E-09
    6.18300E+02    2.10973E+01    6.87979E-10
    6.18400E+02    2.19733E+01    2.86483E-10
    6.18500E+02    2.29301E+01    1.10049E-10
    6.18600E+02    2.39751E+01    3.87048E-11
    6.18700E+02    2.51182E+01    1.23392E-11
    6.18800E+02    2.63682E+01    3.53530E-12
    6.18900E+02    2.77369E+01    8.99524E-13
    6.19000E+02    2.92330E+01    2.01503E-13
    6.19100E+02    3.08695E+01    3.92239E-14
    6.19200E+02    3.26570E+01    6.56494E-15
    6.19300E+02    3.46069E+01    9.34172E-16
    6.19400E+02    3.67283E+01    1.11965E-16
    6.19500E+02    3.90287E+01    1.12212E-17
    6.19600E+02    4.15099E+01    9.38600E-19
    6.19700E+02    4.41688E+01    6.57256E-20
    6.19800E+02    4.69939E+01    3.89780E-21
    6.19900E+02    4.99663E+01    1.99495E-22
    6.20000E+02    5.30396E+01    9.22975E-24
    6.20100E+02    5.61567E+01    4.08745E-25
    6.20200E+02    5.92346E+01    1.88253E-26
    6.20300E+02    6.21632E+01    1.00664E-27
    6.20400E+02    6.48054E+01    7.16753E-29
    6.20500E+02    6.69950E+01    8.02493E-30
    6.20600E+02    6.85835E+01    1.63888E-30
    6.20700E+02    6.95458E+01    6.26090E-31
    6.20800E+02    6.90047E+01    1.07561E-30
    6.20900E+02    6.72235E+01    6.38542E-30
    6.21000E+02    6.49436E+01    6.24247E-29
    6.21100E+02    6.22890E+01    8.87606E-28
    6.21200E+02    5.93561E+01    1.66711E-26
    6.21300E+02    5.62694E+01    3.65195E-25
    6.21400E+02    5.31415E+01    8.33562E-24
    6.21500E+02    5.00517E+01    1.83162E-22
    6.21600E+02    4.70622E+01    3.64046E-21
    6.21700E+02    4.42142E+01    6.28106E-20
    6.21800E+02    4.15251E+01    9.24429E-19
    6.21900E+02    3.90150E+01    1.13760E-17
    6.22000E+02    3.66849E+01    1.16936E-16
    6.22100E+02    3.45327E+01    1.00614E-15
    6.22200E+02    3.25511E+01    7.29871E-15
    6.22300E+02    3.07290E+01    4.51398E-14
    6.22400E+02    2.90588E+01    2.39840E-13
    6.22500E+02    2.75287E+01    1.10778E-12
    6.22600E+02    2.61268E+01    4.50074E-12
    6.22700E+02    2.48428E+01    1.62520E-11
    6.22800E+02    2.36661E+01    5.27173E-11
    6.22900E+02    2.25872E+01    1.55058E-10
    6.23000E+02    2.15972E+01    4.17318E-10
    6.23100E+02    2.06880E+01    1.03589E-09
    6.23200E+02    1.98526E+01    2.38847E-09
    6.23300E+02    1.90849E+01    5.14680E-09
    6.23400E+02    1.83804E+01    1.04114E-08
    6.23500E+02    1.77395E+01    1.97615E-08
    6.23600E+02    1.71876E+01    3.43166E-08
    6.23700E+02    1.69041E+01    4.55663E-08
    6.23800E+02    1.60807E+01    1.03808E-07
    6.23900E+02    1.55574E+01    1.75181E-07
    6.24000E+02    1.50941E+01    2.78419E-07
    6.24100E+02    1.46682E+01    4.26284E-07
    6.24200E+02    1.42731E+01    6.32789E-07
    6.24300E+02    1.39057E+01    9.13752E-07
    6.24400E+02    1.35625E+01    1.28789E-06
    6.24500E+02    1.32411E+01    1.77616E-06
    6.24600E+02    1.29401E+01    2.39978E-06
    6.24700E+02    1.26580E+01    3.18210E-06
    6.24800E+02    1.23931E+01    4.14693E-06
    6.24900E+02    1.21435E+01    5.32281E-06
    6.25000E+02    1.19094E+01    6.72688E-06
    6.25100E+02    1.16897E+01    8.37966E-06
    6.25200E+02    1.14842E+01    1.02918E-05
    6.25300E+02    1.13027E+01    1.23401E-05
    6.25400E+02    1.11433E+01    1.44724E-05
    6.25500E+02    1.09249E+01    1.80043E-05
    6.25600E+02    1.07491E+01    2.14646E-05
    6.25700E+02    1.05863E+01    2.52599E-05
    6.25800E+02    1.04332E+01    2.94394E-05
    6.25900E+02    1.02892E+01    3.39993E-05
    6.26000E+02    1.01496E+01    3.90927E-05
    6.26100E+02    1.00178E+01    4.45978E-05
    6.26200E+02    9.89241E+00    5.05570E-05
    6.26300E+02    9.77271E+00    5.69857E-05
    6.26400E+02    9.65880E+00    6.38613E-05
    6.26500E+02    9.54973E+00    7.12202E-05
    6.26600E+02    9.44533E+00    7.90583E-05
    6.26700E+02    9.34598E+00    8.73156E-05
    6.26800E+02    9.24933E+00    9.61760E-05
    6.26900E+02    9.15784E+00    1.05390E-04
    6.27000E+02    9.06980E+00    1.15089E-04
    6.27100E+02    8.98531E+00    1.25237E-04
    6.27200E+02    8.90473E+00    1.35746E-04
    6.27300E+02    8.82707E+00    1.46708E-04
    6.27400E+02    8.75307E+00    1.57976E-04
    6.27500E+02    8.68206E+00    1.69601E-04
    6.27600E+02    8.61506E+00    1.81354E-04
    6.27700E+02    8.55348E+00    1.92873E-04
    6.27800E+02    8.48969E+00    2.05577E-04
    6.27900E+02    8.41885E+00    2.20668E-04
    6.28000E+02    8.35463E+00    2.35305E-04
    6.28100E+02    8.29364E+00    2.50102E-04
    6.28200E+02    8.23767E+00    2.64499E-04
    6.28300E+02    8.18371E+00    2.79163E-04
    6.28400E+02    8.12372E+00    2.96423E-04
    6.28500E+02    8.07032E+00    3.12682E-04
    6.28600E+02    8.01894E+00    3.29169E-04
    6.28700E+02    7.96962E+00    3.45812E-04
    6.28800E+02    7.92184E+00    3.62735E-04
    6.28900E+02    7.87597E+00    3.79762E-04
    6.29000E+02    7.83011E+00    3.97584E-04
    6.29100E+02    7.78631E+00    4.15384E-04
    6.29200E+02    7.74365E+00    4.33487E-04
    6.29300E+02    7.70247E+00    4.51709E-04
    6.29400E+02    7.66283E+00    4.69976E-04
    6.29500E+02    7.62369E+00    4.88734E-04
    6.29600E+02    7.58536E+00    5.07834E-04
    6.29700E+02    7.54921E+00    5.26527E-04
    6.29800E+02    7.51242E+00    5.46255E-04
    6.29900E+02    7.47719E+00    5.65845E-04
    6.30000E+02    7.44352E+00    5.85221E-04
    6.30100E+02    7.41081E+00    6.04681E-04
    6.30200E+02    7.37690E+00    6.25536E-04
    6.30300E+02    7.34523E+00    6.45666E-04
    6.30400E+02    7.31424E+00    6.65985E-04
    6.30500E+02    7.28347E+00    6.86797E-04
    6.30600E+02    7.25429E+00    7.07137E-04
    6.30700E+02    7.22501E+00    7.28145E-04
    6.30800E+02    7.19657E+00    7.49155E-04
    6.30900E+02    7.16912E+00    7.69997E-04
    6.31000E+02    7.14228E+00    7.90949E-04
    6.31100E+02    7.11605E+00    8.11964E-04
    6.31200E+02    7.09038E+00    8.33078E-04
    6.31300E+02    7.06480E+00    8.54666E-04
    6.31400E+02    7.04057E+00    8.75631E-04
    6.31500E+02    7.01703E+00    8.96480E-04
    6.31600E+02    6.99395E+00    9.17415E-04
    6.31700E+02    6.97259E+00    9.37227E-04
    6.31800E+02    6.95333E+00    9.55447E-04
    6.31900E+02    6.93758E+00    9.70619E-04
    6.32000E+02    6.92865E+00    9.79317E-04
    6.32100E+02    6.96050E+00    9.48623E-04
    6.32200E+02    7.07823E+00    8.43266E-04
    6.32300E+02    6.88289E+00    1.02517E-03
    6.32400E+02    6.83504E+00    1.07542E-03
    6.32500E+02    6.80548E+00    1.10769E-03
    6.32600E+02    6.78145E+00    1.13462E-03
    6.32700E+02    6.75948E+00    1.15983E-03
    6.32800E+02    6.73951E+00    1.18322E-03
    6.32900E+02    6.72033E+00    1.20614E-03
    6.33000E+02    6.70197E+00    1.22849E-03
    6.33100E+02    6.68496E+00    1.24957E-03
    6.33200E+02    6.67089E+00    1.26727E-03
    6.33300E+02    6.66769E+00    1.27133E-03
    6.33400E+02    6.65361E+00    1.28936E-03
    6.33500E+02    6.61892E+00    1.33488E-03
    6.33600E+02    6.60043E+00    1.35979E-03
    6.33700E+02    6.58130E+00    1.38605E-03
    6.33800E+02    6.56580E+00    1.40770E-03
    6.33900E+02    6.55106E+00    1.42860E-03
    6.34000E+02    6.53761E+00    1.44795E-03
    6.34100E+02    6.52693E+00    1.46349E-03
    6.34200E+02    6.52164E+00    1.47125E-03
    6.34300E+02    6.53449E+00    1.45246E-03
    6.34400E+02    6.62415E+00    1.32791E-03
    6.34500E+02    6.69621E+00    1.23558E-03
    6.34600E+02    6.50222E+00    1.50011E-03
    6.34700E+02    6.45143E+00    1.57826E-03
    6.34800E+02    6.42367E+00    1.62269E-03
    6.34900E+02    6.40333E+00    1.65604E-03
    6.35000E+02    6.38577E+00    1.68536E-03
    6.35100E+02    6.36999E+00    1.71218E-03
    6.35200E+02    6.35505E+00    1.73795E-03
    6.35300E+02    6.34167E+00    1.76135E-03
    6.35400E+02    6.32668E+00    1.78797E-03
    6.35500E+02    6.31335E+00    1.81196E-03
    6.35600E+02    6.29983E+00    1.83661E-03
    6.35700E+02    6.28681E+00    1.86068E-03
    6.35800E+02    6.27388E+00    1.88490E-03
    6.35900E+02    6.26142E+00    1.90854E-03
    6.36000E+02    6.24913E+00    1.93213E-03
    6.36100E+02    6.23748E+00    1.95478E-03
    6.36200E+02    6.22508E+00    1.97917E-03
    6.36300E+02    6.21307E+00    2.00307E-03
    6.36400E+02    6.20143E+00    2.02652E-03
    6.36500E+02    6.18950E+00    2.05085E-03
    6.36600E+02    6.17824E+00    2.07408E-03
    6.36700E+02    6.16718E+00    2.09714E-03
    6.36800E+02    6.15557E+00    2.12163E-03
    6.36900E+02    6.14473E+00    2.14475E-03
    6.37000E+02    6.13404E+00    2.16781E-03
    6.37100E+02    6.12317E+00    2.19150E-03
    6.37200E+02    6.11243E+00    2.21517E-03
    6.37300E+02    6.10218E+00    2.23799E-03
    6.37400E+02    6.09197E+00    2.26094E-03
    6.37500E+02    6.08183E+00    2.28399E-03
    6.37600E+02    6.07225E+00    2.30598E-03
    6.37700E+02    6.06208E+00    2.32954E-03
    6.37800E+02    6.05264E+00    2.35166E-03
    6.37900E+02    6.04332E+00    2.37366E-03
    6.38000E+02    6.03445E+00    2.39481E-03
    6.38100E+02    6.02550E+00    2.41635E-03
    6.38200E+02    6.01744E+00    2.43590E-03
    6.38300E+02    6.01022E+00    2.45355E-03
    6.38400E+02    6.00430E+00    2.46811E-03
    6.38500E+02    6.00300E+00    2.47132E-03
    6.38600E+02    6.00107E+00    2.47611E-03
    6.38700E+02    6.00902E+00    2.45650E-03
    6.38800E+02    6.05954E+00    2.33547E-03
    6.38900E+02    6.61042E+00    1.34627E-03
    6.39000E+02    6.04946E+00    2.35914E-03
    6.39100E+02    5.97524E+00    2.54090E-03
    6.39200E+02    5.94675E+00    2.61433E-03
    6.39300E+02    5.93145E+00    2.65464E-03
    6.39400E+02    5.91812E+00    2.69024E-03
    6.39500E+02    5.90628E+00    2.72230E-03
    6.39600E+02    5.89698E+00    2.74773E-03
    6.39700E+02    5.88761E+00    2.77360E-03
    6.39800E+02    5.88021E+00    2.79420E-03
    6.39900E+02    5.87635E+00    2.80499E-03
    6.40000E+02    5.88547E+00    2.77955E-03
    6.40100E+02    6.00281E+00    2.47181E-03
    6.40200E+02    5.86720E+00    2.83080E-03
    6.40300E+02    5.86612E+00    2.83386E-03
    6.40400E+02    5.83507E+00    2.92323E-03
    6.40500E+02    5.82222E+00    2.96102E-03
    6.40600E+02    5.81367E+00    2.98644E-03
    6.40700E+02    5.80391E+00    3.01574E-03
    6.40800E+02    5.79620E+00    3.03908E-03
    6.40900E+02    5.78836E+00    3.06301E-03
    6.41000E+02    5.78119E+00    3.08504E-03
    6.41100E+02    5.77430E+00    3.10636E-03
    6.41200E+02    5.76800E+00    3.12600E-03
    6.41300E+02    5.76215E+00    3.14436E-03
    6.41400E+02    5.75872E+00    3.15516E-03
    6.41500E+02    5.76922E+00    3.12218E-03
    6.41600E+02    5.75384E+00    3.17058E-03
    6.41700E+02    5.74003E+00    3.21468E-03
    6.41800E+02    5.73301E+00    3.23731E-03
    6.41900E+02    5.72951E+00    3.24868E-03
    6.42000E+02    5.72816E+00    3.25306E-03
    6.42100E+02    5.73580E+00    3.22828E-03
    6.42200E+02    5.76367E+00    3.13956E-03
    6.42300E+02    5.90877E+00    2.71552E-03
    6.42400E+02    5.89958E+00    2.74058E-03
    6.42500E+02    5.74311E+00    3.20480E-03
    6.42600E+02    5.70308E+00    3.33568E-03
    6.42700E+02    5.68368E+00    3.40102E-03
    6.42800E+02    5.67095E+00    3.44458E-03
    6.42900E+02    5.66125E+00    3.47818E-03
    6.43000E+02    5.65312E+00    3.50655E-03
    6.43100E+02    5.64597E+00    3.53173E-03
    6.43200E+02    5.63960E+00    3.55428E-03
    6.43300E+02    5.63452E+00    3.57239E-03
    6.43400E+02    5.62753E+00    3.59745E-03
    6.43500E+02    5.62176E+00    3.61828E-03
    6.43600E+02    5.61431E+00    3.64534E-03
    6.43700E+02    5.60753E+00    3.67011E-03
    6.43800E+02    5.60163E+00    3.69183E-03
    6.43900E+02    5.59620E+00    3.71194E-03
    6.44000E+02    5.59125E+00    3.73035E-03
    6.44100E+02    5.58659E+00    3.74779E-03
    6.44200E+02    5.58226E+00    3.76406E-03
    6.44300E+02    5.57930E+00    3.77521E-03
    6.44400E+02    5.57863E+00    3.77774E-03
    6.44500E+02    5.58186E+00    3.76554E-03
    6.44600E+02    5.59484E+00    3.71698E-03
    6.44700E+02    5.64400E+00    3.53867E-03
    6.44800E+02    6.10288E+00    2.23641E-03
    6.44900E+02    5.64409E+00    3.53838E-03
    6.45000E+02    5.57561E+00    3.78916E-03
    6.45100E+02    5.55174E+00    3.88070E-03
    6.45200E+02    5.53833E+00    3.93308E-03
    6.45300E+02    5.53105E+00    3.96183E-03
    6.45400E+02    5.52884E+00    3.97061E-03
    6.45500E+02    5.52158E+00    3.99951E-03
    6.45600E+02    5.53401E+00    3.95011E-03
    6.45700E+02    5.55773E+00    3.85751E-03
    6.45800E+02    5.50783E+00    4.05491E-03
    6.45900E+02    5.49864E+00    4.09232E-03
    6.46000E+02    5.49318E+00    4.11473E-03
    6.46100E+02    5.48290E+00    4.15727E-03
    6.46200E+02    5.47720E+00    4.18103E-03
    6.46300E+02    5.47571E+00    4.18724E-03
    6.46400E+02    5.46854E+00    4.21739E-03
    6.46500E+02    5.46495E+00    4.23257E-03
    6.46600E+02    5.45753E+00    4.26408E-03
    6.46700E+02    5.45264E+00    4.28499E-03
    6.46800E+02    5.44806E+00    4.30464E-03
    6.46900E+02    5.44443E+00    4.32032E-03
    6.47000E+02    5.44082E+00    4.33594E-03
    6.47100E+02    5.43829E+00    4.34690E-03
    6.47200E+02    5.43637E+00    4.35525E-03
    6.47300E+02    5.43601E+00    4.35684E-03
    6.47400E+02    5.43514E+00    4.36063E-03
    6.47500E+02    5.43926E+00    4.34270E-03
    6.47600E+02    5.45095E+00    4.29221E-03
    6.47700E+02    5.48736E+00    4.13876E-03
    6.47800E+02    5.69147E+00    3.37462E-03
    6.47900E+02    5.60278E+00    3.68758E-03
    6.48000E+02    5.46006E+00    4.25328E-03
    6.48100E+02    5.42167E+00    4.41976E-03
    6.48200E+02    5.40384E+00    4.49926E-03
    6.48300E+02    5.39299E+00    4.54836E-03
    6.48400E+02    5.38522E+00    4.58383E-03
    6.48500E+02    5.37891E+00    4.61283E-03
    6.48600E+02    5.37315E+00    4.63949E-03
    6.48700E+02    5.36820E+00    4.66253E-03
    6.48800E+02    5.36377E+00    4.68322E-03
    6.48900E+02    5.35935E+00    4.70397E-03
    6.49000E+02    5.35511E+00    4.72395E-03
    6.49100E+02    5.35152E+00    4.74092E-03
    6.49200E+02    5.34752E+00    4.75996E-03
    6.49300E+02    5.34359E+00    4.77869E-03
    6.49400E+02    5.33980E+00    4.79681E-03
    6.49500E+02    5.33624E+00    4.81392E-03
    6.49600E+02    5.33285E+00    4.83028E-03
    6.49700E+02    5.32956E+00    4.84619E-03
    6.49800E+02    5.32646E+00    4.86123E-03
    6.49900E+02    5.32349E+00    4.87572E-03
    6.50000E+02    5.32061E+00    4.88975E-03
    6.50100E+02    5.31763E+00    4.90435E-03
    6.50200E+02    5.31521E+00    4.91625E-03
    6.50300E+02    5.31323E+00    4.92600E-03
    6.50400E+02    5.31210E+00    4.93154E-03
    6.50500E+02    5.31359E+00    4.92421E-03
    6.50600E+02    5.31812E+00    4.90194E-03
    6.50700E+02    5.35437E+00    4.72742E-03
    6.50800E+02    5.33094E+00    4.83954E-03
    6.50900E+02    5.31317E+00    4.92628E-03
    6.51000E+02    5.31081E+00    4.93791E-03
    6.51100E+02    5.31436E+00    4.92045E-03
    6.51200E+02    5.32722E+00    4.85753E-03
    6.51300E+02    5.36203E+00    4.69136E-03
    6.51400E+02    5.48874E+00    4.13304E-03
    6.51500E+02    5.81985E+00    2.96805E-03
    6.51600E+02    5.51109E+00    4.04170E-03
    6.51700E+02    5.35572E+00    4.72107E-03
    6.51800E+02    5.31760E+00    4.90451E-03
    6.51900E+02    5.29329E+00    5.02520E-03
    6.52000E+02    5.28070E+00    5.08887E-03
    6.52100E+02    5.27347E+00    5.12582E-03
    6.52200E+02    5.27139E+00    5.13645E-03
    6.52300E+02    5.26674E+00    5.16039E-03
    6.52400E+02    5.25947E+00    5.19804E-03
    6.52500E+02    5.25590E+00    5.21665E-03
    6.52600E+02    5.25330E+00    5.23021E-03
    6.52700E+02    5.25127E+00    5.24083E-03
    6.52800E+02    5.25017E+00    5.24664E-03
    6.52900E+02    5.24856E+00    5.25508E-03
    6.53000E+02    5.24788E+00    5.25865E-03
    6.53100E+02    5.24814E+00    5.25730E-03
    6.53200E+02    5.24958E+00    5.24973E-03
    6.53300E+02    5.25319E+00    5.23083E-03
    6.53400E+02    5.26176E+00    5.18614E-03
    6.53500E+02    5.27702E+00    5.10762E-03
    6.53600E+02    5.31064E+00    4.93877E-03
    6.53700E+02    5.45515E+00    4.27423E-03
    6.53800E+02    5.57107E+00    3.80641E-03
    6.53900E+02    5.33135E+00    4.83753E-03
    6.54000E+02    5.28609E+00    5.06152E-03
    6.54100E+02    5.27305E+00    5.12794E-03
    6.54200E+02    5.27132E+00    5.13681E-03
    6.54300E+02    5.27727E+00    5.10637E-03
    6.54400E+02    5.29297E+00    5.02683E-03
    6.54500E+02    5.32629E+00    4.86205E-03
    6.54600E+02    5.40986E+00    4.47225E-03
    6.54700E+02    5.90014E+00    2.73906E-03
    6.54800E+02    5.71192E+00    3.30632E-03
    6.54900E+02    5.75108E+00    3.17934E-03
    6.55000E+02    6.17260E+00    2.08580E-03
    6.55100E+02    6.07244E+00    2.30554E-03
    6.55200E+02    6.46868E+00    1.55127E-03
    6.55300E+02    6.25242E+00    1.92578E-03
    6.55400E+02    5.54972E+00    3.88853E-03
    6.55500E+02    5.51696E+00    4.01806E-03
    6.55600E+02    6.10263E+00    2.23698E-03
    6.55700E+02    5.54957E+00    3.88914E-03
    6.55800E+02    5.61807E+00    3.63163E-03
    6.55900E+02    5.98460E+00    2.51722E-03
    6.56000E+02    6.29281E+00    1.84955E-03
    6.56100E+02    5.65995E+00    3.48268E-03
    6.56200E+02    5.97676E+00    2.53705E-03
    6.56300E+02    5.84648E+00    2.89006E-03
    6.56400E+02    6.10424E+00    2.23338E-03
    6.56500E+02    5.69489E+00    3.36311E-03
    6.56600E+02    5.40202E+00    4.50748E-03
    6.56700E+02    5.32623E+00    4.86238E-03
    6.56800E+02    5.28928E+00    5.04538E-03
    6.56900E+02    5.26918E+00    5.14781E-03
    6.57000E+02    5.25815E+00    5.20493E-03
    6.57100E+02    5.25216E+00    5.23619E-03
    6.57200E+02    5.24824E+00    5.25675E-03
    6.57300E+02    5.24806E+00    5.25772E-03
    6.57400E+02    5.25754E+00    5.20809E-03
    6.57500E+02    5.34214E+00    4.78561E-03
    6.57600E+02    5.26703E+00    5.15893E-03
    6.57700E+02    5.25436E+00    5.22467E-03
    6.57800E+02    5.25746E+00    5.20850E-03
    6.57900E+02    5.28193E+00    5.08260E-03
    6.58000E+02    5.42272E+00    4.41510E-03
    6.58100E+02    5.35603E+00    4.71960E-03
    6.58200E+02    5.26549E+00    5.16684E-03
    6.58300E+02    5.24180E+00    5.29075E-03
    6.58400E+02    5.23022E+00    5.35233E-03
    6.58500E+02    5.22311E+00    5.39054E-03
    6.58600E+02    5.21792E+00    5.41861E-03
    6.58700E+02    5.21729E+00    5.42201E-03
    6.58800E+02    5.25730E+00    5.20934E-03
    6.58900E+02    5.20986E+00    5.46246E-03
    6.59000E+02    5.19448E+00    5.54711E-03
    6.59100E+02    5.19454E+00    5.54675E-03
    6.59200E+02    5.17904E+00    5.63341E-03
    6.59300E+02    5.17149E+00    5.67613E-03
    6.59400E+02    5.16560E+00    5.70962E-03
    6.59500E+02    5.16025E+00    5.74026E-03
    6.59600E+02    5.15484E+00    5.77143E-03
    6.59700E+02    5.15000E+00    5.79939E-03
    6.59800E+02    5.14551E+00    5.82552E-03
    6.59900E+02    5.14137E+00    5.84969E-03
    6.60000E+02    5.13729E+00    5.87359E-03
    6.60100E+02    5.13371E+00    5.89466E-03
    6.60200E+02    5.13020E+00    5.91536E-03
    6.60300E+02    5.12672E+00    5.93602E-03
    6.60400E+02    5.12361E+00    5.95451E-03
    6.60500E+02    5.12078E+00    5.97136E-03
    6.60600E+02    5.11823E+00    5.98661E-03
    6.60700E+02    5.11605E+00    5.99968E-03
    6.60800E+02    5.11424E+00    6.01052E-03
    6.60900E+02    5.11321E+00    6.01676E-03
    6.61000E+02    5.11311E+00    6.01735E-03
    6.61100E+02    5.11417E+00    6.01097E-03
    6.61200E+02    5.11891E+00    5.98256E-03
    6.61300E+02    5.13501E+00    5.88699E-03
    6.61400E+02    5.20993E+00    5.46208E-03
    6.61500E+02    5.24607E+00    5.26818E-03
    6.61600E+02    5.13497E+00    5.88724E-03
    6.61700E+02    5.11092E+00    6.03051E-03
    6.61800E+02    5.10112E+00    6.08991E-03
    6.61900E+02    5.09557E+00    6.12379E-03
    6.62000E+02    5.09190E+00    6.14632E-03
    6.62100E+02    5.08907E+00    6.16377E-03
    6.62200E+02    5.08687E+00    6.17734E-03
    6.62300E+02    5.08494E+00    6.18925E-03
    6.62400E+02    5.08342E+00    6.19868E-03
    6.62500E+02    5.08183E+00    6.20853E-03
    6.62600E+02    5.08058E+00    6.21633E-03
    6.62700E+02    5.07997E+00    6.22011E-03
    6.62800E+02    5.08402E+00    6.19497E-03
    6.62900E+02    5.07854E+00    6.22901E-03
    6.63000E+02    5.07627E+00    6.24315E-03
    6.63100E+02    5.07501E+00    6.25104E-03
    6.63200E+02    5.07398E+00    6.25746E-03
    6.63300E+02    5.07304E+00    6.26333E-03
    6.63400E+02    5.07229E+00    6.26803E-03
    6.63500E+02    5.07156E+00    6.27263E-03
    6.63600E+02    5.07109E+00    6.27555E-03
    6.63700E+02    5.07059E+00    6.27870E-03
    6.63800E+02    5.06994E+00    6.28281E-03
    6.63900E+02    5.06947E+00    6.28576E-03
    6.64000E+02    5.06926E+00    6.28707E-03
    6.64100E+02    5.06878E+00    6.29008E-03
    6.64200E+02    5.06865E+00    6.29092E-03
    6.64300E+02    5.06896E+00    6.28893E-03
    6.64400E+02    5.07067E+00    6.27823E-03
    6.64500E+02    5.08240E+00    6.20502E-03
    6.64600E+02    5.07018E+00    6.28132E-03
    6.64700E+02    5.06934E+00    6.28659E-03
    6.64800E+02    5.06961E+00    6.28486E-03
    6.64900E+02    5.07057E+00    6.27883E-03
    6.65000E+02    5.07315E+00    6.26265E-03
    6.65100E+02    5.07608E+00    6.24435E-03
    6.65200E+02    5.08137E+00    6.21136E-03
    6.65300E+02    5.08346E+00    6.19840E-03
    6.65400E+02    5.09595E+00    6.12149E-03
    6.65500E+02    5.12114E+00    5.96919E-03
    6.65600E+02    5.21160E+00    5.45293E-03
    6.65700E+02    5.45404E+00    4.27897E-03
    6.65800E+02    5.16361E+00    5.72099E-03
    6.65900E+02    5.11864E+00    5.98417E-03
    6.66000E+02    5.09412E+00    6.13268E-03
    6.66100E+02    5.08974E+00    6.15961E-03
    6.66200E+02    5.09103E+00    6.15170E-03
    6.66300E+02    5.09389E+00    6.13409E-03
    6.66400E+02    5.09247E+00    6.14285E-03
    6.66500E+02    5.11377E+00    6.01336E-03
    6.66600E+02    5.23212E+00    5.34218E-03
    6.66700E+02    5.15699E+00    5.75901E-03
    6.66800E+02    5.11016E+00    6.03512E-03
    6.66900E+02    5.08610E+00    6.18208E-03
    6.67000E+02    5.08052E+00    6.21665E-03
    6.67100E+02    5.07864E+00    6.22838E-03
    6.67200E+02    5.07481E+00    6.25224E-03
    6.67300E+02    5.07730E+00    6.23675E-03
    6.67400E+02    5.08009E+00    6.21934E-03
    6.67500E+02    5.08049E+00    6.21686E-03
    6.67600E+02    5.07434E+00    6.25520E-03
    6.67700E+02    5.08511E+00    6.18821E-03
    6.67800E+02    5.07650E+00    6.24170E-03
    6.67900E+02    5.08231E+00    6.20557E-03
    6.68000E+02    5.07453E+00    6.25403E-03
    6.68100E+02    5.07278E+00    6.26501E-03
    6.68200E+02    5.07273E+00    6.26527E-03
    6.68300E+02    5.07310E+00    6.26298E-03
    6.68400E+02    5.07372E+00    6.25908E-03
    6.68500E+02    5.07451E+00    6.25414E-03
    6.68600E+02    5.07535E+00    6.24887E-03
    6.68700E+02    5.07640E+00    6.24233E-03
    6.68800E+02    5.07755E+00    6.23514E-03
    6.68900E+02    5.07902E+00    6.22598E-03
    6.69000E+02    5.08071E+00    6.21550E-03
    6.69100E+02    5.08276E+00    6.20276E-03
    6.69200E+02    5.08542E+00    6.18628E-03
    6.69300E+02    5.08902E+00    6.16405E-03
    6.69400E+02    5.09444E+00    6.13075E-03
    6.69500E+02    5.10371E+00    6.07416E-03
    6.69600E+02    5.12411E+00    5.95152E-03
    6.69700E+02    5.15855E+00    5.75003E-03
    6.69800E+02    5.32283E+00    4.87891E-03
    6.69900E+02    5.39078E+00    4.55843E-03
    6.70000E+02    5.17137E+00    5.67681E-03
    6.70100E+02    5.12936E+00    5.92034E-03
    6.70200E+02    5.11335E+00    6.01588E-03
    6.70300E+02    5.10573E+00    6.06191E-03
    6.70400E+02    5.10172E+00    6.08627E-03
    6.70500E+02    5.10026E+00    6.09514E-03
    6.70600E+02    5.09989E+00    6.09741E-03
    6.70700E+02    5.10034E+00    6.09465E-03
    6.70800E+02    5.10137E+00    6.08840E-03
    6.70900E+02    5.10335E+00    6.07634E-03
    6.71000E+02    5.10536E+00    6.06417E-03
    6.71100E+02    5.10855E+00    6.04484E-03
    6.71200E+02    5.11328E+00    6.01632E-03
    6.71300E+02    5.12077E+00    5.97143E-03
    6.71400E+02    5.13449E+00    5.89008E-03
    6.71500E+02    5.16548E+00    5.71032E-03
    6.71600E+02    5.27520E+00    5.11696E-03
    6.71700E+02    5.43612E+00    4.35636E-03
    6.71800E+02    5.31317E+00    4.92628E-03
    6.71900E+02    5.16981E+00    5.68566E-03
    6.72000E+02    5.14186E+00    5.84679E-03
    6.72100E+02    5.13046E+00    5.91385E-03
    6.72200E+02    5.12606E+00    5.93994E-03
    6.72300E+02    5.12445E+00    5.94950E-03
    6.72400E+02    5.12453E+00    5.94901E-03
    6.72500E+02    5.12630E+00    5.93852E-03
    6.72600E+02    5.13053E+00    5.91344E-03
    6.72700E+02    5.14405E+00    5.83404E-03
    6.72800E+02    5.25526E+00    5.22000E-03
    6.72900E+02    5.14403E+00    5.83413E-03
    6.73000E+02    5.13498E+00    5.88718E-03
    6.73100E+02    5.13966E+00    5.85969E-03
    6.73200E+02    5.13366E+00    5.89495E-03
    6.73300E+02    5.13436E+00    5.89084E-03
    6.73400E+02    5.13621E+00    5.87995E-03
    6.73500E+02    5.13897E+00    5.86374E-03
    6.73600E+02    5.14333E+00    5.83824E-03
    6.73700E+02    5.15128E+00    5.79198E-03
    6.73800E+02    5.17243E+00    5.67079E-03
    6.73900E+02    5.32772E+00    4.85515E-03
    6.74000E+02    5.18968E+00    5.57380E-03
    6.74100E+02    5.16140E+00    5.73368E-03
    6.74200E+02    5.15473E+00    5.77204E-03
    6.74300E+02    5.15307E+00    5.78162E-03
    6.74400E+02    5.15312E+00    5.78135E-03
    6.74500E+02    5.15404E+00    5.77603E-03
    6.74600E+02    5.15530E+00    5.76877E-03
    6.74700E+02    5.15684E+00    5.75989E-03
    6.74800E+02    5.15856E+00    5.74998E-03
    6.74900E+02    5.16059E+00    5.73832E-03
    6.75000E+02    5.16253E+00    5.72717E-03
    6.75100E+02    5.16588E+00    5.70803E-03
    6.75200E+02    5.16675E+00    5.70307E-03
    6.75300E+02    5.16888E+00    5.69095E-03
    6.75400E+02    5.17123E+00    5.67760E-03
    6.75500E+02    5.17377E+00    5.66317E-03
    6.75600E+02    5.17660E+00    5.64719E-03
    6.75700E+02    5.17995E+00    5.62831E-03
    6.75800E+02    5.18417E+00    5.60461E-03
    6.75900E+02    5.19155E+00    5.56337E-03
    6.76000E+02    5.21436E+00    5.43791E-03
    6.76100E+02    5.23216E+00    5.34198E-03
    6.76200E+02    5.20111E+00    5.51046E-03
    6.76300E+02    5.19694E+00    5.53346E-03
    6.76400E+02    5.19699E+00    5.53317E-03
    6.76500E+02    5.19840E+00    5.52542E-03
    6.76600E+02    5.20058E+00    5.51338E-03
    6.76700E+02    5.20321E+00    5.49891E-03
    6.76800E+02    5.20681E+00    5.47913E-03
    6.76900E+02    5.22242E+00    5.39428E-03
    6.77000E+02    5.21561E+00    5.43110E-03
    6.77100E+02    5.23202E+00    5.34270E-03
    6.77200E+02    5.22958E+00    5.35579E-03
    6.77300E+02    5.22130E+00    5.40031E-03
    6.77400E+02    5.22157E+00    5.39886E-03
    6.77500E+02    5.22335E+00    5.38922E-03
    6.77600E+02    5.22562E+00    5.37701E-03
    6.77700E+02    5.22816E+00    5.36337E-03
    6.77800E+02    5.23081E+00    5.34920E-03
    6.77900E+02    5.23371E+00    5.33370E-03
    6.78000E+02    5.23636E+00    5.31960E-03
    6.78100E+02    5.23923E+00    5.30433E-03
    6.78200E+02    5.24226E+00    5.28831E-03
    6.78300E+02    5.24562E+00    5.27056E-03
    6.78400E+02    5.25331E+00    5.23015E-03
    6.78500E+02    5.25181E+00    5.23803E-03
    6.78600E+02    5.25425E+00    5.22529E-03
    6.78700E+02    5.25727E+00    5.20949E-03
    6.78800E+02    5.26043E+00    5.19308E-03
    6.78900E+02    5.26382E+00    5.17547E-03
    6.79000E+02    5.26855E+00    5.15108E-03
    6.79100E+02    5.27343E+00    5.12600E-03
    6.79200E+02    5.27349E+00    5.12569E-03
    6.79300E+02    5.27625E+00    5.11159E-03
    6.79400E+02    5.27937E+00    5.09564E-03
    6.79500E+02    5.28259E+00    5.07923E-03
    6.79600E+02    5.28593E+00    5.06233E-03
    6.79700E+02    5.28947E+00    5.04445E-03
    6.79800E+02    5.29379E+00    5.02271E-03
    6.79900E+02    5.29604E+00    5.01138E-03
    6.80000E+02    5.29942E+00    4.99450E-03
    6.80100E+02    5.30286E+00    4.97734E-03
    6.80200E+02    5.30634E+00    4.96006E-03
    6.80300E+02    5.31002E+00    4.94184E-03
    6.80400E+02    5.31353E+00    4.92451E-03
    6.80500E+02    5.31707E+00    4.90711E-03
    6.80600E+02    5.32067E+00    4.88947E-03
    6.80700E+02    5.32431E+00    4.87172E-03
    6.80800E+02    5.32802E+00    4.85369E-03
    6.80900E+02    5.33173E+00    4.83569E-03
    6.81000E+02    5.33545E+00    4.81773E-03
    6.81100E+02    5.33927E+00    4.79938E-03
    6.81200E+02    5.34309E+00    4.78108E-03
    6.81300E+02    5.34692E+00    4.76280E-03
    6.81400E+02    5.35088E+00    4.74397E-03
    6.81500E+02    5.35485E+00    4.72518E-03
    6.81600E+02    5.35901E+00    4.70556E-03
    6.81700E+02    5.36284E+00    4.68760E-03
    6.81800E+02    5.36685E+00    4.66882E-03
    6.81900E+02    5.37126E+00    4.64827E-03
    6.82000E+02    5.37544E+00    4.62888E-03
    6.82100E+02    5.37937E+00    4.61071E-03
    6.82200E+02    5.38391E+00    4.58984E-03
    6.82300E+02    5.38823E+00    4.57003E-03
    6.82400E+02    5.39201E+00    4.55283E-03
    6.82500E+02    5.39622E+00    4.53370E-03
    6.82600E+02    5.40057E+00    4.51401E-03
    6.82700E+02    5.40509E+00    4.49364E-03
    6.82800E+02    5.40966E+00    4.47318E-03
    6.82900E+02    5.41432E+00    4.45235E-03
    6.83000E+02    5.41864E+00    4.43317E-03
    6.83100E+02    5.42378E+00    4.41043E-03
    6.83200E+02    5.42949E+00    4.38534E-03
    6.83300E+02    5.43586E+00    4.35747E-03
    6.83400E+02    5.44443E+00    4.32030E-03
    6.83500E+02    5.46009E+00    4.25316E-03
    6.83600E+02    5.52302E+00    3.99378E-03
    6.83700E+02    5.50255E+00    4.07637E-03
    6.83800E+02    5.47238E+00    4.20121E-03
    6.83900E+02    5.46888E+00    4.21595E-03
    6.84000E+02    5.47206E+00    4.20258E-03
    6.84100E+02    5.47992E+00    4.16964E-03
    6.84200E+02    5.50762E+00    4.05575E-03
    6.84300E+02    5.50559E+00    4.06399E-03
    6.84400E+02    5.49148E+00    4.12173E-03
    6.84500E+02    5.49183E+00    4.12030E-03
    6.84600E+02    5.49484E+00    4.10793E-03
    6.84700E+02    5.49884E+00    4.09151E-03
    6.84800E+02    5.50330E+00    4.07332E-03
    6.84900E+02    5.50793E+00    4.05449E-03
    6.85000E+02    5.51280E+00    4.03479E-03
    6.85100E+02    5.51771E+00    4.01503E-03
    6.85200E+02    5.52272E+00    3.99495E-03
    6.85300E+02    5.52788E+00    3.97441E-03
    6.85400E+02    5.53311E+00    3.95369E-03
    6.85500E+02    5.53847E+00    3.93253E-03
    6.85600E+02    5.54504E+00    3.90680E-03
    6.85700E+02    5.54935E+00    3.88997E-03
    6.85800E+02    5.55486E+00    3.86862E-03
    6.85900E+02    5.56290E+00    3.83764E-03
    6.86000E+02    5.56564E+00    3.82714E-03
    6.86100E+02    5.57099E+00    3.80669E-03
    6.86200E+02    5.57656E+00    3.78557E-03
    6.86300E+02    5.58209E+00    3.76468E-03
    6.86400E+02    5.58779E+00    3.74331E-03
    6.86500E+02    5.59364E+00    3.72146E-03
    6.86600E+02    5.59981E+00    3.69855E-03
    6.86700E+02    5.60562E+00    3.67715E-03
    6.86800E+02    5.61114E+00    3.65690E-03
    6.86900E+02    5.61708E+00    3.63523E-03
    6.87000E+02    5.62303E+00    3.61369E-03
    6.87100E+02    5.62910E+00    3.59181E-03
    6.87200E+02    5.63524E+00    3.56982E-03
    6.87300E+02    5.64145E+00    3.54774E-03
    6.87400E+02    5.64776E+00    3.52541E-03
    6.87500E+02    5.65400E+00    3.50347E-03
    6.87600E+02    5.66042E+00    3.48107E-03
    6.87700E+02    5.66706E+00    3.45801E-03
    6.87800E+02    5.67334E+00    3.43637E-03
    6.87900E+02    5.67997E+00    3.41368E-03
    6.88000E+02    5.68659E+00    3.39113E-03
    6.88100E+02    5.69335E+00    3.36829E-03
    6.88200E+02    5.70015E+00    3.34546E-03
    6.88300E+02    5.70711E+00    3.32227E-03
    6.88400E+02    5.71409E+00    3.29914E-03
    6.88500E+02    5.72118E+00    3.27585E-03
    6.88600E+02    5.72841E+00    3.25224E-03
    6.88700E+02    5.73569E+00    3.22866E-03
    6.88800E+02    5.74315E+00    3.20464E-03
    6.88900E+02    5.75071E+00    3.18052E-03
    6.89000E+02    5.75841E+00    3.15613E-03
    6.89100E+02    5.76619E+00    3.13166E-03
    6.89200E+02    5.77417E+00    3.10676E-03
    6.89300E+02    5.78249E+00    3.08104E-03
    6.89400E+02    5.79060E+00    3.05615E-03
    6.89500E+02    5.79906E+00    3.03041E-03
    6.89600E+02    5.80775E+00    3.00417E-03
    6.89700E+02    5.81694E+00    2.97671E-03
    6.89800E+02    5.82602E+00    2.94979E-03
    6.89900E+02    5.83522E+00    2.92278E-03
    6.90000E+02    5.84483E+00    2.89483E-03
    6.90100E+02    5.85481E+00    2.86608E-03
    6.90200E+02    5.86514E+00    2.83664E-03
    6.90300E+02    5.87592E+00    2.80621E-03
    6.90400E+02    5.88716E+00    2.77485E-03
    6.90500E+02    5.89881E+00    2.74271E-03
    6.90600E+02    5.91123E+00    2.70886E-03
    6.90700E+02    5.92475E+00    2.67248E-03
    6.90800E+02    5.93920E+00    2.63414E-03
    6.90900E+02    5.95149E+00    2.60197E-03
    6.91000E+02    5.96622E+00    2.56390E-03
    6.91100E+02    5.98265E+00    2.52214E-03
    6.91200E+02    6.00007E+00    2.47858E-03
    6.91300E+02    6.02513E+00    2.41724E-03
    6.91400E+02    6.04825E+00    2.36198E-03
    6.91500E+02    6.05754E+00    2.34016E-03
    6.91600E+02    6.07406E+00    2.30180E-03
    6.91700E+02    6.09627E+00    2.25126E-03
    6.91800E+02    6.10514E+00    2.23137E-03
    6.91900E+02    6.12284E+00    2.19222E-03
    6.92000E+02    6.14773E+00    2.13834E-03
    6.92100E+02    6.15984E+00    2.11259E-03
    6.92200E+02    6.19195E+00    2.04584E-03
    6.92300E+02    6.30085E+00    1.83474E-03
    6.92400E+02    6.44948E+00    1.58134E-03
    6.92500E+02    6.21871E+00    1.99181E-03
    6.92600E+02    6.17714E+00    2.07636E-03
    6.92700E+02    6.16201E+00    2.10801E-03
    6.92800E+02    6.15609E+00    2.12052E-03
    6.92900E+02    6.15403E+00    2.12489E-03
    6.93000E+02    6.15577E+00    2.12121E-03
    6.93100E+02    6.16163E+00    2.10881E-03
    6.93200E+02    6.17444E+00    2.08196E-03
    6.93300E+02    6.20538E+00    2.01855E-03
    6.93400E+02    6.31467E+00    1.80957E-03
    6.93500E+02    6.52342E+00    1.46864E-03
    6.93600E+02    6.24480E+00    1.94051E-03
    6.93700E+02    6.19935E+00    2.03075E-03
    6.93800E+02    6.18592E+00    2.05820E-03
    6.93900E+02    6.18301E+00    2.06420E-03
    6.94000E+02    6.18438E+00    2.06138E-03
    6.94100E+02    6.18821E+00    2.05351E-03
    6.94200E+02    6.19369E+00    2.04227E-03
    6.94300E+02    6.20083E+00    2.02774E-03
    6.94400E+02    6.21046E+00    2.00832E-03
    6.94500E+02    6.22364E+00    1.98202E-03
    6.94600E+02    6.24831E+00    1.93373E-03
    6.94700E+02    6.32957E+00    1.78279E-03
    6.94800E+02    6.38881E+00    1.68026E-03
    6.94900E+02    6.27856E+00    1.87610E-03
    6.95000E+02    6.26388E+00    1.90384E-03
    6.95100E+02    6.26469E+00    1.90231E-03
    6.95200E+02    6.26859E+00    1.89490E-03
    6.95300E+02    6.27525E+00    1.88232E-03
    6.95400E+02    6.28250E+00    1.86873E-03
    6.95500E+02    6.29063E+00    1.85359E-03
    6.95600E+02    6.29960E+00    1.83704E-03
    6.95700E+02    6.30927E+00    1.81936E-03
    6.95800E+02    6.32041E+00    1.79920E-03
    6.95900E+02    6.33503E+00    1.77310E-03
    6.96000E+02    6.35930E+00    1.73059E-03
    6.96100E+02    6.47657E+00    1.53909E-03
    6.96200E+02    6.37311E+00    1.70684E-03
    6.96300E+02    6.37063E+00    1.71107E-03
    6.96400E+02    6.37658E+00    1.70092E-03
    6.96500E+02    6.38472E+00    1.68714E-03
    6.96600E+02    6.39374E+00    1.67199E-03
    6.96700E+02    6.40361E+00    1.65557E-03
    6.96800E+02    6.41386E+00    1.63869E-03
    6.96900E+02    6.42450E+00    1.62134E-03
    6.97000E+02    6.43585E+00    1.60304E-03
    6.97100E+02    6.45468E+00    1.57314E-03
    6.97200E+02    6.45672E+00    1.56994E-03
    6.97300E+02    6.46707E+00    1.55377E-03
    6.97400E+02    6.47876E+00    1.53571E-03
    6.97500E+02    6.49974E+00    1.50382E-03
    6.97600E+02    6.50050E+00    1.50268E-03
    6.97700E+02    6.51128E+00    1.48658E-03
    6.97800E+02    6.52166E+00    1.47123E-03
    6.97900E+02    6.53255E+00    1.45529E-03
    6.98000E+02    6.54410E+00    1.43858E-03
    6.98100E+02    6.55552E+00    1.42224E-03
    6.98200E+02    6.56702E+00    1.40598E-03
    6.98300E+02    6.57926E+00    1.38887E-03
    6.98400E+02    6.59121E+00    1.37238E-03
    6.98500E+02    6.60335E+00    1.35581E-03
    6.98600E+02    6.61642E+00    1.33821E-03
    6.98700E+02    6.63074E+00    1.31918E-03
    6.98800E+02    6.64566E+00    1.29964E-03
    6.98900E+02    6.67065E+00    1.26757E-03
    6.99000E+02    6.72620E+00    1.19908E-03
    6.99100E+02    6.68799E+00    1.24578E-03
    6.99200E+02    6.69320E+00    1.23931E-03
    6.99300E+02    6.70383E+00    1.22621E-03
    6.99400E+02    6.71538E+00    1.21213E-03
    6.99500E+02    6.72770E+00    1.19728E-03
    6.99600E+02    6.74077E+00    1.18173E-03
    6.99700E+02    6.75366E+00    1.16661E-03
    6.99800E+02    6.76715E+00    1.15098E-03
    6.99900E+02    6.78093E+00    1.13521E-03
    7.00000E+02    6.79503E+00    1.11932E-03
    7.00100E+02    6.80984E+00    1.10287E-03
    7.00200E+02    6.82487E+00    1.08641E-03
    7.00300E+02    6.84133E+00    1.06868E-03
    7.00400E+02    6.85975E+00    1.04918E-03
    7.00500E+02    6.88091E+00    1.02721E-03
    7.00600E+02    6.91099E+00    9.96773E-04
    7.00700E+02    6.97032E+00    9.39354E-04
    7.00800E+02    7.15445E+00    7.81376E-04
    7.00900E+02    7.19644E+00    7.49247E-04
    7.01000E+02    7.01221E+00    9.00818E-04
    7.01100E+02    6.98699E+00    9.23820E-04
    7.01200E+02    6.99117E+00    9.19967E-04
    7.01300E+02    7.01985E+00    8.93961E-04
    7.01400E+02    7.05876E+00    8.59847E-04
    7.01500E+02    7.12756E+00    8.02672E-04
    7.01600E+02    7.04507E+00    8.71693E-04
    7.01700E+02    7.04348E+00    8.73080E-04
    7.01800E+02    7.05259E+00    8.65166E-04
    7.01900E+02    7.06456E+00    8.54868E-04
    7.02000E+02    7.07785E+00    8.43581E-04
    7.02100E+02    7.09216E+00    8.31598E-04
    7.02200E+02    7.10650E+00    8.19757E-04
    7.02300E+02    7.12139E+00    8.07641E-04
    7.02400E+02    7.13595E+00    7.95967E-04
    7.02500E+02    7.15146E+00    7.83718E-04
    7.02600E+02    7.16704E+00    7.71602E-04
    7.02700E+02    7.18538E+00    7.57579E-04
    7.02800E+02    7.19840E+00    7.47778E-04
    7.02900E+02    7.21406E+00    7.36160E-04
    7.03000E+02    7.22983E+00    7.24642E-04
    7.03100E+02    7.24577E+00    7.13184E-04
    7.03200E+02    7.26186E+00    7.01800E-04
    7.03300E+02    7.27813E+00    6.90479E-04
    7.03400E+02    7.29432E+00    6.79388E-04
    7.03500E+02    7.31095E+00    6.68179E-04
    7.03600E+02    7.32774E+00    6.57055E-04
    7.03700E+02    7.34459E+00    6.46078E-04
    7.03800E+02    7.36180E+00    6.35057E-04
    7.03900E+02    7.37861E+00    6.24466E-04
    7.04000E+02    7.39585E+00    6.13794E-04
    7.04100E+02    7.41361E+00    6.02989E-04
    7.04200E+02    7.43085E+00    5.92685E-04
    7.04300E+02    7.44871E+00    5.82191E-04
    7.04400E+02    7.46636E+00    5.72009E-04
    7.04500E+02    7.48407E+00    5.61966E-04
    7.04600E+02    7.50231E+00    5.51811E-04
    7.04700E+02    7.52053E+00    5.41843E-04
    7.04800E+02    7.53879E+00    5.32041E-04
    7.04900E+02    7.55708E+00    5.22399E-04
    7.05000E+02    7.57577E+00    5.12726E-04
    7.05100E+02    7.59461E+00    5.03156E-04
    7.05200E+02    7.61329E+00    4.93844E-04
    7.05300E+02    7.63251E+00    4.84443E-04
    7.05400E+02    7.65177E+00    4.75204E-04
    7.05500E+02    7.67117E+00    4.66070E-04
    7.05600E+02    7.69042E+00    4.57186E-04
    7.05700E+02    7.71016E+00    4.48251E-04
    7.05800E+02    7.72993E+00    4.39473E-04
    7.05900E+02    7.74981E+00    4.30826E-04
    7.06000E+02    7.77058E+00    4.21970E-04
    7.06100E+02    7.79002E+00    4.13845E-04
    7.06200E+02    7.81032E+00    4.05530E-04
    7.06300E+02    7.83063E+00    3.97377E-04
    7.06400E+02    7.85109E+00    3.89327E-04
    7.06500E+02    7.87183E+00    3.81335E-04
    7.06600E+02    7.89320E+00    3.73274E-04
    7.06700E+02    7.91437E+00    3.65456E-04
    7.06800E+02    7.93571E+00    3.57737E-04
    7.06900E+02    7.95694E+00    3.50221E-04
    7.07000E+02    7.97856E+00    3.42733E-04
    7.07100E+02    8.00087E+00    3.35171E-04
    7.07200E+02    8.02267E+00    3.27945E-04
    7.07300E+02    8.04498E+00    3.20707E-04
    7.07400E+02    8.06663E+00    3.13840E-04
    7.07500E+02    8.08959E+00    3.06715E-04
    7.07600E+02    8.11241E+00    2.99795E-04
    7.07700E+02    8.13555E+00    2.92937E-04
    7.07800E+02    8.15965E+00    2.85962E-04
    7.07900E+02    8.18428E+00    2.79004E-04
    7.08000E+02    8.21304E+00    2.71096E-04
    7.08100E+02    8.26242E+00    2.58034E-04
    7.08200E+02    8.27957E+00    2.53647E-04
    7.08300E+02    8.28375E+00    2.52588E-04
    7.08400E+02    8.30396E+00    2.47534E-04
    7.08500E+02    8.32585E+00    2.42176E-04
    7.08600E+02    8.35039E+00    2.36304E-04
    7.08700E+02    8.37448E+00    2.30681E-04
    7.08800E+02    8.39883E+00    2.25130E-04
    7.08900E+02    8.42404E+00    2.19526E-04
    7.09000E+02    8.44953E+00    2.14001E-04
    7.09100E+02    8.47523E+00    2.08571E-04
    7.09200E+02    8.50166E+00    2.03132E-04
    7.09300E+02    8.52864E+00    1.97724E-04
    7.09400E+02    8.55728E+00    1.92141E-04
    7.09500E+02    8.58957E+00    1.86036E-04
    7.09600E+02    8.64627E+00    1.75782E-04
    7.09700E+02    8.66022E+00    1.73346E-04
    7.09800E+02    8.66911E+00    1.71812E-04
    7.09900E+02    8.69238E+00    1.67860E-04
    7.10000E+02    8.71849E+00    1.63535E-04
    7.10100E+02    8.74597E+00    1.59101E-04
    7.10200E+02    8.77401E+00    1.54702E-04
    7.10300E+02    8.80234E+00    1.50381E-04
    7.10400E+02    8.83134E+00    1.46082E-04
    7.10500E+02    8.86102E+00    1.41810E-04
    7.10600E+02    8.89047E+00    1.37695E-04
    7.10700E+02    8.92097E+00    1.33558E-04
    7.10800E+02    8.95179E+00    1.29505E-04
    7.10900E+02    8.98288E+00    1.25540E-04
    7.11000E+02    9.01585E+00    1.21470E-04
    7.11100E+02    9.04703E+00    1.17740E-04
    7.11200E+02    9.08067E+00    1.13846E-04
    7.11300E+02    9.11641E+00    1.09849E-04
    7.11400E+02    9.16088E+00    1.05071E-04
    7.11500E+02    9.29858E+00    9.15544E-05
    7.11600E+02    9.22680E+00    9.83672E-05
    7.11700E+02    9.25190E+00    9.59292E-05
    7.11800E+02    9.28482E+00    9.28227E-05
    7.11900E+02    9.31912E+00    8.96930E-05
    7.12000E+02    9.35527E+00    8.65085E-05
    7.12100E+02    9.39229E+00    8.33644E-05
    7.12200E+02    9.43054E+00    8.02360E-05
    7.12300E+02    9.46994E+00    7.71364E-05
    7.12400E+02    9.51022E+00    7.40909E-05
    7.12500E+02    9.55144E+00    7.10989E-05
    7.12600E+02    9.59399E+00    6.81369E-05
    7.12700E+02    9.63807E+00    6.51987E-05
    7.12800E+02    9.68364E+00    6.22944E-05
    7.12900E+02    9.73136E+00    5.93913E-05
    7.13000E+02    9.77968E+00    5.65900E-05
    7.13100E+02    9.83096E+00    5.37609E-05
    7.13200E+02    9.88506E+00    5.09301E-05
    7.13300E+02    9.94163E+00    4.81287E-05
    7.13400E+02    1.00017E+01    4.53216E-05
    7.13500E+02    1.00642E+01    4.25780E-05
    7.13600E+02    1.01318E+01    3.97919E-05
    7.13700E+02    1.02049E+01    3.69886E-05
    7.13800E+02    1.02839E+01    3.41801E-05
    7.13900E+02    1.03704E+01    3.13483E-05
    7.14000E+02    1.04653E+01    2.85074E-05
    7.14100E+02    1.05714E+01    2.56386E-05
    7.14200E+02    1.06911E+01    2.27467E-05
    7.14300E+02    1.08295E+01    1.98067E-05
    7.14400E+02    1.09849E+01    1.69561E-05
    7.14500E+02    1.11653E+01    1.41567E-05
    7.14600E+02    1.13809E+01    1.14119E-05
    7.14700E+02    1.16420E+01    8.78952E-06
    7.14800E+02    1.19629E+01    6.37633E-06
    7.14900E+02    1.23679E+01    4.25294E-06
    7.15000E+02    1.28969E+01    2.50586E-06
    7.15100E+02    1.36208E+01    1.21500E-06
    7.15200E+02    1.46943E+01    4.15291E-07
    7.15300E+02    1.65907E+01    6.23354E-08
    7.15400E+02    2.24379E+01    1.80038E-10
    7.15500E+02    1.63353E+01    8.04754E-08
    7.15600E+02    1.46920E+01    4.16223E-07
    7.15700E+02    1.37624E+01    1.05450E-06
    7.15800E+02    1.31526E+01    1.94051E-06
    7.15900E+02    1.27248E+01    2.97644E-06
    7.16000E+02    1.24139E+01    4.06181E-06
    7.16100E+02    1.21834E+01    5.11473E-06
    7.16200E+02    1.20109E+01    6.07748E-06
    7.16300E+02    1.18810E+01    6.92084E-06
    7.16400E+02    1.17841E+01    7.62501E-06
    7.16500E+02    1.17133E+01    8.18392E-06
    7.16600E+02    1.16623E+01    8.61247E-06
    7.16700E+02    1.16299E+01    8.89564E-06
    7.16800E+02    1.16263E+01    8.92808E-06
    7.16900E+02    1.16017E+01    9.15082E-06
    7.17000E+02    1.15906E+01    9.25307E-06
    7.17100E+02    1.15926E+01    9.23392E-06
    7.17200E+02    1.16026E+01    9.14218E-06
    7.17300E+02    1.16178E+01    9.00438E-06
    7.17400E+02    1.16378E+01    8.82572E-06
    7.17500E+02    1.16621E+01    8.61392E-06
    7.17600E+02    1.16903E+01    8.37471E-06
    7.17700E+02    1.17220E+01    8.11310E-06
    7.17800E+02    1.17577E+01    7.82917E-06
    7.17900E+02    1.17980E+01    7.51964E-06
    7.18000E+02    1.18454E+01    7.17165E-06
    7.18100E+02    1.19083E+01    6.73430E-06
    7.18200E+02    1.20295E+01    5.96549E-06
    7.18300E+02    1.27711E+01    2.84160E-06
    7.18400E+02    1.21149E+01    5.47738E-06
    7.18500E+02    1.20776E+01    5.68571E-06
    7.18600E+02    1.20993E+01    5.56360E-06
    7.18700E+02    1.21355E+01    5.36563E-06
    7.18800E+02    1.21780E+01    5.14239E-06
    7.18900E+02    1.22249E+01    4.90661E-06
    7.19000E+02    1.22730E+01    4.67650E-06
    7.19100E+02    1.23234E+01    4.44644E-06
    7.19200E+02    1.23758E+01    4.21940E-06
    7.19300E+02    1.24303E+01    3.99561E-06
    7.19400E+02    1.24878E+01    3.77254E-06
    7.19500E+02    1.25509E+01    3.54182E-06
    7.19600E+02    1.26263E+01    3.28449E-06
    7.19700E+02    1.27521E+01    2.89628E-06
    7.19800E+02    1.32749E+01    1.71713E-06
    7.19900E+02    1.28467E+01    2.63488E-06
    7.20000E+02    1.28486E+01    2.62974E-06
    7.20100E+02    1.28891E+01    2.52537E-06
    7.20200E+02    1.29403E+01    2.39943E-06
    7.20300E+02    1.29963E+01    2.26864E-06
    7.20400E+02    1.30549E+01    2.13967E-06
    7.20500E+02    1.31160E+01    2.01272E-06
    7.20600E+02    1.31765E+01    1.89456E-06
    7.20700E+02    1.32388E+01    1.78018E-06
    7.20800E+02    1.33023E+01    1.67065E-06
    7.20900E+02    1.33662E+01    1.56721E-06
    7.21000E+02    1.34316E+01    1.46808E-06
    7.21100E+02    1.34973E+01    1.37465E-06
    7.21200E+02    1.35645E+01    1.28527E-06
    7.21300E+02    1.36319E+01    1.20154E-06
    7.21400E+02    1.37001E+01    1.12232E-06
    7.21500E+02    1.37694E+01    1.04715E-06
    7.21600E+02    1.38400E+01    9.75794E-07
    7.21700E+02    1.39114E+01    9.08522E-07
    7.21800E+02    1.39826E+01    8.46149E-07
    7.21900E+02    1.40547E+01    7.87264E-07
    7.22000E+02    1.41280E+01    7.31623E-07
    7.22100E+02    1.42025E+01    6.79083E-07
    7.22200E+02    1.42774E+01    6.30070E-07
    7.22300E+02    1.43535E+01    5.83919E-07
    7.22400E+02    1.44307E+01    5.40526E-07
    7.22500E+02    1.45091E+01    4.99787E-07
    7.22600E+02    1.45884E+01    4.61673E-07
    7.22700E+02    1.46691E+01    4.25874E-07
    7.22800E+02    1.47519E+01    3.92027E-07
    7.22900E+02    1.48378E+01    3.59756E-07
    7.23000E+02    1.49385E+01    3.25298E-07
    7.23100E+02    1.50224E+01    2.99118E-07
    7.23200E+02    1.51345E+01    2.67419E-07
    7.23300E+02    1.53271E+01    2.20559E-07
    7.23400E+02    1.56795E+01    1.55056E-07
    7.23500E+02    1.54283E+01    1.99339E-07
    7.23600E+02    1.54588E+01    1.93344E-07
    7.23700E+02    1.55268E+01    1.80635E-07
    7.23800E+02    1.56059E+01    1.66891E-07
    7.23900E+02    1.56912E+01    1.53253E-07
    7.24000E+02    1.57788E+01    1.40398E-07
    7.24100E+02    1.58685E+01    1.28356E-07
    7.24200E+02    1.59602E+01    1.17100E-07
    7.24300E+02    1.60534E+01    1.06688E-07
    7.24400E+02    1.61483E+01    9.70257E-08
    7.24500E+02    1.62432E+01    8.82373E-08
    7.24600E+02    1.63401E+01    8.00945E-08
    7.24700E+02    1.64376E+01    7.26480E-08
    7.24800E+02    1.65370E+01    6.57741E-08
    7.24900E+02    1.66373E+01    5.95008E-08
    7.25000E+02    1.67390E+01    5.37474E-08
    7.25100E+02    1.68417E+01    4.85015E-08
    7.25200E+02    1.69458E+01    4.37057E-08
    7.25300E+02    1.70508E+01    3.93487E-08
    7.25400E+02    1.71574E+01    3.53688E-08
    7.25500E+02    1.72667E+01    3.17063E-08
    7.25600E+02    1.73744E+01    2.84699E-08
    7.25700E+02    1.74845E+01    2.55023E-08
    7.25800E+02    1.75961E+01    2.28099E-08
    7.25900E+02    1.77091E+01    2.03723E-08
    7.26000E+02    1.78235E+01    1.81701E-08
    7.26100E+02    1.79395E+01    1.61803E-08
    7.26200E+02    1.80571E+01    1.43851E-08
    7.26300E+02    1.81765E+01    1.27658E-08
    7.26400E+02    1.82985E+01    1.12997E-08
    7.26500E+02    1.84254E+01    9.95279E-09
    7.26600E+02    1.85746E+01    8.57357E-09
    7.26700E+02    1.86921E+01    7.62313E-09
    7.26800E+02    1.87971E+01    6.86331E-09
    7.26900E+02    1.89198E+01    6.07071E-09
    7.27000E+02    1.90487E+01    5.33644E-09
    7.27100E+02    1.91922E+01    4.62310E-09
    7.27200E+02    1.93092E+01    4.11263E-09
    7.27300E+02    1.94401E+01    3.60814E-09
    7.27400E+02    1.95743E+01    3.15493E-09
    7.27500E+02    1.97111E+01    2.75144E-09
    7.27600E+02    1.98499E+01    2.39488E-09
    7.27700E+02    1.99894E+01    2.08308E-09
    7.27800E+02    2.01311E+01    1.80786E-09
    7.27900E+02    2.02750E+01    1.56559E-09
    7.28000E+02    2.04206E+01    1.35342E-09
    7.28100E+02    2.05679E+01    1.16809E-09
    7.28200E+02    2.07179E+01    1.00538E-09
    7.28300E+02    2.08698E+01    8.63714E-10
    7.28400E+02    2.10218E+01    7.41908E-10
    7.28500E+02    2.11770E+01    6.35276E-10
    7.28600E+02    2.13341E+01    5.42874E-10
    7.28700E+02    2.14937E+01    4.62830E-10
    7.28800E+02    2.16553E+01    3.93739E-10
    7.28900E+02    2.18189E+01    3.34317E-10
    7.29000E+02    2.19845E+01    2.83311E-10
    7.29100E+02    2.21529E+01    2.39389E-10
    7.29200E+02    2.23230E+01    2.01951E-10
    7.29300E+02    2.24960E+01    1.69863E-10
    7.29400E+02    2.26714E+01    1.42539E-10
    7.29500E+02    2.28491E+01    1.19329E-10
    7.29600E+02    2.30291E+01    9.96734E-11
    7.29700E+02    2.32122E+01    8.29954E-11
    7.29800E+02    2.33993E+01    6.88326E-11
    7.29900E+02    2.35932E+01    5.67019E-11
    7.30000E+02    2.38423E+01    4.42001E-11
    7.30100E+02    2.39803E+01    3.85021E-11
    7.30200E+02    2.41689E+01    3.18847E-11
    7.30300E+02    2.43643E+01    2.62250E-11
    7.30400E+02    2.45646E+01    2.14659E-11
    7.30500E+02    2.47702E+01    1.74765E-11
    7.30600E+02    2.49879E+01    1.40564E-11
    7.30700E+02    2.51899E+01    1.14857E-11
    7.30800E+02    2.54052E+01    9.26118E-12
    7.30900E+02    2.56259E+01    7.42703E-12
    7.31000E+02    2.58525E+01    5.92134E-12
    7.31100E+02    2.60895E+01    4.67179E-12
    7.31200E+02    2.63461E+01    3.61420E-12
    7.31300E+02    2.65347E+01    2.99321E-12
    7.31400E+02    2.67518E+01    2.40914E-12
    7.31500E+02    2.69772E+01    1.92290E-12
    7.31600E+02    2.72087E+01    1.52556E-12
    7.31700E+02    2.74447E+01    1.20478E-12
    7.31800E+02    2.76859E+01    9.46640E-13
    7.31900E+02    2.79313E+01    7.40608E-13
    7.32000E+02    2.81804E+01    5.77287E-13
    7.32100E+02    2.84345E+01    4.47779E-13
    7.32200E+02    2.86920E+01    3.46101E-13
    7.32300E+02    2.89544E+01    2.66233E-13
    7.32400E+02    2.92206E+01    2.04005E-13
    7.32500E+02    2.94918E+01    1.55559E-13
    7.32600E+02    2.97674E+01    1.18078E-13
    7.32700E+02    3.00461E+01    8.93571E-14
    7.32800E+02    3.03300E+01    6.72728E-14
    7.32900E+02    3.06186E+01    5.04098E-14
    7.33000E+02    3.09114E+01    3.76133E-14
    7.33100E+02    3.12094E+01    2.79215E-14
    7.33200E+02    3.15124E+01    2.06215E-14
    7.33300E+02    3.18202E+01    1.51593E-14
    7.33400E+02    3.21330E+01    1.10874E-14
    7.33500E+02    3.24515E+01    8.06306E-15
    7.33600E+02    3.27751E+01    5.83375E-15
    7.33700E+02    3.31040E+01    4.19886E-15
    7.33800E+02    3.34388E+01    3.00424E-15
    7.33900E+02    3.37802E+01    2.13521E-15
    7.34000E+02    3.41287E+01    1.50686E-15
    7.34100E+02    3.44850E+01    1.05524E-15
    7.34200E+02    3.48546E+01    7.29202E-16
    7.34300E+02    3.52606E+01    4.85844E-16
    7.34400E+02    3.58563E+01    2.67791E-16
    7.34500E+02    3.59912E+01    2.34010E-16
    7.34600E+02    3.63415E+01    1.64856E-16
    7.34700E+02    3.67209E+01    1.12800E-16
    7.34800E+02    3.71143E+01    7.61114E-17
    7.34900E+02    3.75235E+01    5.05521E-17
    7.35000E+02    3.80237E+01    3.06563E-17
    7.35100E+02    3.83487E+01    2.21502E-17
    7.35200E+02    3.87608E+01    1.46687E-17
    7.35300E+02    3.91887E+01    9.56265E-18
    7.35400E+02    3.96264E+01    6.17267E-18
    7.35500E+02    4.00732E+01    3.94854E-18
    7.35600E+02    4.05280E+01    2.50557E-18
    7.35700E+02    4.09912E+01    1.57673E-18
    7.35800E+02    4.14639E+01    9.82812E-19
    7.35900E+02    4.19451E+01    6.07423E-19
    7.36000E+02    4.24352E+01    3.72058E-19
    7.36100E+02    4.29352E+01    2.25677E-19
    7.36200E+02    4.34446E+01    1.35604E-19
    7.36300E+02    4.39648E+01    8.06010E-20
    7.36400E+02    4.44986E+01    4.72613E-20
    7.36500E+02    4.50576E+01    2.70236E-20
    7.36600E+02    4.55846E+01    1.59543E-20
    7.36700E+02    4.61423E+01    9.13368E-21
    7.36800E+02    4.67126E+01    5.16377E-21
    7.36900E+02    4.72931E+01    2.88975E-21
    7.37000E+02    4.78894E+01    1.59189E-21
    7.37100E+02    4.84951E+01    8.68693E-22
    7.37200E+02    4.91155E+01    4.67120E-22
    7.37300E+02    4.97474E+01    2.48301E-22
    7.37400E+02    5.03896E+01    1.30637E-22
    7.37500E+02    5.10457E+01    6.77859E-23
    7.37600E+02    5.17201E+01    3.45338E-23
    7.37700E+02    5.24038E+01    1.74303E-23
    7.37800E+02    5.31014E+01    8.67676E-24
    7.37900E+02    5.38173E+01    4.24067E-24
    7.38000E+02    5.45472E+01    2.04396E-24
    7.38100E+02    5.52906E+01    9.71803E-25
    7.38200E+02    5.60527E+01    4.53563E-25
    7.38300E+02    5.68330E+01    2.07854E-25
    7.38400E+02    5.76273E+01    9.39280E-26
    7.38500E+02    5.84401E+01    4.16673E-26
    7.38600E+02    5.92713E+01    1.81463E-26
    7.38700E+02    6.01211E+01    7.75792E-27
    7.38800E+02    6.09939E+01    3.24112E-27
    7.38900E+02    6.18808E+01    1.33515E-27
    7.39000E+02    6.27908E+01    5.37426E-28
    7.39100E+02    6.37240E+01    2.11366E-28
    7.39200E+02    6.46760E+01    8.15735E-29
    7.39300E+02    6.56515E+01    3.07541E-29
    7.39400E+02    6.66503E+01    1.13282E-29
    7.39500E+02    6.76718E+01    4.07869E-30
    7.39600E+02    6.87217E+01    1.42739E-30
    7.39700E+02    6.97912E+01    4.89855E-31
    7.39800E+02    7.08941E+01    1.62591E-31
    7.39900E+02    7.20223E+01    5.26129E-32
    7.40000E+02    7.31891E+01    1.63820E-32
    7.40100E+02    7.43848E+01    4.95567E-33
    7.40200E+02    7.56320E+01    1.42370E-33
    7.40300E+02    7.70071E+01    3.59947E-34
    7.40400E+02    7.84492E+01    8.51029E-35
    7.40500E+02    7.94816E+01    3.03086E-35
    7.40600E+02    8.07725E+01    8.33572E-36
    7.40700E+02    8.21344E+01    2.13549E-36
    7.40800E+02    8.35391E+01    5.24141E-37
    7.40900E+02    8.49904E+01    1.22783E-37
    7.41000E+02    8.64817E+01    2.76354E-38
    7.41100E+02    8.80122E+01    5.98113E-39
    7.41200E+02    8.95907E+01    1.23387E-39
    7.41300E+02    9.12129E+01    2.43635E-40
    7.41400E+02    9.28789E+01    4.60486E-41
    7.41500E+02    9.45961E+01    8.26885E-42
    7.41600E+02    9.63608E+01    1.41585E-42
    7.41700E+02    9.81746E+01    2.30849E-43
    7.41800E+02    1.00046E+02    3.55214E-44
    7.41900E+02    1.01976E+02    5.15731E-45
    7.42000E+02    1.03960E+02    7.09358E-46
    7.42100E+02    1.06008E+02    9.14996E-47
    7.42200E+02    1.08126E+02    1.10008E-47
    7.42300E+02    1.10317E+02    1.23041E-48
    7.42400E+02    1.12537E+02    1.33532E-49
    7.42500E+02    1.14849E+02    1.32345E-50
    7.42600E+02    1.17242E+02    1.20943E-51
    7.42700E+02    1.19710E+02    1.02482E-52
    7.42800E+02    1.22268E+02    7.93837E-54
    7.42900E+02    1.24897E+02    5.72668E-55
    7.43000E+02    1.27624E+02    3.74596E-56
    7.43100E+02    1.30452E+02    2.21617E-57
    7.43200E+02    1.33381E+02    1.18366E-58
    7.43300E+02    1.36378E+02    5.91233E-60
    7.43400E+02    1.39502E+02    2.60066E-61
    7.43500E+02    1.42739E+02    1.02186E-62
    7.43600E+02    1.46091E+02    3.57747E-64
    7.43700E+02    1.49570E+02    1.10326E-65
    7.43800E+02    1.53171E+02    3.00988E-67
    7.43900E+02    1.56909E+02    7.16518E-69
    7.44000E+02    1.60788E+02    1.48151E-70
    7.44100E+02    1.64812E+02    2.64932E-72
    7.44200E+02    1.68985E+02    4.08185E-74
    7.44300E+02    1.73315E+02    5.37481E-76
    7.44400E+02    1.77804E+02    6.03783E-78
    7.44500E+02    1.82458E+02    5.74696E-80
    7.44600E+02    1.87278E+02    4.63534E-82
    7.44700E+02    1.92278E+02    3.12556E-84
    7.44800E+02    1.97444E+02    1.78338E-86
    7.44900E+02    2.02792E+02    8.48526E-89
    7.45000E+02    2.08309E+02    3.40733E-91
    7.45100E+02    2.14000E+02    1.15085E-93
    7.45200E+02    2.19859E+02    3.28347E-96
    7.45300E+02    2.25877E+02    7.99800E-99
    7.45400E+02    2.32032E+02    1.69798E-100
    7.45500E+02    2.38353E+02    3.05352E-100
    7.45600E+02    2.44895E+02    4.39786E-100
    7.45700E+02    2.51684E+02    4.95556E-100
    7.45800E+02    2.58756E+02    4.20560E-100
    7.45900E+02    2.66144E+02    2.59971E-100
    7.46000E+02    2.73821E+02    1.20467E-100
    7.46100E+02    2.81885E+02    3.79165E-100
    7.46200E+02    2.90348E+02    8.00880E-100
    7.46300E+02    2.99235E+02    1.10664E-100
    7.46400E+02    3.08577E+02    9.69554E-100
    7.46500E+02    3.18492E+02    4.79601E-100
    7.46600E+02    3.28732E+02    1.71137E-100
    7.46700E+02    3.39605E+02    3.24673E-100
    7.46800E+02    3.51154E+02    3.13296E-100
    7.46900E+02    3.63445E+02    1.43866E-100
    7.47000E+02    3.75851E+02    5.88837E-100
    7.47100E+02    3.89213E+02    9.26876E-100
    7.47200E+02    4.03353E+02    6.69832E-100
    7.47300E+02    4.18305E+02    2.15037E-100
    7.47400E+02    4.34096E+02    2.98286E-100
    7.47500E+02    4.50798E+02    1.66314E-100
    7.47600E+02    4.68468E+02    3.52296E-100
    7.47700E+02    4.87206E+02    2.56415E-100
    7.47800E+02    5.07035E+02    6.27519E-100
    7.47900E+02    5.28041E+02    4.72892E-100
    7.48000E+02    5.50358E+02    9.61067E-100
    7.48100E+02    5.74073E+02    4.82415E-100
    7.48200E+02    5.99230E+02    5.72480E-100
    7.48300E+02    6.26004E+02    1.34858E-100
    7.48400E+02    6.54487E+02    5.75200E-100
    7.48500E+02    6.84876E+02    3.64960E-100
    7.48600E+02    7.17265E+02    3.13285E-100
    7.48700E+02    7.52192E+02    0.00000E+00
    7.48800E+02    7.88689E+02    0.00000E+00
    7.48900E+02    8.28027E+02    0.00000E+00
    7.49000E+02    8.70202E+02    0.00000E+00
    7.49100E+02    9.15405E+02    0.00000E+00
    7.49200E+02    9.63854E+02    0.00000E+00
    7.49300E+02    1.01586E+03    0.00000E+00
    7.49400E+02    1.07166E+03    0.00000E+00
    7.49500E+02    1.13164E+03    0.00000E+00
    7.49600E+02    1.19608E+03    0.00000E+00
    7.49700E+02    1.26539E+03    0.00000E+00
    7.49800E+02    1.33997E+03    0.00000E+00
    7.49900E+02    1.42013E+03    0.00000E+00

