#	Freq	Err	Trans
    5.49900E+02    2.90158E+02    9.68514E-100
    5.50000E+02    2.97861E+02    4.36921E-100
    5.50100E+02    3.05901E+02    1.40953E-100
    5.50200E+02    3.14291E+02    3.20142E-100
    5.50300E+02    3.23047E+02    5.04154E-100
    5.50400E+02    3.32193E+02    5.37602E-100
    5.50500E+02    3.41748E+02    3.80709E-100
    5.50600E+02    3.51729E+02    1.76151E-100
    5.50700E+02    3.62165E+02    5.17104E-100
    5.50800E+02    3.73090E+02    9.31508E-100
    5.50900E+02    3.84555E+02    9.76827E-100
    5.51000E+02    3.96784E+02    4.77368E-100
    5.51100E+02    4.08978E+02    2.41520E-100
    5.51200E+02    4.22010E+02    5.29103E-100
    5.51300E+02    4.35760E+02    5.64705E-100
    5.51400E+02    4.50165E+02    3.13182E-100
    5.51500E+02    4.65214E+02    9.12100E-100
    5.51600E+02    4.81024E+02    1.24117E-100
    5.51700E+02    4.97614E+02    7.74629E-100
    5.51800E+02    5.15082E+02    2.00814E-100
    5.51900E+02    5.33422E+02    2.17724E-100
    5.52000E+02    5.52707E+02    9.17104E-100
    5.52100E+02    5.73008E+02    1.39917E-100
    5.52200E+02    5.94370E+02    7.38914E-100
    5.52300E+02    6.16879E+02    1.23804E-100
    5.52400E+02    6.40660E+02    5.82197E-100
    5.52500E+02    6.65755E+02    7.35329E-100
    5.52600E+02    6.92286E+02    2.20716E-100
    5.52700E+02    7.20338E+02    1.44980E-100
    5.52800E+02    7.50070E+02    0.00000E+00
    5.52900E+02    7.81560E+02    0.00000E+00
    5.53000E+02    8.14975E+02    0.00000E+00
    5.53100E+02    8.50434E+02    0.00000E+00
    5.53200E+02    8.88096E+02    0.00000E+00
    5.53300E+02    9.28164E+02    0.00000E+00
    5.53400E+02    9.70795E+02    0.00000E+00
    5.53500E+02    1.01619E+03    0.00000E+00
    5.53600E+02    1.06459E+03    0.00000E+00
    5.53700E+02    1.11615E+03    0.00000E+00
    5.53800E+02    1.17124E+03    0.00000E+00
    5.53900E+02    1.23009E+03    0.00000E+00
    5.54000E+02    1.29299E+03    0.00000E+00
    5.54100E+02    1.36029E+03    0.00000E+00
    5.54200E+02    1.43227E+03    0.00000E+00
    5.54300E+02    1.50942E+03    0.00000E+00
    5.54400E+02    1.59205E+03    0.00000E+00
    5.54500E+02    1.68060E+03    0.00000E+00
    5.54600E+02    1.77552E+03    0.00000E+00
    5.54700E+02    1.87731E+03    0.00000E+00
    5.54800E+02    1.98643E+03    0.00000E+00
    5.54900E+02    2.10340E+03    0.00000E+00
    5.55000E+02    2.22868E+03    0.00000E+00
    5.55100E+02    2.36277E+03    0.00000E+00
    5.55200E+02    2.50613E+03    0.00000E+00
    5.55300E+02    2.65918E+03    0.00000E+00
    5.55400E+02    2.82223E+03    0.00000E+00
    5.55500E+02    2.99548E+03    0.00000E+00
    5.55600E+02    3.17894E+03    0.00000E+00
    5.55700E+02    3.37239E+03    0.00000E+00
    5.55800E+02    3.57533E+03    0.00000E+00
    5.55900E+02    3.78687E+03    0.00000E+00
    5.56000E+02    4.00552E+03    0.00000E+00
    5.56100E+02    4.22950E+03    0.00000E+00
    5.56200E+02    4.45589E+03    0.00000E+00
    5.56300E+02    4.68067E+03    0.00000E+00
    5.56400E+02    4.89985E+03    0.00000E+00
    5.56500E+02    5.10743E+03    0.00000E+00
    5.56600E+02    5.29622E+03    0.00000E+00
    5.56700E+02    5.45704E+03    0.00000E+00
    5.56800E+02    5.58019E+03    0.00000E+00
    5.56900E+02    5.65097E+03    0.00000E+00
    5.57000E+02    5.64016E+03    0.00000E+00
    5.57100E+02    5.55694E+03    0.00000E+00
    5.57200E+02    5.42573E+03    0.00000E+00
    5.57300E+02    5.25972E+03    0.00000E+00
    5.57400E+02    5.06811E+03    0.00000E+00
    5.57500E+02    4.85930E+03    0.00000E+00
    5.57600E+02    4.64049E+03    0.00000E+00
    5.57700E+02    4.41688E+03    0.00000E+00
    5.57800E+02    4.19247E+03    0.00000E+00
    5.57900E+02    3.97132E+03    0.00000E+00
    5.58000E+02    3.75557E+03    0.00000E+00
    5.58100E+02    3.54717E+03    0.00000E+00
    5.58200E+02    3.34747E+03    0.00000E+00
    5.58300E+02    3.15726E+03    0.00000E+00
    5.58400E+02    2.97698E+03    0.00000E+00
    5.58500E+02    2.80673E+03    0.00000E+00
    5.58600E+02    2.64656E+03    0.00000E+00
    5.58700E+02    2.49619E+03    0.00000E+00
    5.58800E+02    2.35527E+03    0.00000E+00
    5.58900E+02    2.22346E+03    0.00000E+00
    5.59000E+02    2.10025E+03    0.00000E+00
    5.59100E+02    1.98521E+03    0.00000E+00
    5.59200E+02    1.87780E+03    0.00000E+00
    5.59300E+02    1.77756E+03    0.00000E+00
    5.59400E+02    1.68400E+03    0.00000E+00
    5.59500E+02    1.59668E+03    0.00000E+00
    5.59600E+02    1.51515E+03    0.00000E+00
    5.59700E+02    1.43904E+03    0.00000E+00
    5.59800E+02    1.36797E+03    0.00000E+00
    5.59900E+02    1.30139E+03    0.00000E+00
    5.60000E+02    1.23910E+03    0.00000E+00
    5.60100E+02    1.18080E+03    0.00000E+00
    5.60200E+02    1.12620E+03    0.00000E+00
    5.60300E+02    1.07499E+03    0.00000E+00
    5.60400E+02    1.02694E+03    0.00000E+00
    5.60500E+02    9.81818E+02    0.00000E+00
    5.60600E+02    9.39413E+02    0.00000E+00
    5.60700E+02    8.99528E+02    0.00000E+00
    5.60800E+02    8.62004E+02    0.00000E+00
    5.60900E+02    8.26640E+02    0.00000E+00
    5.61000E+02    7.93276E+02    0.00000E+00
    5.61100E+02    7.61793E+02    0.00000E+00
    5.61200E+02    7.32069E+02    1.16546E-100
    5.61300E+02    7.03986E+02    1.83222E-100
    5.61400E+02    6.77382E+02    6.55604E-100
    5.61500E+02    6.52219E+02    5.55593E-100
    5.61600E+02    6.28376E+02    1.25823E-100
    5.61700E+02    6.05773E+02    8.24067E-100
    5.61800E+02    5.84330E+02    1.69291E-100
    5.61900E+02    5.63967E+02    1.18045E-100
    5.62000E+02    5.44604E+02    3.02928E-100
    5.62100E+02    5.26202E+02    2.97481E-100
    5.62200E+02    5.08679E+02    1.21202E-100
    5.62300E+02    4.91997E+02    2.13123E-100
    5.62400E+02    4.76114E+02    1.68374E-100
    5.62500E+02    4.60952E+02    6.47447E-100
    5.62600E+02    4.46510E+02    1.21157E-100
    5.62700E+02    4.32708E+02    1.19472E-100
    5.62800E+02    4.19507E+02    6.46263E-100
    5.62900E+02    4.06903E+02    1.92345E-100
    5.63000E+02    3.94870E+02    3.23818E-100
    5.63100E+02    3.83336E+02    3.30557E-100
    5.63200E+02    3.72290E+02    2.07241E-100
    5.63300E+02    3.61714E+02    8.12444E-100
    5.63400E+02    3.51579E+02    2.04762E-100
    5.63500E+02    3.41851E+02    3.43513E-100
    5.63600E+02    3.32512E+02    3.90767E-100
    5.63700E+02    3.23549E+02    3.05033E-100
    5.63800E+02    3.14943E+02    1.66681E-100
    5.63900E+02    3.06669E+02    6.53346E-100
    5.64000E+02    2.98720E+02    1.85166E-100
    5.64100E+02    2.91071E+02    3.88746E-100
    5.64200E+02    2.83709E+02    6.11821E-100
    5.64300E+02    2.76620E+02    7.33349E-100
    5.64400E+02    2.69796E+02    6.74973E-100
    5.64500E+02    2.63218E+02    4.85194E-100
    5.64600E+02    2.56877E+02    2.75282E-100
    5.64700E+02    2.50760E+02    1.24821E-100
    5.64800E+02    2.44859E+02    4.55948E-100
    5.64900E+02    2.39167E+02    1.35241E-100
    5.65000E+02    2.33667E+02    3.31050E-100
    5.65100E+02    2.28358E+02    6.68604E-100
    5.65200E+02    2.23227E+02    1.13203E-97
    5.65300E+02    2.18268E+02    1.61291E-95
    5.65400E+02    2.13473E+02    1.94837E-93
    5.65500E+02    2.08837E+02    2.01061E-91
    5.65600E+02    2.04354E+02    1.77827E-89
    5.65700E+02    2.00086E+02    1.27031E-87
    5.65800E+02    1.95807E+02    9.16886E-86
    5.65900E+02    1.91729E+02    5.41093E-84
    5.66000E+02    1.87791E+02    2.77482E-82
    5.66100E+02    1.83992E+02    1.23950E-80
    5.66200E+02    1.80375E+02    4.61459E-79
    5.66300E+02    1.77435E+02    8.73059E-78
    5.66400E+02    1.73271E+02    5.61789E-76
    5.66500E+02    1.69816E+02    1.77832E-74
    5.66600E+02    1.66524E+02    4.78104E-73
    5.66700E+02    1.63441E+02    1.04299E-71
    5.66800E+02    1.60280E+02    2.46269E-70
    5.66900E+02    1.57243E+02    5.13043E-69
    5.67000E+02    1.54254E+02    1.01894E-67
    5.67100E+02    1.51386E+02    1.79408E-66
    5.67200E+02    1.48606E+02    2.89245E-65
    5.67300E+02    1.45905E+02    4.30577E-64
    5.67400E+02    1.43283E+02    5.92776E-63
    5.67500E+02    1.40730E+02    7.61355E-62
    5.67600E+02    1.38247E+02    9.12458E-61
    5.67700E+02    1.35832E+02    1.02072E-59
    5.67800E+02    1.33485E+02    1.06742E-58
    5.67900E+02    1.31187E+02    1.06193E-57
    5.68000E+02    1.28956E+02    9.89165E-57
    5.68100E+02    1.26781E+02    8.70044E-56
    5.68200E+02    1.24664E+02    7.23283E-55
    5.68300E+02    1.22598E+02    5.70644E-54
    5.68400E+02    1.20585E+02    4.27338E-53
    5.68500E+02    1.18623E+02    3.03752E-52
    5.68600E+02    1.16706E+02    2.06581E-51
    5.68700E+02    1.14841E+02    1.33352E-50
    5.68800E+02    1.13017E+02    8.26684E-50
    5.68900E+02    1.11240E+02    4.88638E-49
    5.69000E+02    1.09504E+02    2.77389E-48
    5.69100E+02    1.07812E+02    1.50658E-47
    5.69200E+02    1.06155E+02    7.89407E-47
    5.69300E+02    1.04540E+02    3.96977E-46
    5.69400E+02    1.02964E+02    1.91965E-45
    5.69500E+02    1.01420E+02    8.98923E-45
    5.69600E+02    9.99143E+01    4.05301E-44
    5.69700E+02    9.84445E+01    1.76236E-43
    5.69800E+02    9.70104E+01    7.39500E-43
    5.69900E+02    9.56160E+01    2.98189E-42
    5.70000E+02    9.42834E+01    1.13042E-41
    5.70100E+02    9.32847E+01    3.06895E-41
    5.70200E+02    9.16168E+01    1.62672E-40
    5.70300E+02    9.02893E+01    6.13567E-40
    5.70400E+02    8.90181E+01    2.18743E-39
    5.70500E+02    8.77836E+01    7.51703E-39
    5.70600E+02    8.65781E+01    2.50972E-38
    5.70700E+02    8.54025E+01    8.13141E-38
    5.70800E+02    8.42703E+01    2.52279E-37
    5.70900E+02    8.32183E+01    7.22340E-37
    5.71000E+02    8.28813E+01    1.01182E-36
    5.71100E+02    8.10183E+01    6.51936E-36
    5.71200E+02    7.98700E+01    2.05541E-35
    5.71300E+02    7.88004E+01    5.98999E-35
    5.71400E+02    7.77686E+01    1.68079E-34
    5.71500E+02    7.67582E+01    4.61689E-34
    5.71600E+02    7.57742E+01    1.23505E-33
    5.71700E+02    7.48075E+01    3.24709E-33
    5.71800E+02    7.38617E+01    8.36119E-33
    5.71900E+02    7.29324E+01    2.11771E-32
    5.72000E+02    7.20235E+01    5.25546E-32
    5.72100E+02    7.11348E+01    1.27805E-31
    5.72200E+02    7.02585E+01    3.07001E-31
    5.72300E+02    6.94025E+01    7.22589E-31
    5.72400E+02    6.85630E+01    1.67290E-30
    5.72500E+02    6.77405E+01    3.80799E-30
    5.72600E+02    6.69318E+01    8.54834E-30
    5.72700E+02    6.61481E+01    1.87182E-29
    5.72800E+02    6.53943E+01    3.97749E-29
    5.72900E+02    6.47127E+01    7.86396E-29
    5.73000E+02    6.38585E+01    1.84764E-28
    5.73100E+02    6.31037E+01    3.93018E-28
    5.73200E+02    6.23751E+01    8.14393E-28
    5.73300E+02    6.16629E+01    1.66017E-27
    5.73400E+02    6.09670E+01    3.32943E-27
    5.73500E+02    6.02961E+01    6.51251E-27
    5.73600E+02    5.98000E+01    1.06954E-26
    5.73700E+02    5.89569E+01    2.48505E-26
    5.73800E+02    5.82851E+01    4.86543E-26
    5.73900E+02    5.76389E+01    9.28414E-26
    5.74000E+02    5.70084E+01    1.74414E-25
    5.74100E+02    5.63873E+01    3.24571E-25
    5.74200E+02    5.57791E+01    5.96266E-25
    5.74300E+02    5.51804E+01    1.08504E-24
    5.74400E+02    5.45973E+01    1.94398E-24
    5.74500E+02    5.40441E+01    3.38020E-24
    5.74600E+02    5.34653E+01    6.03022E-24
    5.74700E+02    5.28867E+01    1.07546E-23
    5.74800E+02    5.23301E+01    1.87643E-23
    5.74900E+02    5.17881E+01    3.22629E-23
    5.75000E+02    5.12552E+01    5.49747E-23
    5.75100E+02    5.07306E+01    9.28918E-23
    5.75200E+02    5.02142E+01    1.55684E-22
    5.75300E+02    4.97060E+01    2.58793E-22
    5.75400E+02    4.92060E+01    4.26694E-22
    5.75500E+02    4.87140E+01    6.97862E-22
    5.75600E+02    4.82302E+01    1.13209E-21
    5.75700E+02    4.77547E+01    1.82135E-21
    5.75800E+02    4.72870E+01    2.90746E-21
    5.75900E+02    4.68238E+01    4.62029E-21
    5.76000E+02    4.63691E+01    7.28007E-21
    5.76100E+02    4.59234E+01    1.13690E-20
    5.76200E+02    4.54876E+01    1.75786E-20
    5.76300E+02    4.50647E+01    2.68306E-20
    5.76400E+02    4.46634E+01    4.00790E-20
    5.76500E+02    4.44207E+01    5.10910E-20
    5.76600E+02    4.38466E+01    9.07133E-20
    5.76700E+02    4.33937E+01    1.42672E-19
    5.76800E+02    4.29832E+01    2.15106E-19
    5.76900E+02    4.25763E+01    3.23114E-19
    5.77000E+02    4.21854E+01    4.77657E-19
    5.77100E+02    4.17958E+01    7.05228E-19
    5.77200E+02    4.14148E+01    1.03224E-18
    5.77300E+02    4.10419E+01    1.49868E-18
    5.77400E+02    4.06706E+01    2.17268E-18
    5.77500E+02    4.03062E+01    3.12783E-18
    5.77600E+02    3.99472E+01    4.47873E-18
    5.77700E+02    3.95935E+01    6.37909E-18
    5.77800E+02    3.92454E+01    9.03528E-18
    5.77900E+02    3.89068E+01    1.26766E-17
    5.78000E+02    3.85625E+01    1.78858E-17
    5.78100E+02    3.82275E+01    2.50027E-17
    5.78200E+02    3.78978E+01    3.47701E-17
    5.78300E+02    3.75725E+01    4.81355E-17
    5.78400E+02    3.72518E+01    6.63392E-17
    5.78500E+02    3.69355E+01    9.10199E-17
    5.78600E+02    3.66246E+01    1.24203E-16
    5.78700E+02    3.63160E+01    1.69110E-16
    5.78800E+02    3.60120E+01    2.29186E-16
    5.78900E+02    3.57123E+01    3.09264E-16
    5.79000E+02    3.54168E+01    4.15614E-16
    5.79100E+02    3.51252E+01    5.56288E-16
    5.79200E+02    3.48374E+01    7.41856E-16
    5.79300E+02    3.45535E+01    9.85405E-16
    5.79400E+02    3.42732E+01    1.30418E-15
    5.79500E+02    3.39965E+01    1.71985E-15
    5.79600E+02    3.37235E+01    2.25976E-15
    5.79700E+02    3.34541E+01    2.95852E-15
    5.79800E+02    3.31879E+01    3.86077E-15
    5.79900E+02    3.29255E+01    5.01931E-15
    5.80000E+02    3.26682E+01    6.49216E-15
    5.80100E+02    3.24103E+01    8.40165E-15
    5.80200E+02    3.21581E+01    1.08119E-14
    5.80300E+02    3.19085E+01    1.38771E-14
    5.80400E+02    3.16627E+01    1.77450E-14
    5.80500E+02    3.14190E+01    2.26415E-14
    5.80600E+02    3.11789E+01    2.87867E-14
    5.80700E+02    3.09417E+01    3.64926E-14
    5.80800E+02    3.07073E+01    4.61286E-14
    5.80900E+02    3.04764E+01    5.81146E-14
    5.81000E+02    3.02486E+01    7.29797E-14
    5.81100E+02    3.00231E+01    9.14400E-14
    5.81200E+02    2.98006E+01    1.14230E-13
    5.81300E+02    2.95836E+01    1.41901E-13
    5.81400E+02    2.93651E+01    1.76561E-13
    5.81500E+02    2.91514E+01    2.18630E-13
    5.81600E+02    2.89408E+01    2.69888E-13
    5.81700E+02    2.87347E+01    3.31661E-13
    5.81800E+02    2.85345E+01    4.05177E-13
    5.81900E+02    2.83415E+01    4.91426E-13
    5.82000E+02    2.81710E+01    5.82777E-13
    5.82100E+02    2.81160E+01    6.15730E-13
    5.82200E+02    2.78879E+01    7.73485E-13
    5.82300E+02    2.76287E+01    1.00230E-12
    5.82400E+02    2.73641E+01    1.30598E-12
    5.82500E+02    2.71529E+01    1.61305E-12
    5.82600E+02    2.69555E+01    1.96498E-12
    5.82700E+02    2.67642E+01    2.37943E-12
    5.82800E+02    2.65766E+01    2.87044E-12
    5.82900E+02    2.63926E+01    3.45002E-12
    5.83000E+02    2.62118E+01    4.13402E-12
    5.83100E+02    2.60336E+01    4.94047E-12
    5.83200E+02    2.58601E+01    5.87626E-12
    5.83300E+02    2.56938E+01    6.93916E-12
    5.83400E+02    2.55549E+01    7.97315E-12
    5.83500E+02    2.54623E+01    8.74741E-12
    5.83600E+02    2.51908E+01    1.14758E-11
    5.83700E+02    2.50073E+01    1.37871E-11
    5.83800E+02    2.48370E+01    1.63468E-11
    5.83900E+02    2.46791E+01    1.91421E-11
    5.84000E+02    2.45081E+01    2.27131E-11
    5.84100E+02    2.43464E+01    2.66998E-11
    5.84200E+02    2.41874E+01    3.13008E-11
    5.84300E+02    2.40305E+01    3.66175E-11
    5.84400E+02    2.38755E+01    4.27575E-11
    5.84500E+02    2.37222E+01    4.98385E-11
    5.84600E+02    2.35716E+01    5.79418E-11
    5.84700E+02    2.34208E+01    6.73697E-11
    5.84800E+02    2.32720E+01    7.81772E-11
    5.84900E+02    2.31252E+01    9.05440E-11
    5.85000E+02    2.29800E+01    1.04690E-10
    5.85100E+02    2.28365E+01    1.20844E-10
    5.85200E+02    2.26943E+01    1.39316E-10
    5.85300E+02    2.25541E+01    1.60273E-10
    5.85400E+02    2.24149E+01    1.84219E-10
    5.85500E+02    2.22770E+01    2.11448E-10
    5.85600E+02    2.21409E+01    2.42275E-10
    5.85700E+02    2.20066E+01    2.77106E-10
    5.85800E+02    2.18730E+01    3.16706E-10
    5.85900E+02    2.17406E+01    3.61551E-10
    5.86000E+02    2.16101E+01    4.11955E-10
    5.86100E+02    2.14808E+01    4.68834E-10
    5.86200E+02    2.13525E+01    5.33023E-10
    5.86300E+02    2.12258E+01    6.05009E-10
    5.86400E+02    2.11005E+01    6.85744E-10
    5.86500E+02    2.09764E+01    7.76344E-10
    5.86600E+02    2.08535E+01    8.77891E-10
    5.86700E+02    2.07319E+01    9.91445E-10
    5.86800E+02    2.06124E+01    1.11720E-09
    5.86900E+02    2.04919E+01    1.26033E-09
    5.87000E+02    2.03743E+01    1.41756E-09
    5.87100E+02    2.02567E+01    1.59459E-09
    5.87200E+02    2.01408E+01    1.79053E-09
    5.87300E+02    2.00258E+01    2.00858E-09
    5.87400E+02    1.99124E+01    2.24979E-09
    5.87500E+02    1.97999E+01    2.51781E-09
    5.87600E+02    1.96886E+01    2.81429E-09
    5.87700E+02    1.95785E+01    3.14156E-09
    5.87800E+02    1.94694E+01    3.50383E-09
    5.87900E+02    1.93611E+01    3.90473E-09
    5.88000E+02    1.92538E+01    4.34684E-09
    5.88100E+02    1.91482E+01    4.83127E-09
    5.88200E+02    1.90429E+01    5.36779E-09
    5.88300E+02    1.89389E+01    5.95558E-09
    5.88400E+02    1.88364E+01    6.59834E-09
    5.88500E+02    1.87341E+01    7.30972E-09
    5.88600E+02    1.86328E+01    8.08891E-09
    5.88700E+02    1.85328E+01    8.93923E-09
    5.88800E+02    1.84338E+01    9.86932E-09
    5.88900E+02    1.83363E+01    1.08801E-08
    5.89000E+02    1.82404E+01    1.19754E-08
    5.89100E+02    1.81616E+01    1.29572E-08
    5.89200E+02    1.80494E+01    1.44964E-08
    5.89300E+02    1.79526E+01    1.59700E-08
    5.89400E+02    1.78585E+01    1.75452E-08
    5.89500E+02    1.77653E+01    1.92584E-08
    5.89600E+02    1.76733E+01    2.11150E-08
    5.89700E+02    1.75824E+01    2.31241E-08
    5.89800E+02    1.74922E+01    2.53060E-08
    5.89900E+02    1.74037E+01    2.76486E-08
    5.90000E+02    1.73161E+01    3.01811E-08
    5.90100E+02    1.72305E+01    3.28779E-08
    5.90200E+02    1.71499E+01    3.56357E-08
    5.90300E+02    1.70963E+01    3.75980E-08
    5.90400E+02    1.69951E+01    4.16023E-08
    5.90500E+02    1.68918E+01    4.61296E-08
    5.90600E+02    1.68042E+01    5.03529E-08
    5.90700E+02    1.67207E+01    5.47372E-08
    5.90800E+02    1.66406E+01    5.93052E-08
    5.90900E+02    1.65667E+01    6.38513E-08
    5.91000E+02    1.65516E+01    6.48234E-08
    5.91100E+02    1.64157E+01    7.42575E-08
    5.91200E+02    1.63603E+01    7.84867E-08
    5.91300E+02    1.62771E+01    8.53009E-08
    5.91400E+02    1.61669E+01    9.52365E-08
    5.91500E+02    1.60821E+01    1.03662E-07
    5.91600E+02    1.60027E+01    1.12229E-07
    5.91700E+02    1.59251E+01    1.21289E-07
    5.91800E+02    1.58490E+01    1.30874E-07
    5.91900E+02    1.57743E+01    1.41033E-07
    5.92000E+02    1.57003E+01    1.51854E-07
    5.92100E+02    1.56277E+01    1.63298E-07
    5.92200E+02    1.55563E+01    1.75387E-07
    5.92300E+02    1.54872E+01    1.87927E-07
    5.92400E+02    1.54231E+01    2.00361E-07
    5.92500E+02    1.53699E+01    2.11310E-07
    5.92600E+02    1.54071E+01    2.03603E-07
    5.92700E+02    1.52664E+01    2.34370E-07
    5.92800E+02    1.51502E+01    2.63244E-07
    5.92900E+02    1.50701E+01    2.85195E-07
    5.93000E+02    1.49971E+01    3.06788E-07
    5.93100E+02    1.49274E+01    3.28952E-07
    5.93200E+02    1.48595E+01    3.52042E-07
    5.93300E+02    1.47922E+01    3.76558E-07
    5.93400E+02    1.47265E+01    4.02134E-07
    5.93500E+02    1.46611E+01    4.29290E-07
    5.93600E+02    1.45963E+01    4.58022E-07
    5.93700E+02    1.45326E+01    4.88150E-07
    5.93800E+02    1.44691E+01    5.20179E-07
    5.93900E+02    1.44067E+01    5.53676E-07
    5.94000E+02    1.43450E+01    5.88880E-07
    5.94100E+02    1.42837E+01    6.26133E-07
    5.94200E+02    1.42244E+01    6.64370E-07
    5.94300E+02    1.41655E+01    7.04660E-07
    5.94400E+02    1.41052E+01    7.48495E-07
    5.94500E+02    1.40469E+01    7.93423E-07
    5.94600E+02    1.39900E+01    8.39920E-07
    5.94700E+02    1.39354E+01    8.86977E-07
    5.94800E+02    1.38856E+01    9.32291E-07
    5.94900E+02    1.38465E+01    9.69489E-07
    5.95000E+02    1.38533E+01    9.62953E-07
    5.95100E+02    1.39894E+01    8.40418E-07
    5.95200E+02    1.37052E+01    1.11667E-06
    5.95300E+02    1.36133E+01    1.22412E-06
    5.95400E+02    1.35456E+01    1.30981E-06
    5.95500E+02    1.34855E+01    1.39096E-06
    5.95600E+02    1.34285E+01    1.47262E-06
    5.95700E+02    1.33730E+01    1.55656E-06
    5.95800E+02    1.33193E+01    1.64242E-06
    5.95900E+02    1.32664E+01    1.73179E-06
    5.96000E+02    1.32143E+01    1.82439E-06
    5.96100E+02    1.31628E+01    1.92069E-06
    5.96200E+02    1.31121E+01    2.02065E-06
    5.96300E+02    1.30619E+01    2.12457E-06
    5.96400E+02    1.30124E+01    2.23246E-06
    5.96500E+02    1.29635E+01    2.34428E-06
    5.96600E+02    1.29152E+01    2.46028E-06
    5.96700E+02    1.28676E+01    2.58029E-06
    5.96800E+02    1.28210E+01    2.70345E-06
    5.96900E+02    1.27746E+01    2.83172E-06
    5.97000E+02    1.27289E+01    2.96408E-06
    5.97100E+02    1.26839E+01    3.10060E-06
    5.97200E+02    1.26396E+01    3.24103E-06
    5.97300E+02    1.25960E+01    3.38551E-06
    5.97400E+02    1.25532E+01    3.53373E-06
    5.97500E+02    1.25115E+01    3.68402E-06
    5.97600E+02    1.24699E+01    3.84055E-06
    5.97700E+02    1.24295E+01    3.99883E-06
    5.97800E+02    1.23901E+01    4.15976E-06
    5.97900E+02    1.23516E+01    4.32298E-06
    5.98000E+02    1.23140E+01    4.48842E-06
    5.98100E+02    1.22774E+01    4.65564E-06
    5.98200E+02    1.22414E+01    4.82667E-06
    5.98300E+02    1.22064E+01    4.99822E-06
    5.98400E+02    1.21725E+01    5.17056E-06
    5.98500E+02    1.21398E+01    5.34275E-06
    5.98600E+02    1.21082E+01    5.51408E-06
    5.98700E+02    1.20778E+01    5.68460E-06
    5.98800E+02    1.20481E+01    5.85592E-06
    5.98900E+02    1.20198E+01    6.02372E-06
    5.99000E+02    1.19921E+01    6.19265E-06
    5.99100E+02    1.19654E+01    6.36052E-06
    5.99200E+02    1.19393E+01    6.52855E-06
    5.99300E+02    1.19138E+01    6.69757E-06
    5.99400E+02    1.18884E+01    6.86986E-06
    5.99500E+02    1.18625E+01    7.04996E-06
    5.99600E+02    1.18370E+01    7.23174E-06
    5.99700E+02    1.18094E+01    7.43457E-06
    5.99800E+02    1.17819E+01    7.64149E-06
    5.99900E+02    1.17615E+01    7.79892E-06
    6.00000E+02    1.17614E+01    7.80018E-06
    6.00100E+02    1.16692E+01    8.55283E-06
    6.00200E+02    1.16139E+01    9.03916E-06
    6.00300E+02    1.15614E+01    9.52694E-06
    6.00400E+02    1.15088E+01    1.00409E-05
    6.00500E+02    1.14562E+01    1.05837E-05
    6.00600E+02    1.14039E+01    1.11515E-05
    6.00700E+02    1.13526E+01    1.17393E-05
    6.00800E+02    1.13007E+01    1.23648E-05
    6.00900E+02    1.12506E+01    1.29998E-05
    6.01000E+02    1.12021E+01    1.36460E-05
    6.01100E+02    1.11519E+01    1.43476E-05
    6.01200E+02    1.11031E+01    1.50655E-05
    6.01300E+02    1.10559E+01    1.57934E-05
    6.01400E+02    1.10105E+01    1.65279E-05
    6.01500E+02    1.09654E+01    1.72894E-05
    6.01600E+02    1.09213E+01    1.80684E-05
    6.01700E+02    1.08784E+01    1.88616E-05
    6.01800E+02    1.08359E+01    1.96809E-05
    6.01900E+02    1.07943E+01    2.05160E-05
    6.02000E+02    1.07538E+01    2.13633E-05
    6.02100E+02    1.07120E+01    2.22771E-05
    6.02200E+02    1.06737E+01    2.31452E-05
    6.02300E+02    1.06353E+01    2.40510E-05
    6.02400E+02    1.05985E+01    2.49529E-05
    6.02500E+02    1.05637E+01    2.58375E-05
    6.02600E+02    1.05267E+01    2.68118E-05
    6.02700E+02    1.04912E+01    2.77807E-05
    6.02800E+02    1.04587E+01    2.86977E-05
    6.02900E+02    1.04216E+01    2.97819E-05
    6.03000E+02    1.03880E+01    3.08006E-05
    6.03100E+02    1.03552E+01    3.18262E-05
    6.03200E+02    1.03214E+01    3.29223E-05
    6.03300E+02    1.02887E+01    3.40140E-05
    6.03400E+02    1.02570E+01    3.51115E-05
    6.03500E+02    1.02261E+01    3.62128E-05
    6.03600E+02    1.01949E+01    3.73607E-05
    6.03700E+02    1.01645E+01    3.85140E-05
    6.03800E+02    1.01343E+01    3.96962E-05
    6.03900E+02    1.01045E+01    4.08940E-05
    6.04000E+02    1.00755E+01    4.21002E-05
    6.04100E+02    1.00463E+01    4.33464E-05
    6.04200E+02    1.00181E+01    4.45867E-05
    6.04300E+02    9.98957E+00    4.58760E-05
    6.04400E+02    9.96200E+00    4.71584E-05
    6.04500E+02    9.93449E+00    4.84737E-05
    6.04600E+02    9.90753E+00    4.97984E-05
    6.04700E+02    9.88072E+00    5.11516E-05
    6.04800E+02    9.85407E+00    5.25328E-05
    6.04900E+02    9.81686E+00    5.45246E-05
    6.05000E+02    9.79130E+00    5.59360E-05
    6.05100E+02    9.76573E+00    5.73849E-05
    6.05200E+02    9.74073E+00    5.88378E-05
    6.05300E+02    9.71581E+00    6.03223E-05
    6.05400E+02    9.69185E+00    6.17852E-05
    6.05500E+02    9.66809E+00    6.32705E-05
    6.05600E+02    9.64369E+00    6.48334E-05
    6.05700E+02    9.62098E+00    6.63225E-05
    6.05800E+02    9.59792E+00    6.78699E-05
    6.05900E+02    9.57447E+00    6.94799E-05
    6.06000E+02    9.55263E+00    7.10143E-05
    6.06100E+02    9.52978E+00    7.26553E-05
    6.06200E+02    9.50798E+00    7.42570E-05
    6.06300E+02    9.48641E+00    7.58758E-05
    6.06400E+02    9.46513E+00    7.75082E-05
    6.06500E+02    9.44417E+00    7.91495E-05
    6.06600E+02    9.42352E+00    8.08008E-05
    6.06700E+02    9.40357E+00    8.24296E-05
    6.06800E+02    9.38330E+00    8.41169E-05
    6.06900E+02    9.36363E+00    8.57882E-05
    6.07000E+02    9.34472E+00    8.74257E-05
    6.07100E+02    9.32653E+00    8.90306E-05
    6.07200E+02    9.32175E+00    8.94574E-05
    6.07300E+02    9.29111E+00    9.22405E-05
    6.07400E+02    9.27202E+00    9.40182E-05
    6.07500E+02    9.25410E+00    9.57185E-05
    6.07600E+02    9.23802E+00    9.72697E-05
    6.07700E+02    9.22408E+00    9.86355E-05
    6.07800E+02    9.22212E+00    9.88292E-05
    6.07900E+02    9.20540E+00    1.00495E-04
    6.08000E+02    9.17532E+00    1.03564E-04
    6.08100E+02    9.15683E+00    1.05497E-04
    6.08200E+02    9.14077E+00    1.07205E-04
    6.08300E+02    9.12537E+00    1.08868E-04
    6.08400E+02    9.11179E+00    1.10357E-04
    6.08500E+02    9.09711E+00    1.11989E-04
    6.08600E+02    9.08344E+00    1.13530E-04
    6.08700E+02    9.07039E+00    1.15022E-04
    6.08800E+02    9.05830E+00    1.16421E-04
    6.08900E+02    9.04647E+00    1.17806E-04
    6.09000E+02    9.03534E+00    1.19125E-04
    6.09100E+02    9.02601E+00    1.20241E-04
    6.09200E+02    9.01601E+00    1.21450E-04
    6.09300E+02    9.00800E+00    1.22426E-04
    6.09400E+02    9.00302E+00    1.23038E-04
    6.09500E+02    9.00279E+00    1.23066E-04
    6.09600E+02    9.01964E+00    1.21010E-04
    6.09700E+02    9.15215E+00    1.05992E-04
    6.09800E+02    9.05701E+00    1.16571E-04
    6.09900E+02    8.99442E+00    1.24100E-04
    6.10000E+02    8.98285E+00    1.25545E-04
    6.10100E+02    8.99387E+00    1.24169E-04
    6.10200E+02    9.05830E+00    1.16421E-04
    6.10300E+02    9.23260E+00    9.77983E-05
    6.10400E+02    9.32354E+00    8.92977E-05
    6.10500E+02    9.02205E+00    1.20718E-04
    6.10600E+02    8.96015E+00    1.28427E-04
    6.10700E+02    8.93653E+00    1.31497E-04
    6.10800E+02    8.92653E+00    1.32819E-04
    6.10900E+02    8.92252E+00    1.33352E-04
    6.11000E+02    8.92673E+00    1.32791E-04
    6.11100E+02    8.94710E+00    1.30114E-04
    6.11200E+02    9.02959E+00    1.19812E-04
    6.11300E+02    9.23250E+00    9.78082E-05
    6.11400E+02    8.97378E+00    1.26689E-04
    6.11500E+02    8.93209E+00    1.32082E-04
    6.11600E+02    8.91936E+00    1.33774E-04
    6.11700E+02    8.91565E+00    1.34271E-04
    6.11800E+02    8.91579E+00    1.34252E-04
    6.11900E+02    8.91843E+00    1.33898E-04
    6.12000E+02    8.92332E+00    1.33245E-04
    6.12100E+02    8.92967E+00    1.32401E-04
    6.12200E+02    8.93749E+00    1.31370E-04
    6.12300E+02    8.94744E+00    1.30069E-04
    6.12400E+02    8.96290E+00    1.28074E-04
    6.12500E+02    8.96874E+00    1.27329E-04
    6.12600E+02    8.98119E+00    1.25754E-04
    6.12700E+02    8.99535E+00    1.23985E-04
    6.12800E+02    9.01085E+00    1.22078E-04
    6.12900E+02    9.02781E+00    1.20025E-04
    6.13000E+02    9.04697E+00    1.17747E-04
    6.13100E+02    9.06670E+00    1.15447E-04
    6.13200E+02    9.08833E+00    1.12976E-04
    6.13300E+02    9.11167E+00    1.10370E-04
    6.13400E+02    9.13667E+00    1.07645E-04
    6.13500E+02    9.16370E+00    1.04775E-04
    6.13600E+02    9.19274E+00    1.01776E-04
    6.13700E+02    9.22387E+00    9.86561E-05
    6.13800E+02    9.25705E+00    9.54365E-05
    6.13900E+02    9.29266E+00    9.20978E-05
    6.14000E+02    9.33082E+00    8.86491E-05
    6.14100E+02    9.37141E+00    8.51234E-05
    6.14200E+02    9.41474E+00    8.15137E-05
    6.14300E+02    9.46100E+00    7.78290E-05
    6.14400E+02    9.51115E+00    7.40221E-05
    6.14500E+02    9.56564E+00    7.00965E-05
    6.14600E+02    9.62812E+00    6.58509E-05
    6.14700E+02    9.71602E+00    6.03098E-05
    6.14800E+02    9.85791E+00    5.23318E-05
    6.14900E+02    9.82428E+00    5.41217E-05
    6.15000E+02    9.88076E+00    5.11494E-05
    6.15100E+02    9.95030E+00    4.77134E-05
    6.15200E+02    1.00277E+01    4.41582E-05
    6.15300E+02    1.01118E+01    4.05991E-05
    6.15400E+02    1.01998E+01    3.71778E-05
    6.15500E+02    1.02949E+01    3.38059E-05
    6.15600E+02    1.03961E+01    3.05505E-05
    6.15700E+02    1.05041E+01    2.74251E-05
    6.15800E+02    1.06194E+01    2.44374E-05
    6.15900E+02    1.07426E+01    2.16039E-05
    6.16000E+02    1.08743E+01    1.89395E-05
    6.16100E+02    1.10167E+01    1.64247E-05
    6.16200E+02    1.11758E+01    1.40093E-05
    6.16300E+02    1.13709E+01    1.15265E-05
    6.16400E+02    1.14982E+01    1.01479E-05
    6.16500E+02    1.16736E+01    8.51533E-06
    6.16600E+02    1.18656E+01    7.02833E-06
    6.16700E+02    1.20727E+01    5.71345E-06
    6.16800E+02    1.22951E+01    4.57392E-06
    6.16900E+02    1.25344E+01    3.60066E-06
    6.17000E+02    1.27917E+01    2.78391E-06
    6.17100E+02    1.30689E+01    2.10984E-06
    6.17200E+02    1.33715E+01    1.55900E-06
    6.17300E+02    1.37540E+01    1.06342E-06
    6.17400E+02    1.40494E+01    7.91456E-07
    6.17500E+02    1.44033E+01    5.55539E-07
    6.17600E+02    1.48028E+01    3.72591E-07
    6.17700E+02    1.52371E+01    2.41322E-07
    6.17800E+02    1.57063E+01    1.50946E-07
    6.17900E+02    1.62163E+01    9.06481E-08
    6.18000E+02    1.67704E+01    5.20836E-08
    6.18100E+02    1.73731E+01    2.85066E-08
    6.18200E+02    1.80291E+01    1.47924E-08
    6.18300E+02    1.87431E+01    7.24417E-09
    6.18400E+02    1.95218E+01    3.32499E-09
    6.18500E+02    2.03722E+01    1.42052E-09
    6.18600E+02    2.13011E+01    5.61105E-10
    6.18700E+02    2.23173E+01    2.03107E-10
    6.18800E+02    2.34284E+01    6.68600E-11
    6.18900E+02    2.46451E+01    1.98046E-11
    6.19000E+02    2.59749E+01    5.23886E-12
    6.19100E+02    2.74296E+01    1.22311E-12
    6.19200E+02    2.90186E+01    2.49687E-13
    6.19300E+02    3.07518E+01    4.41227E-14
    6.19400E+02    3.26376E+01    6.69367E-15
    6.19500E+02    3.46825E+01    8.66138E-16
    6.19600E+02    3.68881E+01    9.54377E-17
    6.19700E+02    3.92516E+01    8.97939E-18
    6.19800E+02    4.17629E+01    7.28780E-19
    6.19900E+02    4.44052E+01    5.18862E-20
    6.20000E+02    4.71375E+01    3.37622E-21
    6.20100E+02    4.99086E+01    2.11343E-22
    6.20200E+02    5.26449E+01    1.36967E-23
    6.20300E+02    5.52489E+01    1.01322E-24
    6.20400E+02    5.75991E+01    9.66149E-26
    6.20500E+02    5.95486E+01    1.37523E-26
    6.20600E+02    6.09701E+01    3.31925E-27
    6.20700E+02    6.18633E+01    1.35871E-27
    6.20800E+02    6.13865E+01    2.18859E-27
    6.20900E+02    5.97693E+01    1.10283E-26
    6.21000E+02    5.77273E+01    8.49861E-26
    6.21100E+02    5.53632E+01    9.03826E-25
    6.21200E+02    5.27542E+01    1.22788E-23
    6.21300E+02    5.00093E+01    1.91083E-22
    6.21400E+02    4.72284E+01    3.08299E-21
    6.21500E+02    4.44815E+01    4.80779E-20
    6.21600E+02    4.18239E+01    6.85675E-19
    6.21700E+02    3.92925E+01    8.61973E-18
    6.21800E+02    3.69017E+01    9.41461E-17
    6.21900E+02    3.46704E+01    8.76711E-16
    6.22000E+02    3.25991E+01    6.95683E-15
    6.22100E+02    3.06859E+01    4.71278E-14
    6.22200E+02    2.89246E+01    2.74298E-13
    6.22300E+02    2.73048E+01    1.38575E-12
    6.22400E+02    2.58201E+01    6.11605E-12
    6.22500E+02    2.44600E+01    2.38328E-11
    6.22600E+02    2.32138E+01    8.28627E-11
    6.22700E+02    2.20725E+01    2.59428E-10
    6.22800E+02    2.10266E+01    7.38359E-10
    6.22900E+02    2.00677E+01    1.92628E-09
    6.23000E+02    1.91877E+01    4.64390E-09
    6.23100E+02    1.83797E+01    1.04184E-08
    6.23200E+02    1.76373E+01    2.18876E-08
    6.23300E+02    1.69553E+01    4.32911E-08
    6.23400E+02    1.63298E+01    8.09170E-08
    6.23500E+02    1.57620E+01    1.42774E-07
    6.23600E+02    1.52776E+01    2.31751E-07
    6.23700E+02    1.50566E+01    2.89083E-07
    6.23800E+02    1.42912E+01    6.21475E-07
    6.23900E+02    1.38217E+01    9.93794E-07
    6.24000E+02    1.34085E+01    1.50230E-06
    6.24100E+02    1.30292E+01    2.19535E-06
    6.24200E+02    1.26777E+01    3.12002E-06
    6.24300E+02    1.23509E+01    4.32595E-06
    6.24400E+02    1.20457E+01    5.86999E-06
    6.24500E+02    1.17598E+01    7.81214E-06
    6.24600E+02    1.14923E+01    1.02085E-05
    6.24700E+02    1.12414E+01    1.31190E-05
    6.24800E+02    1.10060E+01    1.66011E-05
    6.24900E+02    1.07842E+01    2.07249E-05
    6.25000E+02    1.05762E+01    2.55165E-05
    6.25100E+02    1.03811E+01    3.10128E-05
    6.25200E+02    1.01988E+01    3.72138E-05
    6.25300E+02    1.00393E+01    4.36484E-05
    6.25400E+02    9.90082E+00    5.01334E-05
    6.25500E+02    9.70217E+00    6.11507E-05
    6.25600E+02    9.54514E+00    7.15482E-05
    6.25700E+02    9.40009E+00    8.27169E-05
    6.25800E+02    9.26388E+00    9.47867E-05
    6.25900E+02    9.13594E+00    1.07724E-04
    6.26000E+02    9.01165E+00    1.21980E-04
    6.26100E+02    8.89451E+00    1.37139E-04
    6.26200E+02    8.78301E+00    1.53316E-04
    6.26300E+02    8.67662E+00    1.70526E-04
    6.26400E+02    8.57536E+00    1.88698E-04
    6.26500E+02    8.47846E+00    2.07899E-04
    6.26600E+02    8.38571E+00    2.28104E-04
    6.26700E+02    8.29747E+00    2.49147E-04
    6.26800E+02    8.21153E+00    2.71505E-04
    6.26900E+02    8.13025E+00    2.94495E-04
    6.27000E+02    8.05206E+00    3.18444E-04
    6.27100E+02    7.97702E+00    3.43260E-04
    6.27200E+02    7.90550E+00    3.68710E-04
    6.27300E+02    7.83660E+00    3.95010E-04
    6.27400E+02    7.77100E+00    4.21790E-04
    6.27500E+02    7.70810E+00    4.49174E-04
    6.27600E+02    7.64890E+00    4.76567E-04
    6.27700E+02    7.59488E+00    5.03020E-04
    6.27800E+02    7.53834E+00    5.32278E-04
    6.27900E+02    7.47456E+00    5.67334E-04
    6.28000E+02    7.41709E+00    6.00895E-04
    6.28100E+02    7.36266E+00    6.34506E-04
    6.28200E+02    7.31305E+00    6.66781E-04
    6.28300E+02    7.26524E+00    6.99432E-04
    6.28400E+02    7.21120E+00    7.38267E-04
    6.28500E+02    7.16356E+00    7.74294E-04
    6.28600E+02    7.11778E+00    8.10562E-04
    6.28700E+02    7.07386E+00    8.46956E-04
    6.28800E+02    7.03133E+00    8.83752E-04
    6.28900E+02    6.99057E+00    9.20525E-04
    6.29000E+02    6.94971E+00    9.58915E-04
    6.29100E+02    6.91072E+00    9.97043E-04
    6.29200E+02    6.87276E+00    1.03561E-03
    6.29300E+02    6.83614E+00    1.07425E-03
    6.29400E+02    6.80090E+00    1.11278E-03
    6.29500E+02    6.76606E+00    1.15223E-03
    6.29600E+02    6.73198E+00    1.19217E-03
    6.29700E+02    6.69989E+00    1.23105E-03
    6.29800E+02    6.66710E+00    1.27208E-03
    6.29900E+02    6.63577E+00    1.31257E-03
    6.30000E+02    6.60590E+00    1.35236E-03
    6.30100E+02    6.57690E+00    1.39216E-03
    6.30200E+02    6.54659E+00    1.43500E-03
    6.30300E+02    6.51842E+00    1.47600E-03
    6.30400E+02    6.49089E+00    1.51720E-03
    6.30500E+02    6.46352E+00    1.55930E-03
    6.30600E+02    6.43758E+00    1.60027E-03
    6.30700E+02    6.41156E+00    1.64246E-03
    6.30800E+02    6.38627E+00    1.68453E-03
    6.30900E+02    6.36188E+00    1.72612E-03
    6.31000E+02    6.33803E+00    1.76778E-03
    6.31100E+02    6.31476E+00    1.80940E-03
    6.31200E+02    6.29200E+00    1.85106E-03
    6.31300E+02    6.26926E+00    1.89362E-03
    6.31400E+02    6.24778E+00    1.93474E-03
    6.31500E+02    6.22695E+00    1.97546E-03
    6.31600E+02    6.20657E+00    2.01614E-03
    6.31700E+02    6.18780E+00    2.05433E-03
    6.31800E+02    6.17111E+00    2.08893E-03
    6.31900E+02    6.15785E+00    2.11679E-03
    6.32000E+02    6.15143E+00    2.13043E-03
    6.32100E+02    6.18568E+00    2.05871E-03
    6.32200E+02    6.30576E+00    1.82576E-03
    6.32300E+02    6.11277E+00    2.21440E-03
    6.32400E+02    6.06723E+00    2.31759E-03
    6.32500E+02    6.03992E+00    2.38176E-03
    6.32600E+02    6.01809E+00    2.43431E-03
    6.32700E+02    5.99832E+00    2.48292E-03
    6.32800E+02    5.98045E+00    2.52769E-03
    6.32900E+02    5.96337E+00    2.57124E-03
    6.33000E+02    5.94706E+00    2.61351E-03
    6.33100E+02    5.93205E+00    2.65304E-03
    6.33200E+02    5.91998E+00    2.68524E-03
    6.33300E+02    5.91879E+00    2.68846E-03
    6.33400E+02    5.90660E+00    2.72141E-03
    6.33500E+02    5.87381E+00    2.81213E-03
    6.33600E+02    5.85722E+00    2.85917E-03
    6.33700E+02    5.83995E+00    2.90898E-03
    6.33800E+02    5.82625E+00    2.94911E-03
    6.33900E+02    5.81331E+00    2.98752E-03
    6.34000E+02    5.80166E+00    3.02254E-03
    6.34100E+02    5.79268E+00    3.04979E-03
    6.34200E+02    5.78914E+00    3.06060E-03
    6.34300E+02    5.80370E+00    3.01636E-03
    6.34400E+02    5.89501E+00    2.75315E-03
    6.34500E+02    5.96872E+00    2.55750E-03
    6.34600E+02    5.77633E+00    3.10008E-03
    6.34700E+02    5.72714E+00    3.25637E-03
    6.34800E+02    5.70098E+00    3.34268E-03
    6.34900E+02    5.68219E+00    3.40610E-03
    6.35000E+02    5.66619E+00    3.46104E-03
    6.35100E+02    5.65191E+00    3.51082E-03
    6.35200E+02    5.63847E+00    3.55832E-03
    6.35300E+02    5.62654E+00    3.60101E-03
    6.35400E+02    5.61304E+00    3.64995E-03
    6.35500E+02    5.60111E+00    3.69375E-03
    6.35600E+02    5.58905E+00    3.73858E-03
    6.35700E+02    5.57743E+00    3.78228E-03
    6.35800E+02    5.56590E+00    3.82613E-03
    6.35900E+02    5.55479E+00    3.86889E-03
    6.36000E+02    5.54385E+00    3.91143E-03
    6.36100E+02    5.53355E+00    3.95193E-03
    6.36200E+02    5.52245E+00    3.99605E-03
    6.36300E+02    5.51175E+00    4.03905E-03
    6.36400E+02    5.50141E+00    4.08103E-03
    6.36500E+02    5.49077E+00    4.12465E-03
    6.36600E+02    5.48076E+00    4.16615E-03
    6.36700E+02    5.47096E+00    4.20720E-03
    6.36800E+02    5.46060E+00    4.25101E-03
    6.36900E+02    5.45096E+00    4.29219E-03
    6.37000E+02    5.44147E+00    4.33312E-03
    6.37100E+02    5.43180E+00    4.37523E-03
    6.37200E+02    5.42225E+00    4.41718E-03
    6.37300E+02    5.41315E+00    4.45756E-03
    6.37400E+02    5.40410E+00    4.49810E-03
    6.37500E+02    5.39511E+00    4.53872E-03
    6.37600E+02    5.38663E+00    4.57737E-03
    6.37700E+02    5.37762E+00    4.61882E-03
    6.37800E+02    5.36927E+00    4.65755E-03
    6.37900E+02    5.36105E+00    4.69596E-03
    6.38000E+02    5.35323E+00    4.73283E-03
    6.38100E+02    5.34538E+00    4.77015E-03
    6.38200E+02    5.33837E+00    4.80370E-03
    6.38300E+02    5.33220E+00    4.83343E-03
    6.38400E+02    5.32733E+00    4.85702E-03
    6.38500E+02    5.32704E+00    4.85844E-03
    6.38600E+02    5.32615E+00    4.86276E-03
    6.38700E+02    5.33510E+00    4.81943E-03
    6.38800E+02    5.38663E+00    4.57739E-03
    6.38900E+02    5.93850E+00    2.63597E-03
    6.39000E+02    5.37849E+00    4.61478E-03
    6.39100E+02    5.30527E+00    4.96537E-03
    6.39200E+02    5.27773E+00    5.10401E-03
    6.39300E+02    5.26338E+00    5.17778E-03
    6.39400E+02    5.25101E+00    5.24225E-03
    6.39500E+02    5.24012E+00    5.29965E-03
    6.39600E+02    5.23171E+00    5.34436E-03
    6.39700E+02    5.22325E+00    5.38981E-03
    6.39800E+02    5.21679E+00    5.42469E-03
    6.39900E+02    5.21384E+00    5.44075E-03
    6.40000E+02    5.22380E+00    5.38683E-03
    6.40100E+02    5.34204E+00    4.78611E-03
    6.40200E+02    5.20733E+00    5.47627E-03
    6.40300E+02    5.20710E+00    5.47755E-03
    6.40400E+02    5.17690E+00    5.64550E-03
    6.40500E+02    5.16490E+00    5.71362E-03
    6.40600E+02    5.15720E+00    5.75778E-03
    6.40700E+02    5.14829E+00    5.80932E-03
    6.40800E+02    5.14139E+00    5.84957E-03
    6.40900E+02    5.13439E+00    5.89064E-03
    6.41000E+02    5.12802E+00    5.92827E-03
    6.41100E+02    5.12194E+00    5.96446E-03
    6.41200E+02    5.11643E+00    5.99738E-03
    6.41300E+02    5.11138E+00    6.02777E-03
    6.41400E+02    5.10874E+00    6.04371E-03
    6.41500E+02    5.12003E+00    5.97587E-03
    6.41600E+02    5.10541E+00    6.06382E-03
    6.41700E+02    5.09237E+00    6.14345E-03
    6.41800E+02    5.08611E+00    6.18202E-03
    6.41900E+02    5.08336E+00    6.19905E-03
    6.42000E+02    5.08276E+00    6.20278E-03
    6.42100E+02    5.09099E+00    6.15192E-03
    6.42200E+02    5.11959E+00    5.97845E-03
    6.42300E+02    5.26543E+00    5.16719E-03
    6.42400E+02    5.25696E+00    5.21113E-03
    6.42500E+02    5.10119E+00    6.08947E-03
    6.42600E+02    5.06188E+00    6.33363E-03
    6.42700E+02    5.04318E+00    6.45319E-03
    6.42800E+02    5.03115E+00    6.53127E-03
    6.42900E+02    5.02214E+00    6.59041E-03
    6.43000E+02    5.01470E+00    6.63962E-03
    6.43100E+02    5.00822E+00    6.68276E-03
    6.43200E+02    5.00253E+00    6.72090E-03
    6.43300E+02    4.99812E+00    6.75063E-03
    6.43400E+02    4.99179E+00    6.79348E-03
    6.43500E+02    4.98668E+00    6.82831E-03
    6.43600E+02    4.97988E+00    6.87488E-03
    6.43700E+02    4.97375E+00    6.91714E-03
    6.43800E+02    4.96849E+00    6.95361E-03
    6.43900E+02    4.96370E+00    6.98705E-03
    6.44000E+02    4.95938E+00    7.01725E-03
    6.44100E+02    4.95534E+00    7.04567E-03
    6.44200E+02    4.95163E+00    7.07184E-03
    6.44300E+02    4.94929E+00    7.08843E-03
    6.44400E+02    4.94923E+00    7.08883E-03
    6.44500E+02    4.95308E+00    7.06165E-03
    6.44600E+02    4.96666E+00    6.96636E-03
    6.44700E+02    5.01641E+00    6.62825E-03
    6.44800E+02    5.47589E+00    4.18652E-03
    6.44900E+02    5.01768E+00    6.61990E-03
    6.45000E+02    4.94978E+00    7.08494E-03
    6.45100E+02    4.92649E+00    7.25195E-03
    6.45200E+02    4.91365E+00    7.34561E-03
    6.45300E+02    4.90694E+00    7.39510E-03
    6.45400E+02    4.90529E+00    7.40732E-03
    6.45500E+02    4.89859E+00    7.45708E-03
    6.45600E+02    4.91157E+00    7.36090E-03
    6.45700E+02    4.93585E+00    7.18438E-03
    6.45800E+02    4.88648E+00    7.54793E-03
    6.45900E+02    4.87784E+00    7.61347E-03
    6.46000E+02    4.87291E+00    7.65104E-03
    6.46100E+02    4.86316E+00    7.72606E-03
    6.46200E+02    4.85799E+00    7.76610E-03
    6.46300E+02    4.85703E+00    7.77357E-03
    6.46400E+02    4.85037E+00    7.82548E-03
    6.46500E+02    4.84729E+00    7.84963E-03
    6.46600E+02    4.84038E+00    7.90406E-03
    6.46700E+02    4.83600E+00    7.93877E-03
    6.46800E+02    4.83192E+00    7.97120E-03
    6.46900E+02    4.82878E+00    7.99624E-03
    6.47000E+02    4.82567E+00    8.02121E-03
    6.47100E+02    4.82363E+00    8.03756E-03
    6.47200E+02    4.82220E+00    8.04907E-03
    6.47300E+02    4.82231E+00    8.04816E-03
    6.47400E+02    4.82192E+00    8.05130E-03
    6.47500E+02    4.82652E+00    8.01440E-03
    6.47600E+02    4.83868E+00    7.91752E-03
    6.47700E+02    4.87554E+00    7.63094E-03
    6.47800E+02    5.08012E+00    6.21915E-03
    6.47900E+02    4.99189E+00    6.79284E-03
    6.48000E+02    4.84962E+00    7.83135E-03
    6.48100E+02    4.81168E+00    8.13420E-03
    6.48200E+02    4.79429E+00    8.27684E-03
    6.48300E+02    4.78388E+00    8.36346E-03
    6.48400E+02    4.77655E+00    8.42504E-03
    6.48500E+02    4.77067E+00    8.47467E-03
    6.48600E+02    4.76534E+00    8.51997E-03
    6.48700E+02    4.76081E+00    8.55865E-03
    6.48800E+02    4.75681E+00    8.59300E-03
    6.48900E+02    4.75280E+00    8.62747E-03
    6.49000E+02    4.74898E+00    8.66053E-03
    6.49100E+02    4.74580E+00    8.68807E-03
    6.49200E+02    4.74221E+00    8.71940E-03
    6.49300E+02    4.73868E+00    8.75019E-03
    6.49400E+02    4.73529E+00    8.77988E-03
    6.49500E+02    4.73213E+00    8.80770E-03
    6.49600E+02    4.72912E+00    8.83421E-03
    6.49700E+02    4.72622E+00    8.85988E-03
    6.49800E+02    4.72351E+00    8.88393E-03
    6.49900E+02    4.72091E+00    8.90705E-03
    6.50000E+02    4.71846E+00    8.92891E-03
    6.50100E+02    4.71585E+00    8.95222E-03
    6.50200E+02    4.71380E+00    8.97061E-03
    6.50300E+02    4.71218E+00    8.98515E-03
    6.50400E+02    4.71142E+00    8.99201E-03
    6.50500E+02    4.71326E+00    8.97544E-03
    6.50600E+02    4.71815E+00    8.93170E-03
    6.50700E+02    4.75475E+00    8.61069E-03
    6.50800E+02    4.73165E+00    8.81189E-03
    6.50900E+02    4.71423E+00    8.96677E-03
    6.51000E+02    4.71221E+00    8.98492E-03
    6.51100E+02    4.71609E+00    8.95014E-03
    6.51200E+02    4.72928E+00    8.83281E-03
    6.51300E+02    4.76442E+00    8.52787E-03
    6.51400E+02    4.89145E+00    7.51051E-03
    6.51500E+02    5.22287E+00    5.39181E-03
    6.51600E+02    4.91443E+00    7.33989E-03
    6.51700E+02    4.75937E+00    8.57099E-03
    6.51800E+02    4.72156E+00    8.90131E-03
    6.51900E+02    4.69755E+00    9.11761E-03
    6.52000E+02    4.68525E+00    9.23041E-03
    6.52100E+02    4.67831E+00    9.29467E-03
    6.52200E+02    4.67653E+00    9.31125E-03
    6.52300E+02    4.67217E+00    9.35198E-03
    6.52400E+02    4.66518E+00    9.41758E-03
    6.52500E+02    4.66188E+00    9.44870E-03
    6.52600E+02    4.65955E+00    9.47072E-03
    6.52700E+02    4.65779E+00    9.48744E-03
    6.52800E+02    4.65694E+00    9.49545E-03
    6.52900E+02    4.65559E+00    9.50832E-03
    6.53000E+02    4.65516E+00    9.51241E-03
    6.53100E+02    4.65566E+00    9.50765E-03
    6.53200E+02    4.65734E+00    9.49165E-03
    6.53300E+02    4.66118E+00    9.45528E-03
    6.53400E+02    4.66999E+00    9.37233E-03
    6.53500E+02    4.68547E+00    9.22838E-03
    6.53600E+02    4.71931E+00    8.92137E-03
    6.53700E+02    4.86403E+00    7.71932E-03
    6.53800E+02    4.98015E+00    6.87301E-03
    6.53900E+02    4.74063E+00    8.73313E-03
    6.54000E+02    4.69556E+00    9.13572E-03
    6.54100E+02    4.68271E+00    9.25389E-03
    6.54200E+02    4.68116E+00    9.26830E-03
    6.54300E+02    4.68727E+00    9.21181E-03
    6.54400E+02    4.70313E+00    9.06684E-03
    6.54500E+02    4.73661E+00    8.76835E-03
    6.54600E+02    4.82032E+00    8.06423E-03
    6.54700E+02    5.31073E+00    4.93833E-03
    6.54800E+02    5.12263E+00    5.96031E-03
    6.54900E+02    5.16191E+00    5.73076E-03
    6.55000E+02    5.58353E+00    3.75927E-03
    6.55100E+02    5.48346E+00    4.15491E-03
    6.55200E+02    5.87979E+00    2.79538E-03
    6.55300E+02    5.66359E+00    3.47003E-03
    6.55400E+02    4.96095E+00    7.00625E-03
    6.55500E+02    4.92823E+00    7.23934E-03
    6.55600E+02    5.51393E+00    4.03026E-03
    6.55700E+02    4.96087E+00    7.00681E-03
    6.55800E+02    5.02938E+00    6.54288E-03
    6.55900E+02    5.39589E+00    4.53519E-03
    6.56000E+02    5.70407E+00    3.33238E-03
    6.56100E+02    5.07116E+00    6.27515E-03
    6.56200E+02    5.38790E+00    4.57158E-03
    6.56300E+02    5.25754E+00    5.20810E-03
    6.56400E+02    5.51520E+00    4.02512E-03
    6.56500E+02    5.10574E+00    6.06185E-03
    6.56600E+02    4.81274E+00    8.12559E-03
    6.56700E+02    4.73681E+00    8.76660E-03
    6.56800E+02    4.69970E+00    9.09797E-03
    6.56900E+02    4.67944E+00    9.28418E-03
    6.57000E+02    4.66824E+00    9.38878E-03
    6.57100E+02    4.66208E+00    9.44680E-03
    6.57200E+02    4.65798E+00    9.48557E-03
    6.57300E+02    4.65763E+00    9.48892E-03
    6.57400E+02    4.66694E+00    9.40095E-03
    6.57500E+02    4.75140E+00    8.63963E-03
    6.57600E+02    4.67614E+00    9.31489E-03
    6.57700E+02    4.66336E+00    9.43467E-03
    6.57800E+02    4.66638E+00    9.40623E-03
    6.57900E+02    4.69080E+00    9.17934E-03
    6.58000E+02    4.83159E+00    7.97382E-03
    6.58100E+02    4.76495E+00    8.52333E-03
    6.58200E+02    4.67452E+00    9.32997E-03
    6.58300E+02    4.65101E+00    9.55198E-03
    6.58400E+02    4.63970E+00    9.66056E-03
    6.58500E+02    4.63296E+00    9.72596E-03
    6.58600E+02    4.62820E+00    9.77236E-03
    6.58700E+02    4.62807E+00    9.77365E-03
    6.58800E+02    4.66861E+00    9.38534E-03
    6.58900E+02    4.62172E+00    9.83590E-03
    6.59000E+02    4.60691E+00    9.98263E-03
    6.59100E+02    4.60754E+00    9.97634E-03
    6.59200E+02    4.59260E+00    1.01265E-02
    6.59300E+02    4.58560E+00    1.01976E-02
    6.59400E+02    4.58025E+00    1.02523E-02
    6.59500E+02    4.57542E+00    1.03020E-02
    6.59600E+02    4.57050E+00    1.03528E-02
    6.59700E+02    4.56614E+00    1.03980E-02
    6.59800E+02    4.56211E+00    1.04401E-02
    6.59900E+02    4.55840E+00    1.04788E-02
    6.60000E+02    4.55474E+00    1.05172E-02
    6.60100E+02    4.55156E+00    1.05508E-02
    6.60200E+02    4.54842E+00    1.05839E-02
    6.60300E+02    4.54529E+00    1.06171E-02
    6.60400E+02    4.54252E+00    1.06465E-02
    6.60500E+02    4.54002E+00    1.06732E-02
    6.60600E+02    4.53778E+00    1.06972E-02
    6.60700E+02    4.53589E+00    1.07174E-02
    6.60800E+02    4.53436E+00    1.07338E-02
    6.60900E+02    4.53358E+00    1.07421E-02
    6.61000E+02    4.53373E+00    1.07405E-02
    6.61100E+02    4.53504E+00    1.07265E-02
    6.61200E+02    4.54000E+00    1.06734E-02
    6.61300E+02    4.55633E+00    1.05006E-02
    6.61400E+02    4.63145E+00    9.74067E-03
    6.61500E+02    4.66779E+00    9.39301E-03
    6.61600E+02    4.55687E+00    1.04949E-02
    6.61700E+02    4.53300E+00    1.07483E-02
    6.61800E+02    4.52337E+00    1.08524E-02
    6.61900E+02    4.51799E+00    1.09109E-02
    6.62000E+02    4.51447E+00    1.09494E-02
    6.62100E+02    4.51179E+00    1.09788E-02
    6.62200E+02    4.50973E+00    1.10015E-02
    6.62300E+02    4.50794E+00    1.10212E-02
    6.62400E+02    4.50654E+00    1.10365E-02
    6.62500E+02    4.50508E+00    1.10527E-02
    6.62600E+02    4.50394E+00    1.10653E-02
    6.62700E+02    4.50345E+00    1.10708E-02
    6.62800E+02    4.50760E+00    1.10248E-02
    6.62900E+02    4.50222E+00    1.10844E-02
    6.63000E+02    4.50005E+00    1.11084E-02
    6.63100E+02    4.49888E+00    1.11214E-02
    6.63200E+02    4.49794E+00    1.11319E-02
    6.63300E+02    4.49708E+00    1.11414E-02
    6.63400E+02    4.49641E+00    1.11490E-02
    6.63500E+02    4.49575E+00    1.11563E-02
    6.63600E+02    4.49536E+00    1.11607E-02
    6.63700E+02    4.49492E+00    1.11655E-02
    6.63800E+02    4.49433E+00    1.11722E-02
    6.63900E+02    4.49392E+00    1.11767E-02
    6.64000E+02    4.49376E+00    1.11785E-02
    6.64100E+02    4.49333E+00    1.11833E-02
    6.64200E+02    4.49325E+00    1.11842E-02
    6.64300E+02    4.49361E+00    1.11802E-02
    6.64400E+02    4.49535E+00    1.11608E-02
    6.64500E+02    4.50712E+00    1.10302E-02
    6.64600E+02    4.49493E+00    1.11655E-02
    6.64700E+02    4.49412E+00    1.11745E-02
    6.64800E+02    4.49442E+00    1.11711E-02
    6.64900E+02    4.49541E+00    1.11602E-02
    6.65000E+02    4.49801E+00    1.11312E-02
    6.65100E+02    4.50095E+00    1.10985E-02
    6.65200E+02    4.50626E+00    1.10397E-02
    6.65300E+02    4.50836E+00    1.10165E-02
    6.65400E+02    4.52086E+00    1.08797E-02
    6.65500E+02    4.54605E+00    1.06090E-02
    6.65600E+02    4.63651E+00    9.69145E-03
    6.65700E+02    4.87895E+00    7.60499E-03
    6.65800E+02    4.58852E+00    1.01679E-02
    6.65900E+02    4.54354E+00    1.06357E-02
    6.66000E+02    4.51902E+00    1.08997E-02
    6.66100E+02    4.51462E+00    1.09478E-02
    6.66200E+02    4.51589E+00    1.09339E-02
    6.66300E+02    4.51874E+00    1.09027E-02
    6.66400E+02    4.51729E+00    1.09185E-02
    6.66500E+02    4.53858E+00    1.06886E-02
    6.66600E+02    4.65689E+00    9.49591E-03
    6.66700E+02    4.58174E+00    1.02371E-02
    6.66800E+02    4.53488E+00    1.07282E-02
    6.66900E+02    4.51073E+00    1.09904E-02
    6.67000E+02    4.50512E+00    1.10523E-02
    6.67100E+02    4.50319E+00    1.10736E-02
    6.67200E+02    4.49933E+00    1.11165E-02
    6.67300E+02    4.50177E+00    1.10894E-02
    6.67400E+02    4.50451E+00    1.10590E-02
    6.67500E+02    4.50487E+00    1.10551E-02
    6.67600E+02    4.49866E+00    1.11239E-02
    6.67700E+02    4.50938E+00    1.10053E-02
    6.67800E+02    4.50071E+00    1.11011E-02
    6.67900E+02    4.50645E+00    1.10375E-02
    6.68000E+02    4.49861E+00    1.11244E-02
    6.68100E+02    4.49679E+00    1.11447E-02
    6.68200E+02    4.49668E+00    1.11459E-02
    6.68300E+02    4.49698E+00    1.11426E-02
    6.68400E+02    4.49753E+00    1.11365E-02
    6.68500E+02    4.49824E+00    1.11285E-02
    6.68600E+02    4.49901E+00    1.11200E-02
    6.68700E+02    4.49997E+00    1.11093E-02
    6.68800E+02    4.50105E+00    1.10974E-02
    6.68900E+02    4.50242E+00    1.10821E-02
    6.69000E+02    4.50402E+00    1.10644E-02
    6.69100E+02    4.50599E+00    1.10427E-02
    6.69200E+02    4.50855E+00    1.10144E-02
    6.69300E+02    4.51206E+00    1.09758E-02
    6.69400E+02    4.51737E+00    1.09177E-02
    6.69500E+02    4.52654E+00    1.08180E-02
    6.69600E+02    4.54684E+00    1.06006E-02
    6.69700E+02    4.58118E+00    1.02428E-02
    6.69800E+02    4.74535E+00    8.69204E-03
    6.69900E+02    4.81318E+00    8.12197E-03
    6.70000E+02    4.59366E+00    1.01158E-02
    6.70100E+02    4.55154E+00    1.05509E-02
    6.70200E+02    4.53541E+00    1.07225E-02
    6.70300E+02    4.52767E+00    1.08058E-02
    6.70400E+02    4.52354E+00    1.08506E-02
    6.70500E+02    4.52196E+00    1.08677E-02
    6.70600E+02    4.52145E+00    1.08732E-02
    6.70700E+02    4.52177E+00    1.08698E-02
    6.70800E+02    4.52267E+00    1.08600E-02
    6.70900E+02    4.52451E+00    1.08400E-02
    6.71000E+02    4.52637E+00    1.08198E-02
    6.71100E+02    4.52943E+00    1.07868E-02
    6.71200E+02    4.53401E+00    1.07375E-02
    6.71300E+02    4.54136E+00    1.06589E-02
    6.71400E+02    4.55492E+00    1.05153E-02
    6.71500E+02    4.58577E+00    1.01959E-02
    6.71600E+02    4.69533E+00    9.13787E-03
    6.71700E+02    4.85610E+00    7.78079E-03
    6.71800E+02    4.73299E+00    8.80015E-03
    6.71900E+02    4.58946E+00    1.01583E-02
    6.72000E+02    4.56136E+00    1.04479E-02
    6.72100E+02    4.54978E+00    1.05695E-02
    6.72200E+02    4.54521E+00    1.06180E-02
    6.72300E+02    4.54343E+00    1.06368E-02
    6.72400E+02    4.54334E+00    1.06378E-02
    6.72500E+02    4.54493E+00    1.06209E-02
    6.72600E+02    4.54898E+00    1.05780E-02
    6.72700E+02    4.56232E+00    1.04378E-02
    6.72800E+02    4.67335E+00    9.34093E-03
    6.72900E+02    4.56193E+00    1.04419E-02
    6.73000E+02    4.55269E+00    1.05388E-02
    6.73100E+02    4.55718E+00    1.04916E-02
    6.73200E+02    4.55099E+00    1.05568E-02
    6.73300E+02    4.55148E+00    1.05516E-02
    6.73400E+02    4.55313E+00    1.05342E-02
    6.73500E+02    4.55569E+00    1.05072E-02
    6.73600E+02    4.55984E+00    1.04637E-02
    6.73700E+02    4.56759E+00    1.03830E-02
    6.73800E+02    4.58852E+00    1.01679E-02
    6.73900E+02    4.74360E+00    8.70723E-03
    6.74000E+02    4.60535E+00    9.99824E-03
    6.74100E+02    4.57685E+00    1.02873E-02
    6.74200E+02    4.56996E+00    1.03584E-02
    6.74300E+02    4.56807E+00    1.03780E-02
    6.74400E+02    4.56789E+00    1.03798E-02
    6.74500E+02    4.56859E+00    1.03726E-02
    6.74600E+02    4.56962E+00    1.03619E-02
    6.74700E+02    4.57092E+00    1.03485E-02
    6.74800E+02    4.57241E+00    1.03331E-02
    6.74900E+02    4.57420E+00    1.03146E-02
    6.75000E+02    4.57590E+00    1.02971E-02
    6.75100E+02    4.57900E+00    1.02652E-02
    6.75200E+02    4.57962E+00    1.02588E-02
    6.75300E+02    4.58149E+00    1.02396E-02
    6.75400E+02    4.58359E+00    1.02182E-02
    6.75500E+02    4.58588E+00    1.01948E-02
    6.75600E+02    4.58844E+00    1.01687E-02
    6.75700E+02    4.59153E+00    1.01373E-02
    6.75800E+02    4.59549E+00    1.00973E-02
    6.75900E+02    4.60260E+00    1.00257E-02
    6.76000E+02    4.62515E+00    9.80222E-03
    6.76100E+02    4.64267E+00    9.63196E-03
    6.76200E+02    4.61134E+00    9.93846E-03
    6.76300E+02    4.60689E+00    9.98278E-03
    6.76400E+02    4.60667E+00    9.98505E-03
    6.76500E+02    4.60779E+00    9.97385E-03
    6.76600E+02    4.60968E+00    9.95505E-03
    6.76700E+02    4.61202E+00    9.93174E-03
    6.76800E+02    4.61533E+00    9.89888E-03
    6.76900E+02    4.63065E+00    9.74846E-03
    6.77000E+02    4.62354E+00    9.81795E-03
    6.77100E+02    4.63965E+00    9.66104E-03
    6.77200E+02    4.63690E+00    9.68765E-03
    6.77300E+02    4.62831E+00    9.77123E-03
    6.77400E+02    4.62827E+00    9.77162E-03
    6.77500E+02    4.62975E+00    9.75724E-03
    6.77600E+02    4.63170E+00    9.73820E-03
    6.77700E+02    4.63392E+00    9.71660E-03
    6.77800E+02    4.63625E+00    9.69400E-03
    6.77900E+02    4.63882E+00    9.66909E-03
    6.78000E+02    4.64114E+00    9.64667E-03
    6.78100E+02    4.64369E+00    9.62214E-03
    6.78200E+02    4.64638E+00    9.59631E-03
    6.78300E+02    4.64940E+00    9.56735E-03
    6.78400E+02    4.65676E+00    9.49718E-03
    6.78500E+02    4.65491E+00    9.51477E-03
    6.78600E+02    4.65700E+00    9.49486E-03
    6.78700E+02    4.65968E+00    9.46947E-03
    6.78800E+02    4.66249E+00    9.44295E-03
    6.78900E+02    4.66553E+00    9.41428E-03
    6.79000E+02    4.66990E+00    9.37325E-03
    6.79100E+02    4.67442E+00    9.33097E-03
    6.79200E+02    4.67411E+00    9.33381E-03
    6.79300E+02    4.67650E+00    9.31154E-03
    6.79400E+02    4.67925E+00    9.28594E-03
    6.79500E+02    4.68211E+00    9.25947E-03
    6.79600E+02    4.68507E+00    9.23213E-03
    6.79700E+02    4.68822E+00    9.20302E-03
    6.79800E+02    4.69216E+00    9.16686E-03
    6.79900E+02    4.69404E+00    9.14967E-03
    6.80000E+02    4.69702E+00    9.12246E-03
    6.80100E+02    4.70007E+00    9.09467E-03
    6.80200E+02    4.70315E+00    9.06665E-03
    6.80300E+02    4.70643E+00    9.03697E-03
    6.80400E+02    4.70954E+00    9.00890E-03
    6.80500E+02    4.71267E+00    8.98073E-03
    6.80600E+02    4.71587E+00    8.95208E-03
    6.80700E+02    4.71910E+00    8.92324E-03
    6.80800E+02    4.72239E+00    8.89393E-03
    6.80900E+02    4.72568E+00    8.86464E-03
    6.81000E+02    4.72899E+00    8.83540E-03
    6.81100E+02    4.73238E+00    8.80552E-03
    6.81200E+02    4.73577E+00    8.77568E-03
    6.81300E+02    4.73917E+00    8.74587E-03
    6.81400E+02    4.74269E+00    8.71514E-03
    6.81500E+02    4.74622E+00    8.68443E-03
    6.81600E+02    4.74994E+00    8.65219E-03
    6.81700E+02    4.75332E+00    8.62299E-03
    6.81800E+02    4.75689E+00    8.59230E-03
    6.81900E+02    4.76085E+00    8.55835E-03
    6.82000E+02    4.76457E+00    8.52656E-03
    6.82100E+02    4.76804E+00    8.49700E-03
    6.82200E+02    4.77212E+00    8.46245E-03
    6.82300E+02    4.77598E+00    8.42984E-03
    6.82400E+02    4.77927E+00    8.40210E-03
    6.82500E+02    4.78302E+00    8.37071E-03
    6.82600E+02    4.78689E+00    8.33832E-03
    6.82700E+02    4.79093E+00    8.30474E-03
    6.82800E+02    4.79501E+00    8.27093E-03
    6.82900E+02    4.79919E+00    8.23642E-03
    6.83000E+02    4.80308E+00    8.20447E-03
    6.83100E+02    4.80772E+00    8.16643E-03
    6.83200E+02    4.81293E+00    8.12405E-03
    6.83300E+02    4.81880E+00    8.07649E-03
    6.83400E+02    4.82686E+00    8.01164E-03
    6.83500E+02    4.84201E+00    7.89119E-03
    6.83600E+02    4.90442E+00    7.41372E-03
    6.83700E+02    4.88343E+00    7.57100E-03
    6.83800E+02    4.85274E+00    7.80696E-03
    6.83900E+02    4.84871E+00    7.83846E-03
    6.84000E+02    4.85136E+00    7.81776E-03
    6.84100E+02    4.85869E+00    7.76062E-03
    6.84200E+02    4.88585E+00    7.55270E-03
    6.84300E+02    4.88327E+00    7.57217E-03
    6.84400E+02    4.86862E+00    7.68397E-03
    6.84500E+02    4.86841E+00    7.68556E-03
    6.84600E+02    4.87087E+00    7.66670E-03
    6.84700E+02    4.87431E+00    7.64035E-03
    6.84800E+02    4.87820E+00    7.61069E-03
    6.84900E+02    4.88227E+00    7.57979E-03
    6.85000E+02    4.88656E+00    7.54731E-03
    6.85100E+02    4.89090E+00    7.51465E-03
    6.85200E+02    4.89534E+00    7.48139E-03
    6.85300E+02    4.89990E+00    7.44732E-03
    6.85400E+02    4.90453E+00    7.41289E-03
    6.85500E+02    4.90930E+00    7.37762E-03
    6.85600E+02    4.91527E+00    7.33374E-03
    6.85700E+02    4.91898E+00    7.30659E-03
    6.85800E+02    4.92388E+00    7.27086E-03
    6.85900E+02    4.93130E+00    7.21708E-03
    6.86000E+02    4.93342E+00    7.20181E-03
    6.86100E+02    4.93816E+00    7.16781E-03
    6.86200E+02    4.94309E+00    7.13253E-03
    6.86300E+02    4.94800E+00    7.09762E-03
    6.86400E+02    4.95305E+00    7.06187E-03
    6.86500E+02    4.95825E+00    7.02522E-03
    6.86600E+02    4.96378E+00    6.98649E-03
    6.86700E+02    4.96892E+00    6.95062E-03
    6.86800E+02    4.97379E+00    6.91691E-03
    6.86900E+02    4.97906E+00    6.88055E-03
    6.87000E+02    4.98433E+00    6.84435E-03
    6.87100E+02    4.98973E+00    6.80754E-03
    6.87200E+02    4.99518E+00    6.77052E-03
    6.87300E+02    5.00070E+00    6.73326E-03
    6.87400E+02    5.00630E+00    6.69561E-03
    6.87500E+02    5.01184E+00    6.65862E-03
    6.87600E+02    5.01754E+00    6.62078E-03
    6.87700E+02    5.02347E+00    6.58165E-03
    6.87800E+02    5.02902E+00    6.54521E-03
    6.87900E+02    5.03491E+00    6.50681E-03
    6.88000E+02    5.04079E+00    6.46862E-03
    6.88100E+02    5.04680E+00    6.42990E-03
    6.88200E+02    5.05284E+00    6.39116E-03
    6.88300E+02    5.05902E+00    6.35178E-03
    6.88400E+02    5.06523E+00    6.31247E-03
    6.88500E+02    5.07152E+00    6.27285E-03
    6.88600E+02    5.07796E+00    6.23264E-03
    6.88700E+02    5.08442E+00    6.19247E-03
    6.88800E+02    5.09106E+00    6.15151E-03
    6.88900E+02    5.09778E+00    6.11029E-03
    6.89000E+02    5.10462E+00    6.06863E-03
    6.89100E+02    5.11154E+00    6.02678E-03
    6.89200E+02    5.11864E+00    5.98415E-03
    6.89300E+02    5.12605E+00    5.93995E-03
    6.89400E+02    5.13325E+00    5.89737E-03
    6.89500E+02    5.14077E+00    5.85319E-03
    6.89600E+02    5.14851E+00    5.80806E-03
    6.89700E+02    5.15671E+00    5.76062E-03
    6.89800E+02    5.16479E+00    5.71428E-03
    6.89900E+02    5.17294E+00    5.66787E-03
    6.90000E+02    5.18149E+00    5.61965E-03
    6.90100E+02    5.19036E+00    5.56997E-03
    6.90200E+02    5.19956E+00    5.51901E-03
    6.90300E+02    5.20916E+00    5.46627E-03
    6.90400E+02    5.21918E+00    5.41178E-03
    6.90500E+02    5.22956E+00    5.35589E-03
    6.90600E+02    5.24063E+00    5.29689E-03
    6.90700E+02    5.25278E+00    5.23298E-03
    6.90800E+02    5.26578E+00    5.16534E-03
    6.90900E+02    5.27657E+00    5.10994E-03
    6.91000E+02    5.28972E+00    5.04316E-03
    6.91100E+02    5.30450E+00    4.96917E-03
    6.91200E+02    5.32021E+00    4.89171E-03
    6.91300E+02    5.34350E+00    4.77911E-03
    6.91400E+02    5.36480E+00    4.67838E-03
    6.91500E+02    5.37223E+00    4.64378E-03
    6.91600E+02    5.38690E+00    4.57615E-03
    6.91700E+02    5.40728E+00    4.48382E-03
    6.91800E+02    5.41441E+00    4.45195E-03
    6.91900E+02    5.43054E+00    4.38074E-03
    6.92000E+02    5.45407E+00    4.27885E-03
    6.92100E+02    5.46517E+00    4.23164E-03
    6.92200E+02    5.49665E+00    4.10048E-03
    6.92300E+02    5.60521E+00    3.67864E-03
    6.92400E+02    5.75370E+00    3.17102E-03
    6.92500E+02    5.52293E+00    3.99413E-03
    6.92600E+02    5.48141E+00    4.16344E-03
    6.92700E+02    5.46638E+00    4.22652E-03
    6.92800E+02    5.46048E+00    4.25149E-03
    6.92900E+02    5.45847E+00    4.26007E-03
    6.93000E+02    5.46015E+00    4.25291E-03
    6.93100E+02    5.46590E+00    4.22853E-03
    6.93200E+02    5.47854E+00    4.17543E-03
    6.93300E+02    5.50923E+00    4.04924E-03
    6.93400E+02    5.61822E+00    3.63110E-03
    6.93500E+02    5.82661E+00    2.94805E-03
    6.93600E+02    5.54758E+00    3.89687E-03
    6.93700E+02    5.50161E+00    4.08019E-03
    6.93800E+02    5.48768E+00    4.13743E-03
    6.93900E+02    5.48416E+00    4.15201E-03
    6.94000E+02    5.48489E+00    4.14897E-03
    6.94100E+02    5.48805E+00    4.13592E-03
    6.94200E+02    5.49283E+00    4.11617E-03
    6.94300E+02    5.49924E+00    4.08989E-03
    6.94400E+02    5.50806E+00    4.05396E-03
    6.94500E+02    5.52046E+00    4.00399E-03
    6.94600E+02    5.54428E+00    3.90975E-03
    6.94700E+02    5.62468E+00    3.60770E-03
    6.94800E+02    5.68304E+00    3.40321E-03
    6.94900E+02    5.57189E+00    3.80329E-03
    6.95000E+02    5.55630E+00    3.86303E-03
    6.95100E+02    5.55619E+00    3.86346E-03
    6.95200E+02    5.55911E+00    3.85222E-03
    6.95300E+02    5.56483E+00    3.83023E-03
    6.95400E+02    5.57108E+00    3.80637E-03
    6.95500E+02    5.57821E+00    3.77934E-03
    6.95600E+02    5.58616E+00    3.74941E-03
    6.95700E+02    5.59481E+00    3.71711E-03
    6.95800E+02    5.60492E+00    3.67970E-03
    6.95900E+02    5.61845E+00    3.63025E-03
    6.96000E+02    5.64168E+00    3.54690E-03
    6.96100E+02    5.75786E+00    3.15785E-03
    6.96200E+02    5.65330E+00    3.50591E-03
    6.96300E+02    5.64973E+00    3.51846E-03
    6.96400E+02    5.65458E+00    3.50145E-03
    6.96500E+02    5.66160E+00    3.47694E-03
    6.96600E+02    5.66951E+00    3.44955E-03
    6.96700E+02    5.67822E+00    3.41963E-03
    6.96800E+02    5.68730E+00    3.38875E-03
    6.96900E+02    5.69678E+00    3.35677E-03
    6.97000E+02    5.70695E+00    3.32278E-03
    6.97100E+02    5.72460E+00    3.26465E-03
    6.97200E+02    5.72547E+00    3.26182E-03
    6.97300E+02    5.73459E+00    3.23220E-03
    6.97400E+02    5.74510E+00    3.19840E-03
    6.97500E+02    5.76486E+00    3.13585E-03
    6.97600E+02    5.76439E+00    3.13732E-03
    6.97700E+02    5.77392E+00    3.10755E-03
    6.97800E+02    5.78302E+00    3.07940E-03
    6.97900E+02    5.79267E+00    3.04982E-03
    6.98000E+02    5.80293E+00    3.01869E-03
    6.98100E+02    5.81312E+00    2.98810E-03
    6.98200E+02    5.82333E+00    2.95774E-03
    6.98300E+02    5.83423E+00    2.92568E-03
    6.98400E+02    5.84488E+00    2.89467E-03
    6.98500E+02    5.85573E+00    2.86343E-03
    6.98600E+02    5.86746E+00    2.83005E-03
    6.98700E+02    5.88044E+00    2.79355E-03
    6.98800E+02    5.89401E+00    2.75590E-03
    6.98900E+02    5.91766E+00    2.69150E-03
    6.99000E+02    5.97186E+00    2.54949E-03
    6.99100E+02    5.93226E+00    2.65249E-03
    6.99200E+02    5.93611E+00    2.64228E-03
    6.99300E+02    5.94534E+00    2.61801E-03
    6.99400E+02    5.95550E+00    2.59156E-03
    6.99500E+02    5.96642E+00    2.56341E-03
    6.99600E+02    5.97804E+00    2.53379E-03
    6.99700E+02    5.98952E+00    2.50486E-03
    6.99800E+02    6.00156E+00    2.47488E-03
    6.99900E+02    6.01390E+00    2.44454E-03
    7.00000E+02    6.02654E+00    2.41382E-03
    7.00100E+02    6.03985E+00    2.38191E-03
    7.00200E+02    6.05343E+00    2.34979E-03
    7.00300E+02    6.06839E+00    2.31490E-03
    7.00400E+02    6.08530E+00    2.27608E-03
    7.00500E+02    6.10496E+00    2.23178E-03
    7.00600E+02    6.13353E+00    2.16890E-03
    7.00700E+02    6.19131E+00    2.04715E-03
    7.00800E+02    6.37394E+00    1.70542E-03
    7.00900E+02    6.41437E+00    1.63784E-03
    7.01000E+02    6.22859E+00    1.97224E-03
    7.01100E+02    6.20177E+00    2.02585E-03
    7.01200E+02    6.20439E+00    2.02054E-03
    7.01300E+02    6.23146E+00    1.96658E-03
    7.01400E+02    6.26876E+00    1.89458E-03
    7.01500E+02    6.33596E+00    1.77144E-03
    7.01600E+02    6.25186E+00    1.92686E-03
    7.01700E+02    6.24862E+00    1.93312E-03
    7.01800E+02    6.25607E+00    1.91878E-03
    7.01900E+02    6.26639E+00    1.89907E-03
    7.02000E+02    6.27802E+00    1.87712E-03
    7.02100E+02    6.29067E+00    1.85352E-03
    7.02200E+02    6.30330E+00    1.83025E-03
    7.02300E+02    6.31648E+00    1.80628E-03
    7.02400E+02    6.32934E+00    1.78321E-03
    7.02500E+02    6.34309E+00    1.75887E-03
    7.02600E+02    6.35696E+00    1.73464E-03
    7.02700E+02    6.37354E+00    1.70611E-03
    7.02800E+02    6.38480E+00    1.68700E-03
    7.02900E+02    6.39871E+00    1.66371E-03
    7.03000E+02    6.41266E+00    1.64065E-03
    7.03100E+02    6.42679E+00    1.61763E-03
    7.03200E+02    6.44107E+00    1.59469E-03
    7.03300E+02    6.45553E+00    1.57181E-03
    7.03400E+02    6.46991E+00    1.54936E-03
    7.03500E+02    6.48469E+00    1.52664E-03
    7.03600E+02    6.49961E+00    1.50402E-03
    7.03700E+02    6.51460E+00    1.48164E-03
    7.03800E+02    6.52990E+00    1.45916E-03
    7.03900E+02    6.54485E+00    1.43749E-03
    7.04000E+02    6.56018E+00    1.41563E-03
    7.04100E+02    6.57598E+00    1.39344E-03
    7.04200E+02    6.59131E+00    1.37225E-03
    7.04300E+02    6.60721E+00    1.35059E-03
    7.04400E+02    6.62289E+00    1.32958E-03
    7.04500E+02    6.63865E+00    1.30880E-03
    7.04600E+02    6.65487E+00    1.28774E-03
    7.04700E+02    6.67109E+00    1.26702E-03
    7.04800E+02    6.68733E+00    1.24660E-03
    7.04900E+02    6.70361E+00    1.22648E-03
    7.05000E+02    6.72024E+00    1.20625E-03
    7.05100E+02    6.73701E+00    1.18619E-03
    7.05200E+02    6.75364E+00    1.16663E-03
    7.05300E+02    6.77074E+00    1.14684E-03
    7.05400E+02    6.78788E+00    1.12735E-03
    7.05500E+02    6.80518E+00    1.10802E-03
    7.05600E+02    6.82231E+00    1.08920E-03
    7.05700E+02    6.83989E+00    1.07022E-03
    7.05800E+02    6.85750E+00    1.05154E-03
    7.05900E+02    6.87521E+00    1.03308E-03
    7.06000E+02    6.89377E+00    1.01408E-03
    7.06100E+02    6.91100E+00    9.96763E-04
    7.06200E+02    6.92908E+00    9.78902E-04
    7.06300E+02    6.94718E+00    9.61342E-04
    7.06400E+02    6.96538E+00    9.44002E-04
    7.06500E+02    6.98385E+00    9.26724E-04
    7.06600E+02    7.00291E+00    9.09231E-04
    7.06700E+02    7.02176E+00    8.92252E-04
    7.06800E+02    7.04080E+00    8.75430E-04
    7.06900E+02    7.05971E+00    8.59023E-04
    7.07000E+02    7.07896E+00    8.42645E-04
    7.07100E+02    7.09891E+00    8.26004E-04
    7.07200E+02    7.11829E+00    8.10148E-04
    7.07300E+02    7.13824E+00    7.94147E-04
    7.07400E+02    7.15748E+00    7.79017E-04
    7.07500E+02    7.17798E+00    7.63210E-04
    7.07600E+02    7.19833E+00    7.47835E-04
    7.07700E+02    7.21901E+00    7.32527E-04
    7.07800E+02    7.24059E+00    7.16889E-04
    7.07900E+02    7.26276E+00    7.01172E-04
    7.08000E+02    7.28895E+00    6.83046E-04
    7.08100E+02    7.33582E+00    6.51772E-04
    7.08200E+02    7.35039E+00    6.42339E-04
    7.08300E+02    7.35197E+00    6.41330E-04
    7.08400E+02    7.36961E+00    6.30114E-04
    7.08500E+02    7.38888E+00    6.18088E-04
    7.08600E+02    7.41076E+00    6.04713E-04
    7.08700E+02    7.43218E+00    5.91898E-04
    7.08800E+02    7.45386E+00    5.79199E-04
    7.08900E+02    7.47636E+00    5.66314E-04
    7.09000E+02    7.49913E+00    5.53565E-04
    7.09100E+02    7.52211E+00    5.40987E-04
    7.09200E+02    7.54578E+00    5.28337E-04
    7.09300E+02    7.56999E+00    5.15697E-04
    7.09400E+02    7.59581E+00    5.02552E-04
    7.09500E+02    7.62529E+00    4.87953E-04
    7.09600E+02    7.67912E+00    4.62382E-04
    7.09700E+02    7.69021E+00    4.57284E-04
    7.09800E+02    7.69623E+00    4.54540E-04
    7.09900E+02    7.71658E+00    4.45381E-04
    7.10000E+02    7.73976E+00    4.35174E-04
    7.10100E+02    7.76429E+00    4.24633E-04
    7.10200E+02    7.78935E+00    4.14120E-04
    7.10300E+02    7.81471E+00    4.03750E-04
    7.10400E+02    7.84071E+00    3.93391E-04
    7.10500E+02    7.86731E+00    3.83062E-04
    7.10600E+02    7.89374E+00    3.73071E-04
    7.10700E+02    7.92113E+00    3.62992E-04
    7.10800E+02    7.94883E+00    3.53076E-04
    7.10900E+02    7.97680E+00    3.43335E-04
    7.11000E+02    8.00660E+00    3.33256E-04
    7.11100E+02    8.03462E+00    3.24048E-04
    7.11200E+02    8.06503E+00    3.14343E-04
    7.11300E+02    8.09756E+00    3.04282E-04
    7.11400E+02    8.13875E+00    2.92001E-04
    7.11500E+02    8.27318E+00    2.55271E-04
    7.11600E+02    8.19809E+00    2.75180E-04
    7.11700E+02    8.21987E+00    2.69250E-04
    7.11800E+02    8.24942E+00    2.61411E-04
    7.11900E+02    8.28034E+00    2.53450E-04
    7.12000E+02    8.31308E+00    2.45288E-04
    7.12100E+02    8.34668E+00    2.37183E-04
    7.12200E+02    8.38145E+00    2.29077E-04
    7.12300E+02    8.41734E+00    2.21002E-04
    7.12400E+02    8.45409E+00    2.13026E-04
    7.12500E+02    8.49180E+00    2.05145E-04
    7.12600E+02    8.53077E+00    1.97302E-04
    7.12700E+02    8.57124E+00    1.89478E-04
    7.12800E+02    8.61318E+00    1.81695E-04
    7.12900E+02    8.65724E+00    1.73864E-04
    7.13000E+02    8.70188E+00    1.66273E-04
    7.13100E+02    8.74944E+00    1.58550E-04
    7.13200E+02    8.79976E+00    1.50769E-04
    7.13300E+02    8.85257E+00    1.43014E-04
    7.13400E+02    8.90884E+00    1.35188E-04
    7.13500E+02    8.96746E+00    1.27491E-04
    7.13600E+02    9.03127E+00    1.19611E-04
    7.13700E+02    9.10040E+00    1.11621E-04
    7.13800E+02    9.17544E+00    1.03551E-04
    7.13900E+02    9.25795E+00    9.53506E-05
    7.14000E+02    9.34898E+00    8.70542E-05
    7.14100E+02    9.45102E+00    7.86094E-05
    7.14200E+02    9.56662E+00    7.00275E-05
    7.14300E+02    9.70090E+00    6.12286E-05
    7.14400E+02    9.85217E+00    5.26329E-05
    7.14500E+02    1.00284E+01    4.41272E-05
    7.14600E+02    1.02398E+01    3.57204E-05
    7.14700E+02    1.04966E+01    2.76299E-05
    7.14800E+02    1.08133E+01    2.01298E-05
    7.14900E+02    1.12140E+01    1.34839E-05
    7.15000E+02    1.17386E+01    7.97965E-06
    7.15100E+02    1.24581E+01    3.88600E-06
    7.15200E+02    1.35273E+01    1.33407E-06
    7.15300E+02    1.54192E+01    2.01143E-07
    7.15400E+02    2.12619E+01    5.83551E-10
    7.15500E+02    1.51548E+01    2.62025E-07
    7.15600E+02    1.35070E+01    1.36142E-06
    7.15700E+02    1.25728E+01    3.46516E-06
    7.15800E+02    1.19582E+01    6.40622E-06
    7.15900E+02    1.15258E+01    9.87217E-06
    7.16000E+02    1.12102E+01    1.35360E-05
    7.16100E+02    1.09749E+01    1.71264E-05
    7.16200E+02    1.07976E+01    2.04486E-05
    7.16300E+02    1.06628E+01    2.33988E-05
    7.16400E+02    1.05610E+01    2.59057E-05
    7.16500E+02    1.04853E+01    2.79433E-05
    7.16600E+02    1.04294E+01    2.95517E-05
    7.16700E+02    1.03920E+01    3.06773E-05
    7.16800E+02    1.03833E+01    3.09459E-05
    7.16900E+02    1.03535E+01    3.18811E-05
    7.17000E+02    1.03373E+01    3.24029E-05
    7.17100E+02    1.03342E+01    3.25039E-05
    7.17200E+02    1.03389E+01    3.23514E-05
    7.17300E+02    1.03488E+01    3.20324E-05
    7.17400E+02    1.03635E+01    3.15645E-05
    7.17500E+02    1.03824E+01    3.09732E-05
    7.17600E+02    1.04051E+01    3.02771E-05
    7.17700E+02    1.04314E+01    2.94925E-05
    7.17800E+02    1.04615E+01    2.86183E-05
    7.17900E+02    1.04962E+01    2.76406E-05
    7.18000E+02    1.05380E+01    2.65103E-05
    7.18100E+02    1.05952E+01    2.50355E-05
    7.18200E+02    1.07107E+01    2.23049E-05
    7.18300E+02    1.14465E+01    1.06863E-05
    7.18400E+02    1.07845E+01    2.07191E-05
    7.18500E+02    1.07412E+01    2.16351E-05
    7.18600E+02    1.07569E+01    2.12975E-05
    7.18700E+02    1.07872E+01    2.06628E-05
    7.18800E+02    1.08236E+01    1.99230E-05
    7.18900E+02    1.08644E+01    1.91266E-05
    7.19000E+02    1.09063E+01    1.83427E-05
    7.19100E+02    1.09505E+01    1.75493E-05
    7.19200E+02    1.09966E+01    1.67583E-05
    7.19300E+02    1.10448E+01    1.59703E-05
    7.19400E+02    1.10958E+01    1.51753E-05
    7.19500E+02    1.11525E+01    1.43399E-05
    7.19600E+02    1.12214E+01    1.33846E-05
    7.19700E+02    1.13406E+01    1.18806E-05
    7.19800E+02    1.18567E+01    7.09094E-06
    7.19900E+02    1.14218E+01    1.09538E-05
    7.20000E+02    1.14170E+01    1.10069E-05
    7.20100E+02    1.14506E+01    1.06426E-05
    7.20200E+02    1.14949E+01    1.01818E-05
    7.20300E+02    1.15440E+01    9.69427E-06
    7.20400E+02    1.15955E+01    9.20776E-06
    7.20500E+02    1.16495E+01    8.72347E-06
    7.20600E+02    1.17029E+01    8.27019E-06
    7.20700E+02    1.17579E+01    7.82736E-06
    7.20800E+02    1.18140E+01    7.39990E-06
    7.20900E+02    1.18706E+01    6.99321E-06
    7.21000E+02    1.19284E+01    6.60013E-06
    7.21100E+02    1.19867E+01    6.22654E-06
    7.21200E+02    1.20463E+01    5.86638E-06
    7.21300E+02    1.21059E+01    5.52658E-06
    7.21400E+02    1.21664E+01    5.20229E-06
    7.21500E+02    1.22279E+01    4.89208E-06
    7.21600E+02    1.22905E+01    4.59509E-06
    7.21700E+02    1.23540E+01    4.31263E-06
    7.21800E+02    1.24170E+01    4.04922E-06
    7.21900E+02    1.24810E+01    3.79825E-06
    7.22000E+02    1.25460E+01    3.55900E-06
    7.22100E+02    1.26122E+01    3.33111E-06
    7.22200E+02    1.26787E+01    3.11676E-06
    7.22300E+02    1.27463E+01    2.91311E-06
    7.22400E+02    1.28149E+01    2.71992E-06
    7.22500E+02    1.28846E+01    2.53687E-06
    7.22600E+02    1.29552E+01    2.36401E-06
    7.22700E+02    1.30270E+01    2.20008E-06
    7.22800E+02    1.31009E+01    2.04343E-06
    7.22900E+02    1.31777E+01    1.89227E-06
    7.23000E+02    1.32693E+01    1.72675E-06
    7.23100E+02    1.33439E+01    1.60254E-06
    7.23200E+02    1.34466E+01    1.44610E-06
    7.23300E+02    1.36298E+01    1.20403E-06
    7.23400E+02    1.39727E+01    8.54574E-07
    7.23500E+02    1.37118E+01    1.10924E-06
    7.23600E+02    1.37326E+01    1.08642E-06
    7.23700E+02    1.37908E+01    1.02506E-06
    7.23800E+02    1.38600E+01    9.56500E-07
    7.23900E+02    1.39351E+01    8.87257E-07
    7.24000E+02    1.40126E+01    8.21133E-07
    7.24100E+02    1.40920E+01    7.58441E-07
    7.24200E+02    1.41734E+01    6.99172E-07
    7.24300E+02    1.42560E+01    6.43736E-07
    7.24400E+02    1.43403E+01    5.91679E-07
    7.24500E+02    1.44245E+01    5.43882E-07
    7.24600E+02    1.45105E+01    4.99083E-07
    7.24700E+02    1.45971E+01    4.57669E-07
    7.24800E+02    1.46854E+01    4.18998E-07
    7.24900E+02    1.47744E+01    3.83310E-07
    7.25000E+02    1.48648E+01    3.50203E-07
    7.25100E+02    1.49560E+01    3.19667E-07
    7.25200E+02    1.50485E+01    2.91425E-07
    7.25300E+02    1.51418E+01    2.65463E-07
    7.25400E+02    1.52366E+01    2.41462E-07
    7.25500E+02    1.53338E+01    2.19077E-07
    7.25600E+02    1.54293E+01    1.99122E-07
    7.25700E+02    1.55272E+01    1.80569E-07
    7.25800E+02    1.56263E+01    1.63525E-07
    7.25900E+02    1.57267E+01    1.47898E-07
    7.26000E+02    1.58284E+01    1.33598E-07
    7.26100E+02    1.59315E+01    1.20510E-07
    7.26200E+02    1.60361E+01    1.08545E-07
    7.26300E+02    1.61424E+01    9.76035E-08
    7.26400E+02    1.62510E+01    8.75536E-08
    7.26500E+02    1.63645E+01    7.81637E-08
    7.26600E+02    1.65000E+01    6.82559E-08
    7.26700E+02    1.66037E+01    6.15343E-08
    7.26800E+02    1.66947E+01    5.61812E-08
    7.26900E+02    1.68033E+01    5.04006E-08
    7.27000E+02    1.69179E+01    4.49418E-08
    7.27100E+02    1.70469E+01    3.95044E-08
    7.27200E+02    1.71492E+01    3.56607E-08
    7.27300E+02    1.72653E+01    3.17539E-08
    7.27400E+02    1.73844E+01    2.81860E-08
    7.27500E+02    1.75060E+01    2.49588E-08
    7.27600E+02    1.76294E+01    2.20614E-08
    7.27700E+02    1.77533E+01    1.94906E-08
    7.27800E+02    1.78792E+01    1.71849E-08
    7.27900E+02    1.80071E+01    1.51219E-08
    7.28000E+02    1.81366E+01    1.32854E-08
    7.28100E+02    1.82675E+01    1.16557E-08
    7.28200E+02    1.84009E+01    1.02001E-08
    7.28300E+02    1.85359E+01    8.91176E-09
    7.28400E+02    1.86709E+01    7.78623E-09
    7.28500E+02    1.88088E+01    6.78321E-09
    7.28600E+02    1.89485E+01    5.89867E-09
    7.28700E+02    1.90903E+01    5.11881E-09
    7.28800E+02    1.92341E+01    4.43359E-09
    7.28900E+02    1.93795E+01    3.83347E-09
    7.29000E+02    1.95267E+01    3.30883E-09
    7.29100E+02    1.96765E+01    2.84854E-09
    7.29200E+02    1.98277E+01    2.44882E-09
    7.29300E+02    1.99815E+01    2.09961E-09
    7.29400E+02    2.01375E+01    1.79633E-09
    7.29500E+02    2.02956E+01    1.53371E-09
    7.29600E+02    2.04556E+01    1.30687E-09
    7.29700E+02    2.06186E+01    1.11038E-09
    7.29800E+02    2.07852E+01    9.39949E-10
    7.29900E+02    2.09583E+01    7.90520E-10
    7.30000E+02    2.11864E+01    6.29323E-10
    7.30100E+02    2.13031E+01    5.60019E-10
    7.30200E+02    2.14700E+01    4.73891E-10
    7.30300E+02    2.16435E+01    3.98421E-10
    7.30400E+02    2.18216E+01    3.33438E-10
    7.30500E+02    2.20046E+01    2.77661E-10
    7.30600E+02    2.21995E+01    2.28486E-10
    7.30700E+02    2.23784E+01    1.91073E-10
    7.30800E+02    2.25701E+01    1.57730E-10
    7.30900E+02    2.27670E+01    1.29547E-10
    7.31000E+02    2.29694E+01    1.05810E-10
    7.31100E+02    2.31818E+01    8.55579E-11
    7.31200E+02    2.34136E+01    6.78562E-11
    7.31300E+02    2.35769E+01    5.76356E-11
    7.31400E+02    2.37683E+01    4.75933E-11
    7.31500E+02    2.39678E+01    3.89874E-11
    7.31600E+02    2.41729E+01    3.17582E-11
    7.31700E+02    2.43822E+01    2.57600E-11
    7.31800E+02    2.45961E+01    2.07985E-11
    7.31900E+02    2.48140E+01    1.67271E-11
    7.32000E+02    2.50352E+01    1.34080E-11
    7.32100E+02    2.52608E+01    1.07002E-11
    7.32200E+02    2.54895E+01    8.51220E-12
    7.32300E+02    2.57226E+01    6.74268E-12
    7.32400E+02    2.59591E+01    5.32253E-12
    7.32500E+02    2.62000E+01    4.18307E-12
    7.32600E+02    2.64450E+01    3.27412E-12
    7.32700E+02    2.66925E+01    2.55608E-12
    7.32800E+02    2.69448E+01    1.98621E-12
    7.32900E+02    2.72012E+01    1.53695E-12
    7.33000E+02    2.74615E+01    1.18479E-12
    7.33100E+02    2.77263E+01    9.09155E-13
    7.33200E+02    2.79956E+01    6.94478E-13
    7.33300E+02    2.82691E+01    5.28296E-13
    7.33400E+02    2.85472E+01    4.00064E-13
    7.33500E+02    2.88303E+01    3.01414E-13
    7.33600E+02    2.91180E+01    2.26057E-13
    7.33700E+02    2.94103E+01    1.68753E-13
    7.33800E+02    2.97080E+01    1.25304E-13
    7.33900E+02    3.00117E+01    9.24847E-14
    7.34000E+02    3.03219E+01    6.78205E-14
    7.34100E+02    3.06392E+01    4.93839E-14
    7.34200E+02    3.09691E+01    3.55054E-14
    7.34300E+02    3.13348E+01    2.46297E-14
    7.34400E+02    3.18895E+01    1.41444E-14
    7.34500E+02    3.19825E+01    1.28871E-14
    7.34600E+02    3.22904E+01    9.47210E-15
    7.34700E+02    3.26267E+01    6.76741E-15
    7.34800E+02    3.29761E+01    4.77139E-15
    7.34900E+02    3.33406E+01    3.31394E-15
    7.35000E+02    3.37953E+01    2.10324E-15
    7.35100E+02    3.40740E+01    1.59169E-15
    7.35200E+02    3.44390E+01    1.10495E-15
    7.35300E+02    3.48188E+01    7.55734E-16
    7.35400E+02    3.52077E+01    5.12247E-16
    7.35500E+02    3.56048E+01    3.44377E-16
    7.35600E+02    3.60090E+01    2.29886E-16
    7.35700E+02    3.64206E+01    1.52316E-16
    7.35800E+02    3.68407E+01    1.00065E-16
    7.35900E+02    3.72684E+01    6.52452E-17
    7.36000E+02    3.77041E+01    4.22018E-17
    7.36100E+02    3.81485E+01    2.70604E-17
    7.36200E+02    3.86013E+01    1.72061E-17
    7.36300E+02    3.90638E+01    1.08344E-17
    7.36400E+02    3.95388E+01    6.73763E-18
    7.36500E+02    4.00379E+01    4.09043E-18
    7.36600E+02    4.05038E+01    2.56693E-18
    7.36700E+02    4.09993E+01    1.56403E-18
    7.36800E+02    4.15061E+01    9.42185E-19
    7.36900E+02    4.20220E+01    5.62426E-19
    7.37000E+02    4.25520E+01    3.31058E-19
    7.37100E+02    4.30904E+01    1.93236E-19
    7.37200E+02    4.36419E+01    1.11312E-19
    7.37300E+02    4.42035E+01    6.34819E-20
    7.37400E+02    4.47744E+01    3.58709E-20
    7.37500E+02    4.53575E+01    2.00207E-20
    7.37600E+02    4.59570E+01    1.09934E-20
    7.37700E+02    4.65647E+01    5.98672E-21
    7.37800E+02    4.71848E+01    3.22037E-21
    7.37900E+02    4.78212E+01    1.70423E-21
    7.38000E+02    4.84699E+01    8.90804E-22
    7.38100E+02    4.91308E+01    4.60014E-22
    7.38200E+02    4.98081E+01    2.33667E-22
    7.38300E+02    5.05017E+01    1.16782E-22
    7.38400E+02    5.12078E+01    5.76421E-23
    7.38500E+02    5.19303E+01    2.79871E-23
    7.38600E+02    5.26692E+01    1.33678E-23
    7.38700E+02    5.34245E+01    6.28079E-24
    7.38800E+02    5.42004E+01    2.89116E-24
    7.38900E+02    5.49887E+01    1.31429E-24
    7.39000E+02    5.57977E+01    5.85302E-25
    7.39100E+02    5.66272E+01    2.55335E-25
    7.39200E+02    5.74736E+01    1.09531E-25
    7.39300E+02    5.83408E+01    4.60171E-26
    7.39400E+02    5.92286E+01    1.89376E-26
    7.39500E+02    6.01367E+01    7.63761E-27
    7.39600E+02    6.10701E+01    3.00325E-27
    7.39700E+02    6.20210E+01    1.16047E-27
    7.39800E+02    6.30016E+01    4.35256E-28
    7.39900E+02    6.40051E+01    1.59572E-28
    7.40000E+02    6.50434E+01    5.64953E-29
    7.40100E+02    6.61075E+01    1.94934E-29
    7.40200E+02    6.72201E+01    6.40763E-30
    7.40300E+02    6.84573E+01    1.85941E-30
    7.40400E+02    6.97574E+01    5.06681E-31
    7.40500E+02    7.06447E+01    2.08632E-31
    7.40600E+02    7.17863E+01    6.66176E-32
    7.40700E+02    7.29947E+01    1.98971E-32
    7.40800E+02    7.42423E+01    5.71462E-33
    7.40900E+02    7.55318E+01    1.57386E-33
    7.41000E+02    7.68570E+01    4.18228E-34
    7.41100E+02    7.82172E+01    1.07322E-34
    7.41200E+02    7.96202E+01    2.63880E-35
    7.41300E+02    8.10621E+01    6.23998E-36
    7.41400E+02    8.25430E+01    1.41920E-36
    7.41500E+02    8.40693E+01    3.08447E-37
    7.41600E+02    8.56378E+01    6.42648E-38
    7.41700E+02    8.72499E+01    1.28184E-38
    7.41800E+02    8.89136E+01    2.42840E-39
    7.41900E+02    9.06289E+01    4.36881E-40
    7.42000E+02    9.23924E+01    7.49032E-41
    7.42100E+02    9.42131E+01    1.21277E-41
    7.42200E+02    9.60971E+01    1.84318E-42
    7.42300E+02    9.80458E+01    2.62579E-43
    7.42400E+02    1.00017E+02    3.65559E-44
    7.42500E+02    1.02072E+02    4.68586E-45
    7.42600E+02    1.04199E+02    5.58671E-46
    7.42700E+02    1.06393E+02    6.22754E-47
    7.42800E+02    1.08667E+02    6.40546E-48
    7.42900E+02    1.11004E+02    6.19081E-49
    7.43000E+02    1.13428E+02    5.48256E-50
    7.43100E+02    1.15942E+02    4.43579E-51
    7.43200E+02    1.18548E+02    3.27630E-52
    7.43300E+02    1.21209E+02    2.28863E-53
    7.43400E+02    1.23986E+02    1.42459E-54
    7.43500E+02    1.26862E+02    8.02389E-56
    7.43600E+02    1.29842E+02    4.07727E-57
    7.43700E+02    1.32934E+02    1.85084E-58
    7.43800E+02    1.36136E+02    7.53434E-60
    7.43900E+02    1.39458E+02    2.71706E-61
    7.44000E+02    1.42906E+02    8.64470E-63
    7.44100E+02    1.46483E+02    2.41745E-64
    7.44200E+02    1.50192E+02    5.92168E-66
    7.44300E+02    1.54041E+02    1.26152E-67
    7.44400E+02    1.58031E+02    2.33358E-69
    7.44500E+02    1.62168E+02    3.72546E-71
    7.44600E+02    1.66453E+02    5.13351E-73
    7.44700E+02    1.70897E+02    6.03246E-75
    7.44800E+02    1.75489E+02    6.11082E-77
    7.44900E+02    1.80243E+02    5.26699E-79
    7.45000E+02    1.85147E+02    3.90447E-81
    7.45100E+02    1.90206E+02    2.48160E-83
    7.45200E+02    1.95414E+02    1.35768E-85
    7.45300E+02    2.00763E+02    6.45355E-88
    7.45400E+02    2.06234E+02    2.71472E-90
    7.45500E+02    2.11853E+02    9.85282E-93
    7.45600E+02    2.17669E+02    2.93514E-95
    7.45700E+02    2.23703E+02    7.02805E-98
    7.45800E+02    2.29991E+02    1.30721E-100
    7.45900E+02    2.36561E+02    1.83178E-100
    7.46000E+02    2.43382E+02    1.99832E-100
    7.46100E+02    2.50549E+02    1.54131E-100
    7.46200E+02    2.58072E+02    8.33553E-100
    7.46300E+02    2.65972E+02    3.09032E-100
    7.46400E+02    2.74277E+02    7.63498E-100
    7.46500E+02    2.83102E+02    1.12298E-100
    7.46600E+02    2.92196E+02    1.26163E-100
    7.46700E+02    3.01862E+02    8.00023E-100
    7.46800E+02    3.12139E+02    2.75328E-100
    7.46900E+02    3.23090E+02    4.82831E-100
    7.47000E+02    3.34083E+02    8.11749E-100
    7.47100E+02    3.45955E+02    5.67047E-100
    7.47200E+02    3.58522E+02    1.97551E-100
    7.47300E+02    3.71813E+02    3.34083E-100
    7.47400E+02    3.85848E+02    2.68202E-100
    7.47500E+02    4.00694E+02    9.56925E-100
    7.47600E+02    4.16400E+02    1.44408E-100
    7.47700E+02    4.33057E+02    8.43146E-100
    7.47800E+02    4.50682E+02    1.86817E-100
    7.47900E+02    4.69354E+02    1.45274E-100
    7.48000E+02    4.89191E+02    3.52401E-100
    7.48100E+02    5.10271E+02    2.46611E-100
    7.48200E+02    5.32634E+02    4.78795E-100
    7.48300E+02    5.56433E+02    2.20846E-100
    7.48400E+02    5.81753E+02    2.22864E-100
    7.48500E+02    6.08769E+02    4.12114E-100
    7.48600E+02    6.37562E+02    1.28895E-100
    7.48700E+02    6.68656E+02    4.04201E-100
    7.48800E+02    7.01053E+02    3.44062E-100
    7.48900E+02    7.36013E+02    2.25788E-100
    7.49000E+02    7.73499E+02    0.00000E+00
    7.49100E+02    8.13679E+02    0.00000E+00
    7.49200E+02    8.56743E+02    0.00000E+00
    7.49300E+02    9.02973E+02    0.00000E+00
    7.49400E+02    9.52566E+02    0.00000E+00
    7.49500E+02    1.00588E+03    0.00000E+00
    7.49600E+02    1.06317E+03    0.00000E+00
    7.49700E+02    1.12477E+03    0.00000E+00
    7.49800E+02    1.19106E+03    0.00000E+00
    7.49900E+02    1.26232E+03    0.00000E+00

