#	Freq	Err	Trans
    2.99900E+02    3.07379E-01    7.35372E-01
    3.00000E+02    3.07778E-01    7.35079E-01
    3.00100E+02    3.08348E-01    7.34659E-01
    3.00200E+02    3.08908E-01    7.34249E-01
    3.00300E+02    3.09641E-01    7.33710E-01
    3.00400E+02    3.10786E-01    7.32870E-01
    3.00500E+02    3.12925E-01    7.31305E-01
    3.00600E+02    3.19072E-01    7.26823E-01
    3.00700E+02    3.42516E-01    7.09982E-01
    3.00800E+02    3.17680E-01    7.27835E-01
    3.00900E+02    3.14812E-01    7.29926E-01
    3.01000E+02    3.14401E-01    7.30226E-01
    3.01100E+02    3.14742E-01    7.29977E-01
    3.01200E+02    3.15605E-01    7.29347E-01
    3.01300E+02    3.17072E-01    7.28279E-01
    3.01400E+02    3.19407E-01    7.26580E-01
    3.01500E+02    3.23459E-01    7.23642E-01
    3.01600E+02    3.31828E-01    7.17610E-01
    3.01700E+02    3.55625E-01    7.00736E-01
    3.01800E+02    5.21739E-01    5.93488E-01
    3.01900E+02    3.70745E-01    6.90220E-01
    3.02000E+02    3.37467E-01    7.13575E-01
    3.02100E+02    3.27917E-01    7.20423E-01
    3.02200E+02    3.24125E-01    7.23160E-01
    3.02300E+02    3.22473E-01    7.24355E-01
    3.02400E+02    3.21845E-01    7.24810E-01
    3.02500E+02    3.21888E-01    7.24779E-01
    3.02600E+02    3.22284E-01    7.24492E-01
    3.02700E+02    3.23104E-01    7.23899E-01
    3.02800E+02    3.24665E-01    7.22769E-01
    3.02900E+02    3.27694E-01    7.20584E-01
    3.03000E+02    3.34833E-01    7.15458E-01
    3.03100E+02    3.60461E-01    6.97355E-01
    3.03200E+02    3.85832E-01    6.79884E-01
    3.03300E+02    3.39896E-01    7.11844E-01
    3.03400E+02    3.31116E-01    7.18122E-01
    3.03500E+02    3.28266E-01    7.20172E-01
    3.03600E+02    3.27383E-01    7.20808E-01
    3.03700E+02    3.26603E-01    7.21370E-01
    3.03800E+02    3.26529E-01    7.21424E-01
    3.03900E+02    3.26733E-01    7.21277E-01
    3.04000E+02    3.27035E-01    7.21059E-01
    3.04100E+02    3.27450E-01    7.20760E-01
    3.04200E+02    3.27950E-01    7.20399E-01
    3.04300E+02    3.28520E-01    7.19988E-01
    3.04400E+02    3.29162E-01    7.19526E-01
    3.04500E+02    3.29885E-01    7.19007E-01
    3.04600E+02    3.30723E-01    7.18404E-01
    3.04700E+02    3.31779E-01    7.17646E-01
    3.04800E+02    3.33754E-01    7.16230E-01
    3.04900E+02    3.33258E-01    7.16585E-01
    3.05000E+02    3.33132E-01    7.16676E-01
    3.05100E+02    3.33364E-01    7.16509E-01
    3.05200E+02    3.33657E-01    7.16300E-01
    3.05300E+02    3.34051E-01    7.16017E-01
    3.05400E+02    3.34503E-01    7.15694E-01
    3.05500E+02    3.34994E-01    7.15342E-01
    3.05600E+02    3.35520E-01    7.14966E-01
    3.05700E+02    3.36068E-01    7.14575E-01
    3.05800E+02    3.36639E-01    7.14166E-01
    3.05900E+02    3.37245E-01    7.13734E-01
    3.06000E+02    3.37876E-01    7.13284E-01
    3.06100E+02    3.38467E-01    7.12862E-01
    3.06200E+02    3.39104E-01    7.12408E-01
    3.06300E+02    3.39752E-01    7.11947E-01
    3.06400E+02    3.40423E-01    7.11469E-01
    3.06500E+02    3.41087E-01    7.10997E-01
    3.06600E+02    3.41776E-01    7.10508E-01
    3.06700E+02    3.42479E-01    7.10008E-01
    3.06800E+02    3.43202E-01    7.09495E-01
    3.06900E+02    3.44010E-01    7.08922E-01
    3.07000E+02    3.44693E-01    7.08437E-01
    3.07100E+02    3.45405E-01    7.07933E-01
    3.07200E+02    3.46171E-01    7.07391E-01
    3.07300E+02    3.47182E-01    7.06677E-01
    3.07400E+02    3.48049E-01    7.06064E-01
    3.07500E+02    3.49018E-01    7.05380E-01
    3.07600E+02    3.49607E-01    7.04965E-01
    3.07700E+02    3.50364E-01    7.04432E-01
    3.07800E+02    3.51175E-01    7.03861E-01
    3.07900E+02    3.52014E-01    7.03270E-01
    3.08000E+02    3.52861E-01    7.02675E-01
    3.08100E+02    3.53729E-01    7.02065E-01
    3.08200E+02    3.54622E-01    7.01439E-01
    3.08300E+02    3.55542E-01    7.00794E-01
    3.08400E+02    3.56521E-01    7.00108E-01
    3.08500E+02    3.57771E-01    6.99233E-01
    3.08600E+02    3.59128E-01    6.98285E-01
    3.08700E+02    3.59438E-01    6.98068E-01
    3.08800E+02    3.60441E-01    6.97369E-01
    3.08900E+02    3.61472E-01    6.96650E-01
    3.09000E+02    3.62291E-01    6.96080E-01
    3.09100E+02    3.63304E-01    6.95375E-01
    3.09200E+02    3.64411E-01    6.94605E-01
    3.09300E+02    3.65531E-01    6.93828E-01
    3.09400E+02    3.66803E-01    6.92946E-01
    3.09500E+02    3.67792E-01    6.92261E-01
    3.09600E+02    3.69044E-01    6.91395E-01
    3.09700E+02    3.70472E-01    6.90409E-01
    3.09800E+02    3.72275E-01    6.89165E-01
    3.09900E+02    3.74979E-01    6.87303E-01
    3.10000E+02    3.82311E-01    6.82283E-01
    3.10100E+02    3.89029E-01    6.77715E-01
    3.10200E+02    3.79333E-01    6.84318E-01
    3.10300E+02    3.78489E-01    6.84895E-01
    3.10400E+02    3.78813E-01    6.84674E-01
    3.10500E+02    3.79636E-01    6.84110E-01
    3.10600E+02    3.80622E-01    6.83436E-01
    3.10700E+02    3.81702E-01    6.82698E-01
    3.10800E+02    3.82839E-01    6.81923E-01
    3.10900E+02    3.84016E-01    6.81120E-01
    3.11000E+02    3.85236E-01    6.80290E-01
    3.11100E+02    3.86544E-01    6.79401E-01
    3.11200E+02    3.87779E-01    6.78562E-01
    3.11300E+02    3.89039E-01    6.77708E-01
    3.11400E+02    3.90357E-01    6.76815E-01
    3.11500E+02    3.91726E-01    6.75890E-01
    3.11600E+02    3.93208E-01    6.74889E-01
    3.11700E+02    3.94621E-01    6.73935E-01
    3.11800E+02    3.96008E-01    6.73001E-01
    3.11900E+02    3.97460E-01    6.72025E-01
    3.12000E+02    3.98985E-01    6.71001E-01
    3.12100E+02    4.00552E-01    6.69950E-01
    3.12200E+02    4.02158E-01    6.68875E-01
    3.12300E+02    4.03811E-01    6.67771E-01
    3.12400E+02    4.05509E-01    6.66638E-01
    3.12500E+02    4.07301E-01    6.65444E-01
    3.12600E+02    4.09099E-01    6.64248E-01
    3.12700E+02    4.10840E-01    6.63093E-01
    3.12800E+02    4.12703E-01    6.61859E-01
    3.12900E+02    4.14882E-01    6.60418E-01
    3.13000E+02    4.16557E-01    6.59313E-01
    3.13100E+02    4.18512E-01    6.58025E-01
    3.13200E+02    4.20467E-01    6.56740E-01
    3.13300E+02    4.22523E-01    6.55391E-01
    3.13400E+02    4.24645E-01    6.54002E-01
    3.13500E+02    4.26856E-01    6.52558E-01
    3.13600E+02    4.29242E-01    6.51002E-01
    3.13700E+02    4.31164E-01    6.49752E-01
    3.13800E+02    4.33387E-01    6.48310E-01
    3.13900E+02    4.35716E-01    6.46801E-01
    3.14000E+02    4.38626E-01    6.44922E-01
    3.14100E+02    4.40303E-01    6.43841E-01
    3.14200E+02    4.42631E-01    6.42344E-01
    3.14300E+02    4.45065E-01    6.40782E-01
    3.14400E+02    4.47578E-01    6.39174E-01
    3.14500E+02    4.50169E-01    6.37520E-01
    3.14600E+02    4.52847E-01    6.35816E-01
    3.14700E+02    4.55618E-01    6.34056E-01
    3.14800E+02    4.58495E-01    6.32235E-01
    3.14900E+02    4.61489E-01    6.30345E-01
    3.15000E+02    4.64624E-01    6.28371E-01
    3.15100E+02    4.67953E-01    6.26283E-01
    3.15200E+02    4.71412E-01    6.24120E-01
    3.15300E+02    4.75163E-01    6.21784E-01
    3.15400E+02    4.79320E-01    6.19204E-01
    3.15500E+02    4.84150E-01    6.16220E-01
    3.15600E+02    4.90331E-01    6.12424E-01
    3.15700E+02    5.00111E-01    6.06463E-01
    3.15800E+02    5.25724E-01    5.91127E-01
    3.15900E+02    5.79014E-01    5.60451E-01
    3.16000E+02    5.22441E-01    5.93071E-01
    3.16100E+02    5.20894E-01    5.93990E-01
    3.16200E+02    5.34219E-01    5.86127E-01
    3.16300E+02    6.07008E-01    5.44979E-01
    3.16400E+02    5.60814E-01    5.70744E-01
    3.16500E+02    5.38012E-01    5.83908E-01
    3.16600E+02    5.36854E-01    5.84584E-01
    3.16700E+02    5.46085E-01    5.79213E-01
    3.16800E+02    5.40622E-01    5.82386E-01
    3.16900E+02    5.43869E-01    5.80498E-01
    3.17000E+02    5.48924E-01    5.77571E-01
    3.17100E+02    5.56273E-01    5.73342E-01
    3.17200E+02    5.78899E-01    5.60515E-01
    3.17300E+02    5.66854E-01    5.67308E-01
    3.17400E+02    5.70702E-01    5.65129E-01
    3.17500E+02    5.76268E-01    5.61992E-01
    3.17600E+02    5.82526E-01    5.58486E-01
    3.17700E+02    5.89245E-01    5.54746E-01
    3.17800E+02    5.96320E-01    5.50835E-01
    3.17900E+02    6.03727E-01    5.46770E-01
    3.18000E+02    6.11499E-01    5.42537E-01
    3.18100E+02    6.19696E-01    5.38108E-01
    3.18200E+02    6.28172E-01    5.33566E-01
    3.18300E+02    6.37099E-01    5.28824E-01
    3.18400E+02    6.46453E-01    5.23901E-01
    3.18500E+02    6.56301E-01    5.18767E-01
    3.18600E+02    6.66509E-01    5.13498E-01
    3.18700E+02    6.77298E-01    5.07988E-01
    3.18800E+02    6.88631E-01    5.02263E-01
    3.18900E+02    7.00558E-01    4.96308E-01
    3.19000E+02    7.13105E-01    4.90120E-01
    3.19100E+02    7.26345E-01    4.83674E-01
    3.19200E+02    7.40439E-01    4.76905E-01
    3.19300E+02    7.55248E-01    4.69894E-01
    3.19400E+02    7.71112E-01    4.62498E-01
    3.19500E+02    7.87821E-01    4.54835E-01
    3.19600E+02    8.06041E-01    4.46623E-01
    3.19700E+02    8.26338E-01    4.37649E-01
    3.19800E+02    8.50550E-01    4.27180E-01
    3.19900E+02    8.87239E-01    4.11791E-01
    3.20000E+02    1.04487E+00    3.51739E-01
    3.20100E+02    9.29243E-01    3.94852E-01
    3.20200E+02    9.38154E-01    3.91350E-01
    3.20300E+02    9.58606E-01    3.83427E-01
    3.20400E+02    9.83107E-01    3.74147E-01
    3.20500E+02    1.00985E+00    3.64272E-01
    3.20600E+02    1.03850E+00    3.53986E-01
    3.20700E+02    1.06857E+00    3.43498E-01
    3.20800E+02    1.09998E+00    3.32877E-01
    3.20900E+02    1.13245E+00    3.22243E-01
    3.21000E+02    1.16580E+00    3.11673E-01
    3.21100E+02    1.19988E+00    3.01232E-01
    3.21200E+02    1.23431E+00    2.91035E-01
    3.21300E+02    1.26921E+00    2.81055E-01
    3.21400E+02    1.30500E+00    2.71173E-01
    3.21500E+02    1.34220E+00    2.61271E-01
    3.21600E+02    1.38107E+00    2.51310E-01
    3.21700E+02    1.42239E+00    2.41136E-01
    3.21800E+02    1.46663E+00    2.30702E-01
    3.21900E+02    1.51443E+00    2.19934E-01
    3.22000E+02    1.56847E+00    2.08363E-01
    3.22100E+02    1.62214E+00    1.97477E-01
    3.22200E+02    1.68191E+00    1.86018E-01
    3.22300E+02    1.74696E+00    1.74302E-01
    3.22400E+02    1.81788E+00    1.62369E-01
    3.22500E+02    1.89490E+00    1.50333E-01
    3.22600E+02    1.97850E+00    1.38277E-01
    3.22700E+02    2.06944E+00    1.26256E-01
    3.22800E+02    2.16778E+00    1.14431E-01
    3.22900E+02    2.27483E+00    1.02815E-01
    3.23000E+02    2.39109E+00    9.15299E-02
    3.23100E+02    2.51735E+00    8.06732E-02
    3.23200E+02    2.65444E+00    7.03383E-02
    3.23300E+02    2.80315E+00    6.06188E-02
    3.23400E+02    2.96440E+00    5.15912E-02
    3.23500E+02    3.13907E+00    4.33229E-02
    3.23600E+02    3.32808E+00    3.58618E-02
    3.23700E+02    3.53713E+00    2.90967E-02
    3.23800E+02    3.75037E+00    2.35090E-02
    3.23900E+02    3.98416E+00    1.86081E-02
    3.24000E+02    4.23362E+00    1.44999E-02
    3.24100E+02    4.49791E+00    1.11323E-02
    3.24200E+02    4.77610E+00    8.42879E-03
    3.24300E+02    5.06513E+00    6.31309E-03
    3.24400E+02    5.36206E+00    4.69124E-03
    3.24500E+02    5.66183E+00    3.47615E-03
    3.24600E+02    5.95805E+00    2.58496E-03
    3.24700E+02    6.24200E+00    1.94596E-03
    3.24800E+02    6.50293E+00    1.49905E-03
    3.24900E+02    6.72843E+00    1.19641E-03
    3.25000E+02    6.90317E+00    1.00460E-03
    3.25100E+02    7.00990E+00    9.02903E-04
    3.25200E+02    7.01706E+00    8.96458E-04
    3.25300E+02    6.92226E+00    9.85600E-04
    3.25400E+02    6.75825E+00    1.16126E-03
    3.25500E+02    6.54165E+00    1.44211E-03
    3.25600E+02    6.28825E+00    1.85801E-03
    3.25700E+02    6.01000E+00    2.45408E-03
    3.25800E+02    5.71863E+00    3.28421E-03
    3.25900E+02    5.42227E+00    4.41710E-03
    3.26000E+02    5.12789E+00    5.92905E-03
    3.26100E+02    4.84038E+00    7.90404E-03
    3.26200E+02    4.56323E+00    1.04283E-02
    3.26300E+02    4.29946E+00    1.35758E-02
    3.26400E+02    4.05136E+00    1.73986E-02
    3.26500E+02    3.81977E+00    2.19329E-02
    3.26600E+02    3.60109E+00    2.72939E-02
    3.26700E+02    3.40512E+00    3.32028E-02
    3.26800E+02    3.24426E+00    3.89975E-02
    3.26900E+02    3.33818E+00    3.55013E-02
    3.27000E+02    2.90407E+00    5.48000E-02
    3.27100E+02    2.72144E+00    6.57801E-02
    3.27200E+02    2.57126E+00    7.64392E-02
    3.27300E+02    2.43723E+00    8.74023E-02
    3.27400E+02    2.31517E+00    9.87489E-02
    3.27500E+02    2.20332E+00    1.10436E-01
    3.27600E+02    2.10088E+00    1.22349E-01
    3.27700E+02    2.00876E+00    1.34155E-01
    3.27800E+02    1.93294E+00    1.44722E-01
    3.27900E+02    1.84779E+00    1.57584E-01
    3.28000E+02    1.76105E+00    1.71864E-01
    3.28100E+02    1.68789E+00    1.84910E-01
    3.28200E+02    1.62134E+00    1.97633E-01
    3.28300E+02    1.55983E+00    2.10172E-01
    3.28400E+02    1.50271E+00    2.22526E-01
    3.28500E+02    1.44965E+00    2.34651E-01
    3.28600E+02    1.40002E+00    2.46592E-01
    3.28700E+02    1.35370E+00    2.58282E-01
    3.28800E+02    1.31047E+00    2.69692E-01
    3.28900E+02    1.26998E+00    2.80838E-01
    3.29000E+02    1.23208E+00    2.91686E-01
    3.29100E+02    1.19659E+00    3.02223E-01
    3.29200E+02    1.16314E+00    3.12503E-01
    3.29300E+02    1.13187E+00    3.22431E-01
    3.29400E+02    1.10220E+00    3.32139E-01
    3.29500E+02    1.07441E+00    3.41499E-01
    3.29600E+02    1.04834E+00    3.50518E-01
    3.29700E+02    1.02370E+00    3.59262E-01
    3.29800E+02    1.00126E+00    3.67417E-01
    3.29900E+02    9.78231E-01    3.75976E-01
    3.30000E+02    9.57260E-01    3.83943E-01
    3.30100E+02    9.37519E-01    3.91598E-01
    3.30200E+02    9.18851E-01    3.98977E-01
    3.30300E+02    9.01153E-01    4.06101E-01
    3.30400E+02    8.84392E-01    4.12965E-01
    3.30500E+02    8.68453E-01    4.19600E-01
    3.30600E+02    8.53365E-01    4.25979E-01
    3.30700E+02    8.39024E-01    4.32132E-01
    3.30800E+02    8.25361E-01    4.38077E-01
    3.30900E+02    8.12402E-01    4.43791E-01
    3.31000E+02    8.00112E-01    4.49279E-01
    3.31100E+02    7.88373E-01    4.54584E-01
    3.31200E+02    7.77167E-01    4.59706E-01
    3.31300E+02    7.66528E-01    4.64623E-01
    3.31400E+02    7.56402E-01    4.69352E-01
    3.31500E+02    7.46804E-01    4.73879E-01
    3.31600E+02    7.37675E-01    4.78225E-01
    3.31700E+02    7.29068E-01    4.82358E-01
    3.31800E+02    7.21563E-01    4.85992E-01
    3.31900E+02    7.13042E-01    4.90151E-01
    3.32000E+02    7.05694E-01    4.93766E-01
    3.32100E+02    6.99122E-01    4.97021E-01
    3.32200E+02    6.92955E-01    5.00096E-01
    3.32300E+02    6.87939E-01    5.02611E-01
    3.32400E+02    6.84749E-01    5.04217E-01
    3.32500E+02    6.85709E-01    5.03733E-01
    3.32600E+02    7.00816E-01    4.96180E-01
    3.32700E+02    8.67185E-01    4.20132E-01
    3.32800E+02    7.08437E-01    4.92413E-01
    3.32900E+02    7.17307E-01    4.88065E-01
    3.33000E+02    6.61908E-01    5.15866E-01
    3.33100E+02    6.46999E-01    5.23615E-01
    3.33200E+02    6.38180E-01    5.28253E-01
    3.33300E+02    6.31496E-01    5.31796E-01
    3.33400E+02    6.25888E-01    5.34786E-01
    3.33500E+02    6.20846E-01    5.37489E-01
    3.33600E+02    6.16284E-01    5.39947E-01
    3.33700E+02    6.12014E-01    5.42258E-01
    3.33800E+02    6.08044E-01    5.44415E-01
    3.33900E+02    6.04357E-01    5.46426E-01
    3.34000E+02    6.00830E-01    5.48357E-01
    3.34100E+02    5.97235E-01    5.50331E-01
    3.34200E+02    5.93935E-01    5.52151E-01
    3.34300E+02    5.90844E-01    5.53859E-01
    3.34400E+02    5.87852E-01    5.55519E-01
    3.34500E+02    5.85049E-01    5.57079E-01
    3.34600E+02    5.82378E-01    5.58569E-01
    3.34700E+02    5.79879E-01    5.59966E-01
    3.34800E+02    5.77526E-01    5.61285E-01
    3.34900E+02    5.75454E-01    5.62450E-01
    3.35000E+02    5.73832E-01    5.63363E-01
    3.35100E+02    5.73383E-01    5.63615E-01
    3.35200E+02    5.77751E-01    5.61159E-01
    3.35300E+02    5.86799E-01    5.56104E-01
    3.35400E+02    5.68563E-01    5.66339E-01
    3.35500E+02    5.63749E-01    5.69071E-01
    3.35600E+02    5.60909E-01    5.70690E-01
    3.35700E+02    5.58958E-01    5.71805E-01
    3.35800E+02    5.56389E-01    5.73275E-01
    3.35900E+02    5.54859E-01    5.74153E-01
    3.36000E+02    5.52575E-01    5.75466E-01
    3.36100E+02    5.50781E-01    5.76499E-01
    3.36200E+02    5.49496E-01    5.77240E-01
    3.36300E+02    5.47475E-01    5.78408E-01
    3.36400E+02    5.45890E-01    5.79326E-01
    3.36500E+02    5.44395E-01    5.80193E-01
    3.36600E+02    5.42980E-01    5.81014E-01
    3.36700E+02    5.41610E-01    5.81811E-01
    3.36800E+02    5.40309E-01    5.82568E-01
    3.36900E+02    5.39080E-01    5.83285E-01
    3.37000E+02    5.37882E-01    5.83984E-01
    3.37100E+02    5.36874E-01    5.84573E-01
    3.37200E+02    5.35778E-01    5.85214E-01
    3.37300E+02    5.34695E-01    5.85848E-01
    3.37400E+02    5.33693E-01    5.86435E-01
    3.37500E+02    5.32872E-01    5.86917E-01
    3.37600E+02    5.32289E-01    5.87259E-01
    3.37700E+02    5.31165E-01    5.87920E-01
    3.37800E+02    5.30093E-01    5.88550E-01
    3.37900E+02    5.29235E-01    5.89055E-01
    3.38000E+02    5.28454E-01    5.89516E-01
    3.38100E+02    5.27745E-01    5.89934E-01
    3.38200E+02    5.27054E-01    5.90342E-01
    3.38300E+02    5.26482E-01    5.90680E-01
    3.38400E+02    5.25864E-01    5.91045E-01
    3.38500E+02    5.25283E-01    5.91388E-01
    3.38600E+02    5.24892E-01    5.91619E-01
    3.38700E+02    5.25740E-01    5.91118E-01
    3.38800E+02    5.24097E-01    5.92090E-01
    3.38900E+02    5.23312E-01    5.92555E-01
    3.39000E+02    5.22745E-01    5.92891E-01
    3.39100E+02    5.22286E-01    5.93163E-01
    3.39200E+02    5.21880E-01    5.93404E-01
    3.39300E+02    5.21505E-01    5.93626E-01
    3.39400E+02    5.21164E-01    5.93829E-01
    3.39500E+02    5.20847E-01    5.94017E-01
    3.39600E+02    5.20559E-01    5.94188E-01
    3.39700E+02    5.20296E-01    5.94345E-01
    3.39800E+02    5.20072E-01    5.94478E-01
    3.39900E+02    5.19880E-01    5.94592E-01
    3.40000E+02    5.19652E-01    5.94727E-01
    3.40100E+02    5.19474E-01    5.94833E-01
    3.40200E+02    5.19324E-01    5.94923E-01
    3.40300E+02    5.19195E-01    5.94999E-01
    3.40400E+02    5.19092E-01    5.95060E-01
    3.40500E+02    5.19024E-01    5.95101E-01
    3.40600E+02    5.19055E-01    5.95083E-01
    3.40700E+02    5.19320E-01    5.94925E-01
    3.40800E+02    5.18906E-01    5.95172E-01
    3.40900E+02    5.18848E-01    5.95206E-01
    3.41000E+02    5.18838E-01    5.95212E-01
    3.41100E+02    5.18857E-01    5.95201E-01
    3.41200E+02    5.18899E-01    5.95176E-01
    3.41300E+02    5.18961E-01    5.95139E-01
    3.41400E+02    5.19042E-01    5.95090E-01
    3.41500E+02    5.19146E-01    5.95029E-01
    3.41600E+02    5.19269E-01    5.94955E-01
    3.41700E+02    5.19420E-01    5.94866E-01
    3.41800E+02    5.19625E-01    5.94744E-01
    3.41900E+02    5.20009E-01    5.94515E-01
    3.42000E+02    5.20061E-01    5.94485E-01
    3.42100E+02    5.20753E-01    5.94073E-01
    3.42200E+02    5.20520E-01    5.94211E-01
    3.42300E+02    5.20785E-01    5.94054E-01
    3.42400E+02    5.21111E-01    5.93861E-01
    3.42500E+02    5.21532E-01    5.93611E-01
    3.42600E+02    5.21939E-01    5.93369E-01
    3.42700E+02    5.22523E-01    5.93023E-01
    3.42800E+02    5.23337E-01    5.92540E-01
    3.42900E+02    5.24565E-01    5.91812E-01
    3.43000E+02    5.26943E-01    5.90407E-01
    3.43100E+02    5.33577E-01    5.86503E-01
    3.43200E+02    5.60878E-01    5.70708E-01
    3.43300E+02    5.42340E-01    5.81386E-01
    3.43400E+02    5.32390E-01    5.87200E-01
    3.43500E+02    5.42338E-01    5.81387E-01
    3.43600E+02    5.29199E-01    5.89077E-01
    3.43700E+02    5.27160E-01    5.90279E-01
    3.43800E+02    5.26637E-01    5.90588E-01
    3.43900E+02    5.26593E-01    5.90614E-01
    3.44000E+02    5.26701E-01    5.90550E-01
    3.44100E+02    5.26937E-01    5.90411E-01
    3.44200E+02    5.27242E-01    5.90230E-01
    3.44300E+02    5.27595E-01    5.90022E-01
    3.44400E+02    5.27992E-01    5.89788E-01
    3.44500E+02    5.28422E-01    5.89535E-01
    3.44600E+02    5.28901E-01    5.89252E-01
    3.44700E+02    5.29369E-01    5.88977E-01
    3.44800E+02    5.29908E-01    5.88659E-01
    3.44900E+02    5.30424E-01    5.88355E-01
    3.45000E+02    5.30878E-01    5.88089E-01
    3.45100E+02    5.31398E-01    5.87783E-01
    3.45200E+02    5.31945E-01    5.87461E-01
    3.45300E+02    5.32503E-01    5.87133E-01
    3.45400E+02    5.33081E-01    5.86794E-01
    3.45500E+02    5.33670E-01    5.86449E-01
    3.45600E+02    5.34276E-01    5.86094E-01
    3.45700E+02    5.34891E-01    5.85733E-01
    3.45800E+02    5.35518E-01    5.85366E-01
    3.45900E+02    5.36163E-01    5.84989E-01
    3.46000E+02    5.36816E-01    5.84607E-01
    3.46100E+02    5.37493E-01    5.84211E-01
    3.46200E+02    5.38175E-01    5.83813E-01
    3.46300E+02    5.38844E-01    5.83422E-01
    3.46400E+02    5.39560E-01    5.83005E-01
    3.46500E+02    5.40246E-01    5.82605E-01
    3.46600E+02    5.41002E-01    5.82165E-01
    3.46700E+02    5.41724E-01    5.81745E-01
    3.46800E+02    5.42514E-01    5.81285E-01
    3.46900E+02    5.43336E-01    5.80808E-01
    3.47000E+02    5.44030E-01    5.80405E-01
    3.47100E+02    5.44840E-01    5.79934E-01
    3.47200E+02    5.45863E-01    5.79341E-01
    3.47300E+02    5.46495E-01    5.78976E-01
    3.47400E+02    5.47205E-01    5.78564E-01
    3.47500E+02    5.48002E-01    5.78104E-01
    3.47600E+02    5.48856E-01    5.77610E-01
    3.47700E+02    5.49754E-01    5.77092E-01
    3.47800E+02    5.50995E-01    5.76376E-01
    3.47900E+02    5.51498E-01    5.76086E-01
    3.48000E+02    5.52424E-01    5.75553E-01
    3.48100E+02    5.53231E-01    5.75089E-01
    3.48200E+02    5.54129E-01    5.74572E-01
    3.48300E+02    5.55028E-01    5.74056E-01
    3.48400E+02    5.55973E-01    5.73514E-01
    3.48500E+02    5.56940E-01    5.72959E-01
    3.48600E+02    5.57990E-01    5.72359E-01
    3.48700E+02    5.58849E-01    5.71867E-01
    3.48800E+02    5.59850E-01    5.71295E-01
    3.48900E+02    5.60846E-01    5.70726E-01
    3.49000E+02    5.62134E-01    5.69991E-01
    3.49100E+02    5.62893E-01    5.69559E-01
    3.49200E+02    5.63939E-01    5.68964E-01
    3.49300E+02    5.65027E-01    5.68345E-01
    3.49400E+02    5.66205E-01    5.67676E-01
    3.49500E+02    5.67601E-01    5.66884E-01
    3.49600E+02    5.69058E-01    5.66058E-01
    3.49700E+02    5.71898E-01    5.64453E-01
    3.49800E+02    5.72542E-01    5.64089E-01
    3.49900E+02    5.72190E-01    5.64288E-01
    3.50000E+02    5.72985E-01    5.63840E-01
    3.50100E+02    5.73978E-01    5.63280E-01
    3.50200E+02    5.75084E-01    5.62657E-01
    3.50300E+02    5.76250E-01    5.62002E-01
    3.50400E+02    5.77415E-01    5.61348E-01
    3.50500E+02    5.78639E-01    5.60661E-01
    3.50600E+02    5.79910E-01    5.59948E-01
    3.50700E+02    5.81168E-01    5.59245E-01
    3.50800E+02    5.82506E-01    5.58497E-01
    3.50900E+02    5.83858E-01    5.57743E-01
    3.51000E+02    5.85210E-01    5.56989E-01
    3.51100E+02    5.86645E-01    5.56190E-01
    3.51200E+02    5.88124E-01    5.55368E-01
    3.51300E+02    5.89661E-01    5.54515E-01
    3.51400E+02    5.91321E-01    5.53596E-01
    3.51500E+02    5.93153E-01    5.52582E-01
    3.51600E+02    5.94940E-01    5.51596E-01
    3.51700E+02    5.97094E-01    5.50409E-01
    3.51800E+02    5.99624E-01    5.49018E-01
    3.51900E+02    6.02979E-01    5.47179E-01
    3.52000E+02    6.07636E-01    5.44637E-01
    3.52100E+02    6.15726E-01    5.40249E-01
    3.52200E+02    6.34547E-01    5.30176E-01
    3.52300E+02    7.36149E-01    4.78955E-01
    3.52400E+02    6.63842E-01    5.14869E-01
    3.52500E+02    6.39472E-01    5.27571E-01
    3.52600E+02    6.74712E-01    5.09303E-01
    3.52700E+02    6.41792E-01    5.26348E-01
    3.52800E+02    7.14755E-01    4.89312E-01
    3.52900E+02    6.42833E-01    5.25801E-01
    3.53000E+02    6.26328E-01    5.34551E-01
    3.53100E+02    6.22385E-01    5.36663E-01
    3.53200E+02    6.21809E-01    5.36972E-01
    3.53300E+02    6.23044E-01    5.36309E-01
    3.53400E+02    6.22404E-01    5.36653E-01
    3.53500E+02    6.23323E-01    5.36160E-01
    3.53600E+02    6.24400E-01    5.35583E-01
    3.53700E+02    6.25818E-01    5.34824E-01
    3.53800E+02    6.27201E-01    5.34085E-01
    3.53900E+02    6.28747E-01    5.33259E-01
    3.54000E+02    6.30354E-01    5.32404E-01
    3.54100E+02    6.32132E-01    5.31458E-01
    3.54200E+02    6.33937E-01    5.30499E-01
    3.54300E+02    6.35827E-01    5.29498E-01
    3.54400E+02    6.37908E-01    5.28396E-01
    3.54500E+02    6.40327E-01    5.27120E-01
    3.54600E+02    6.42799E-01    5.25819E-01
    3.54700E+02    6.46042E-01    5.24116E-01
    3.54800E+02    6.50923E-01    5.21564E-01
    3.54900E+02    6.61478E-01    5.16088E-01
    3.55000E+02    7.18172E-01    4.87643E-01
    3.55100E+02    6.73304E-01    5.10020E-01
    3.55200E+02    6.61029E-01    5.16320E-01
    3.55300E+02    6.58556E-01    5.17598E-01
    3.55400E+02    6.58798E-01    5.17473E-01
    3.55500E+02    6.59872E-01    5.16917E-01
    3.55600E+02    6.61352E-01    5.16153E-01
    3.55700E+02    6.63107E-01    5.15248E-01
    3.55800E+02    6.65041E-01    5.14252E-01
    3.55900E+02    6.67133E-01    5.13178E-01
    3.56000E+02    6.69471E-01    5.11980E-01
    3.56100E+02    6.73010E-01    5.10171E-01
    3.56200E+02    6.73949E-01    5.09692E-01
    3.56300E+02    6.76477E-01    5.08405E-01
    3.56400E+02    6.81397E-01    5.05910E-01
    3.56500E+02    6.81662E-01    5.05776E-01
    3.56600E+02    6.83656E-01    5.04768E-01
    3.56700E+02    6.85998E-01    5.03587E-01
    3.56800E+02    6.88503E-01    5.02328E-01
    3.56900E+02    6.91245E-01    5.00952E-01
    3.57000E+02    6.94235E-01    4.99456E-01
    3.57100E+02    6.97520E-01    4.97818E-01
    3.57200E+02    7.01278E-01    4.95951E-01
    3.57300E+02    7.06250E-01    4.93491E-01
    3.57400E+02    7.12909E-01    4.90216E-01
    3.57500E+02    7.26876E-01    4.83417E-01
    3.57600E+02    7.90779E-01    4.53491E-01
    3.57700E+02    7.53534E-01    4.70700E-01
    3.57800E+02    7.31288E-01    4.81289E-01
    3.57900E+02    7.29122E-01    4.82332E-01
    3.58000E+02    7.33255E-01    4.80343E-01
    3.58100E+02    7.47299E-01    4.73644E-01
    3.58200E+02    8.76690E-01    4.16158E-01
    3.58300E+02    7.54215E-01    4.70380E-01
    3.58400E+02    7.47523E-01    4.73538E-01
    3.58500E+02    7.50922E-01    4.71931E-01
    3.58600E+02    7.60638E-01    4.67368E-01
    3.58700E+02    7.84557E-01    4.56322E-01
    3.58800E+02    8.76613E-01    4.16190E-01
    3.58900E+02    8.94293E-01    4.08897E-01
    3.59000E+02    7.95059E-01    4.51555E-01
    3.59100E+02    7.75848E-01    4.60313E-01
    3.59200E+02    7.70929E-01    4.62583E-01
    3.59300E+02    7.71272E-01    4.62424E-01
    3.59400E+02    7.75085E-01    4.60665E-01
    3.59500E+02    7.84912E-01    4.56160E-01
    3.59600E+02    8.25109E-01    4.38187E-01
    3.59700E+02    8.25846E-01    4.37865E-01
    3.59800E+02    7.92880E-01    4.52540E-01
    3.59900E+02    7.88601E-01    4.54480E-01
    3.60000E+02    7.88939E-01    4.54326E-01
    3.60100E+02    7.90542E-01    4.53599E-01
    3.60200E+02    7.93134E-01    4.52425E-01
    3.60300E+02    7.96268E-01    4.51009E-01
    3.60400E+02    7.99656E-01    4.49484E-01
    3.60500E+02    8.03282E-01    4.47857E-01
    3.60600E+02    8.07102E-01    4.46149E-01
    3.60700E+02    8.10925E-01    4.44447E-01
    3.60800E+02    8.14980E-01    4.42648E-01
    3.60900E+02    8.19271E-01    4.40753E-01
    3.61000E+02    8.23422E-01    4.38927E-01
    3.61100E+02    8.27949E-01    4.36944E-01
    3.61200E+02    8.32486E-01    4.34967E-01
    3.61300E+02    8.37359E-01    4.32852E-01
    3.61400E+02    8.42717E-01    4.30539E-01
    3.61500E+02    8.49464E-01    4.27644E-01
    3.61600E+02    8.62384E-01    4.22154E-01
    3.61700E+02    8.79263E-01    4.15089E-01
    3.61800E+02    8.65996E-01    4.20632E-01
    3.61900E+02    8.67396E-01    4.20044E-01
    3.62000E+02    8.71249E-01    4.18429E-01
    3.62100E+02    8.75940E-01    4.16470E-01
    3.62200E+02    8.81129E-01    4.14315E-01
    3.62300E+02    8.86728E-01    4.12002E-01
    3.62400E+02    8.91615E-01    4.09993E-01
    3.62500E+02    8.97202E-01    4.07709E-01
    3.62600E+02    9.03554E-01    4.05127E-01
    3.62700E+02    9.08911E-01    4.02963E-01
    3.62800E+02    9.15045E-01    4.00498E-01
    3.62900E+02    9.21615E-01    3.97876E-01
    3.63000E+02    9.28147E-01    3.95286E-01
    3.63100E+02    9.35743E-01    3.92294E-01
    3.63200E+02    9.43416E-01    3.89296E-01
    3.63300E+02    9.54050E-01    3.85178E-01
    3.63400E+02    9.76521E-01    3.76619E-01
    3.63500E+02    1.00827E+00    3.64851E-01
    3.63600E+02    9.81547E-01    3.74731E-01
    3.63700E+02    9.83831E-01    3.73876E-01
    3.63800E+02    9.87632E-01    3.72458E-01
    3.63900E+02    9.94990E-01    3.69727E-01
    3.64000E+02    1.00441E+00    3.66262E-01
    3.64100E+02    1.01628E+00    3.61940E-01
    3.64200E+02    1.03313E+00    3.55891E-01
    3.64300E+02    1.06488E+00    3.44768E-01
    3.64400E+02    1.18568E+00    3.05540E-01
    3.64500E+02    1.17977E+00    3.07348E-01
    3.64600E+02    1.08912E+00    3.36512E-01
    3.64700E+02    1.07540E+00    3.41163E-01
    3.64800E+02    1.07582E+00    3.41017E-01
    3.64900E+02    1.08102E+00    3.39251E-01
    3.65000E+02    1.08846E+00    3.36734E-01
    3.65100E+02    1.09720E+00    3.33805E-01
    3.65200E+02    1.10684E+00    3.30602E-01
    3.65300E+02    1.11780E+00    3.26999E-01
    3.65400E+02    1.12814E+00    3.23636E-01
    3.65500E+02    1.13961E+00    3.19944E-01
    3.65600E+02    1.15173E+00    3.16088E-01
    3.65700E+02    1.16457E+00    3.12056E-01
    3.65800E+02    1.17871E+00    3.07676E-01
    3.65900E+02    1.19244E+00    3.03480E-01
    3.66000E+02    1.20707E+00    2.99072E-01
    3.66100E+02    1.22292E+00    2.94370E-01
    3.66200E+02    1.23995E+00    2.89400E-01
    3.66300E+02    1.25821E+00    2.84164E-01
    3.66400E+02    1.27832E+00    2.78506E-01
    3.66500E+02    1.30122E+00    2.72199E-01
    3.66600E+02    1.32993E+00    2.64495E-01
    3.66700E+02    1.38008E+00    2.51557E-01
    3.66800E+02    1.47459E+00    2.28872E-01
    3.66900E+02    1.41480E+00    2.42975E-01
    3.67000E+02    1.43120E+00    2.39022E-01
    3.67100E+02    1.45991E+00    2.32258E-01
    3.67200E+02    1.49513E+00    2.24220E-01
    3.67300E+02    1.53653E+00    2.15127E-01
    3.67400E+02    1.58382E+00    2.05189E-01
    3.67500E+02    1.63849E+00    1.94273E-01
    3.67600E+02    1.70292E+00    1.82152E-01
    3.67700E+02    1.77944E+00    1.68732E-01
    3.67800E+02    1.87109E+00    1.53956E-01
    3.67900E+02    1.98414E+00    1.37499E-01
    3.68000E+02    2.12537E+00    1.19389E-01
    3.68100E+02    2.30904E+00    9.93563E-02
    3.68200E+02    2.55857E+00    7.74157E-02
    3.68300E+02    2.92711E+00    5.35514E-02
    3.68400E+02    3.55697E+00    2.85251E-02
    3.68500E+02    6.15633E+00    2.12002E-03
    3.68600E+02    3.56462E+00    2.83077E-02
    3.68700E+02    2.98140E+00    5.07216E-02
    3.68800E+02    2.65630E+00    7.02076E-02
    3.68900E+02    2.45017E+00    8.62793E-02
    3.69000E+02    2.30240E+00    1.00018E-01
    3.69100E+02    2.18941E+00    1.11982E-01
    3.69200E+02    2.11021E+00    1.21213E-01
    3.69300E+02    2.05257E+00    1.28404E-01
    3.69400E+02    2.01070E+00    1.33895E-01
    3.69500E+02    1.98100E+00    1.37932E-01
    3.69600E+02    1.96087E+00    1.40735E-01
    3.69700E+02    1.94835E+00    1.42509E-01
    3.69800E+02    1.94211E+00    1.43401E-01
    3.69900E+02    1.94113E+00    1.43541E-01
    3.70000E+02    1.94493E+00    1.42997E-01
    3.70100E+02    1.95196E+00    1.41995E-01
    3.70200E+02    1.96197E+00    1.40581E-01
    3.70300E+02    1.97525E+00    1.38726E-01
    3.70400E+02    1.99122E+00    1.36529E-01
    3.70500E+02    2.00976E+00    1.34021E-01
    3.70600E+02    2.03083E+00    1.31226E-01
    3.70700E+02    2.05481E+00    1.28118E-01
    3.70800E+02    2.08273E+00    1.24589E-01
    3.70900E+02    2.12026E+00    1.20000E-01
    3.71000E+02    2.22174E+00    1.08420E-01
    3.71100E+02    2.19148E+00    1.11751E-01
    3.71200E+02    2.19869E+00    1.10948E-01
    3.71300E+02    2.22437E+00    1.08135E-01
    3.71400E+02    2.25537E+00    1.04835E-01
    3.71500E+02    2.28931E+00    1.01337E-01
    3.71600E+02    2.32538E+00    9.77461E-02
    3.71700E+02    2.36345E+00    9.40953E-02
    3.71800E+02    2.40335E+00    9.04149E-02
    3.71900E+02    2.44503E+00    8.67236E-02
    3.72000E+02    2.48868E+00    8.30193E-02
    3.72100E+02    2.53394E+00    7.93455E-02
    3.72200E+02    2.58120E+00    7.56831E-02
    3.72300E+02    2.63046E+00    7.20453E-02
    3.72400E+02    2.68174E+00    6.84442E-02
    3.72500E+02    2.73514E+00    6.48846E-02
    3.72600E+02    2.79087E+00    6.13677E-02
    3.72700E+02    2.84878E+00    5.79150E-02
    3.72800E+02    2.90887E+00    5.45374E-02
    3.72900E+02    2.97177E+00    5.12124E-02
    3.73000E+02    3.03920E+00    4.78731E-02
    3.73100E+02    3.10511E+00    4.48195E-02
    3.73200E+02    3.17598E+00    4.17532E-02
    3.73300E+02    3.24952E+00    3.87927E-02
    3.73400E+02    3.32646E+00    3.59200E-02
    3.73500E+02    3.40693E+00    3.31427E-02
    3.73600E+02    3.49082E+00    3.04757E-02
    3.73700E+02    3.57820E+00    2.79259E-02
    3.73800E+02    3.66986E+00    2.54801E-02
    3.73900E+02    3.76554E+00    2.31552E-02
    3.74000E+02    3.86539E+00    2.09547E-02
    3.74100E+02    3.97021E+00    1.88694E-02
    3.74200E+02    4.07990E+00    1.69091E-02
    3.74300E+02    4.19524E+00    1.50671E-02
    3.74400E+02    4.31524E+00    1.33633E-02
    3.74500E+02    4.44153E+00    1.17778E-02
    3.74600E+02    4.57437E+00    1.03128E-02
    3.74700E+02    4.71425E+00    8.96659E-03
    3.74800E+02    4.86200E+00    7.73497E-03
    3.74900E+02    5.01926E+00    6.60939E-03
    3.75000E+02    5.19012E+00    5.57135E-03
    3.75100E+02    5.39372E+00    4.54505E-03
    3.75200E+02    5.66807E+00    3.45453E-03
    3.75300E+02    5.74061E+00    3.21282E-03
    3.75400E+02    5.92113E+00    2.68218E-03
    3.75500E+02    6.12501E+00    2.18746E-03
    3.75600E+02    6.34401E+00    1.75723E-03
    3.75700E+02    6.57776E+00    1.39095E-03
    3.75800E+02    6.82610E+00    1.08508E-03
    3.75900E+02    7.09109E+00    8.32491E-04
    3.76000E+02    7.37602E+00    6.26089E-04
    3.76100E+02    7.67213E+00    4.65626E-04
    3.76200E+02    8.00981E+00    3.32189E-04
    3.76300E+02    8.33468E+00    2.40046E-04
    3.76400E+02    8.67814E+00    1.70267E-04
    3.76500E+02    9.05602E+00    1.16686E-04
    3.76600E+02    9.46146E+00    7.77928E-05
    3.76700E+02    9.89528E+00    5.04121E-05
    3.76800E+02    1.03595E+01    3.16900E-05
    3.76900E+02    1.08564E+01    1.92804E-05
    3.77000E+02    1.13893E+01    1.13158E-05
    3.77100E+02    1.19607E+01    6.39074E-06
    3.77200E+02    1.25745E+01    3.45902E-06
    3.77300E+02    1.32344E+01    1.78803E-06
    3.77400E+02    1.39442E+01    8.79265E-07
    3.77500E+02    1.47093E+01    4.09122E-07
    3.77600E+02    1.55333E+01    1.79459E-07
    3.77700E+02    1.64230E+01    7.37184E-08
    3.77800E+02    1.73837E+01    2.82060E-08
    3.77900E+02    1.84228E+01    9.97925E-09
    3.78000E+02    1.95472E+01    3.24161E-09
    3.78100E+02    2.07682E+01    9.56106E-10
    3.78200E+02    2.21103E+01    2.49821E-10
    3.78300E+02    2.36324E+01    5.45221E-11
    3.78400E+02    2.50453E+01    1.32733E-11
    3.78500E+02    2.66868E+01    2.57071E-12
    3.78600E+02    2.84735E+01    4.30655E-13
    3.78700E+02    3.04426E+01    6.01084E-14
    3.78800E+02    3.24650E+01    7.95454E-15
    3.78900E+02    3.46759E+01    8.71888E-16
    3.79000E+02    3.70405E+01    8.19427E-17
    3.79100E+02    3.95564E+01    6.62028E-18
    3.79200E+02    4.22078E+01    4.67083E-19
    3.79300E+02    4.49794E+01    2.92202E-20
    3.79400E+02    4.78472E+01    1.66039E-21
    3.79500E+02    5.07722E+01    8.91094E-23
    3.79600E+02    5.37001E+01    4.76796E-24
    3.79700E+02    5.65592E+01    2.73302E-25
    3.79800E+02    5.92595E+01    1.83629E-26
    3.79900E+02    6.16864E+01    1.62154E-27
    3.80000E+02    6.37025E+01    2.15959E-28
    3.80100E+02    6.51395E+01    5.13179E-29
    3.80200E+02    6.57397E+01    2.81599E-29
    3.80300E+02    6.51548E+01    5.05374E-29
    3.80400E+02    6.37510E+01    2.05722E-28
    3.80500E+02    6.17742E+01    1.48523E-27
    3.80600E+02    5.93835E+01    1.62215E-26
    3.80700E+02    5.67227E+01    2.32074E-25
    3.80800E+02    5.38999E+01    3.90442E-24
    3.80900E+02    5.10052E+01    7.05875E-23
    3.81000E+02    4.81135E+01    1.27231E-21
    3.81100E+02    4.52727E+01    2.17924E-20
    3.81200E+02    4.25220E+01    3.41132E-19
    3.81300E+02    3.98913E+01    4.73605E-18
    3.81400E+02    3.73957E+01    5.74480E-17
    3.81500E+02    3.50410E+01    6.05161E-16
    3.81600E+02    3.28364E+01    5.48721E-15
    3.81700E+02    3.07757E+01    4.30804E-14
    3.81800E+02    2.88561E+01    2.93732E-13
    3.81900E+02    2.70743E+01    1.74494E-12
    3.82000E+02    2.54221E+01    9.10562E-12
    3.82100E+02    2.38937E+01    4.19834E-11
    3.82200E+02    2.24772E+01    1.73096E-10
    3.82300E+02    2.11638E+01    6.43676E-10
    3.82400E+02    1.99507E+01    2.16521E-09
    3.82500E+02    1.88284E+01    6.65160E-09
    3.82600E+02    1.77896E+01    1.87969E-08
    3.82700E+02    1.68277E+01    4.91863E-08
    3.82800E+02    1.59361E+01    1.19963E-07
    3.82900E+02    1.51085E+01    2.74441E-07
    3.83000E+02    1.43410E+01    5.91288E-07
    3.83100E+02    1.36278E+01    1.20651E-06
    3.83200E+02    1.29645E+01    2.34200E-06
    3.83300E+02    1.23478E+01    4.33922E-06
    3.83400E+02    1.17719E+01    7.71811E-06
    3.83500E+02    1.12352E+01    1.32016E-05
    3.83600E+02    1.07342E+01    2.17876E-05
    3.83700E+02    1.02657E+01    3.48083E-05
    3.83800E+02    9.82783E+00    5.39299E-05
    3.83900E+02    9.41759E+00    8.12820E-05
    3.84000E+02    9.03289E+00    1.19417E-04
    3.84100E+02    8.67197E+00    1.71322E-04
    3.84200E+02    8.33300E+00    2.40449E-04
    3.84300E+02    8.01420E+00    3.30731E-04
    3.84400E+02    7.71439E+00    4.46360E-04
    3.84500E+02    7.43212E+00    5.91931E-04
    3.84600E+02    7.16682E+00    7.71774E-04
    3.84700E+02    6.91519E+00    9.92595E-04
    3.84800E+02    6.67750E+00    1.25892E-03
    3.84900E+02    6.45294E+00    1.57589E-03
    3.85000E+02    6.24053E+00    1.94883E-03
    3.85100E+02    6.03971E+00    2.38226E-03
    3.85200E+02    5.84934E+00    2.88180E-03
    3.85300E+02    5.66968E+00    3.44897E-03
    3.85400E+02    5.49699E+00    4.09907E-03
    3.85500E+02    5.33403E+00    4.82458E-03
    3.85600E+02    5.17916E+00    5.63274E-03
    3.85700E+02    5.03140E+00    6.52967E-03
    3.85800E+02    4.89078E+00    7.51553E-03
    3.85900E+02    4.75626E+00    8.59773E-03
    3.86000E+02    4.62780E+00    9.77620E-03
    3.86100E+02    4.50535E+00    1.10497E-02
    3.86200E+02    4.38850E+00    1.24194E-02
    3.86300E+02    4.27703E+00    1.38838E-02
    3.86400E+02    4.16988E+00    1.54542E-02
    3.86500E+02    4.06763E+00    1.71180E-02
    3.86600E+02    3.97055E+00    1.88631E-02
    3.86700E+02    3.87734E+00    2.07059E-02
    3.86800E+02    3.78955E+00    2.26057E-02
    3.86900E+02    3.70596E+00    2.45767E-02
    3.87000E+02    3.63152E+00    2.64759E-02
    3.87100E+02    3.61247E+00    2.69850E-02
    3.87200E+02    3.49791E+00    3.02607E-02
    3.87300E+02    3.49563E+00    3.03296E-02
    3.87400E+02    3.34139E+00    3.53879E-02
    3.87500E+02    3.26235E+00    3.82983E-02
    3.87600E+02    3.19319E+00    4.10409E-02
    3.87700E+02    3.12935E+00    4.37460E-02
    3.87800E+02    3.06898E+00    4.64686E-02
    3.87900E+02    3.01147E+00    4.92190E-02
    3.88000E+02    2.95674E+00    5.19879E-02
    3.88100E+02    2.90360E+00    5.48256E-02
    3.88200E+02    2.85300E+00    5.76710E-02
    3.88300E+02    2.80449E+00    6.05374E-02
    3.88400E+02    2.75800E+00    6.34184E-02
    3.88500E+02    2.71341E+00    6.63106E-02
    3.88600E+02    2.67065E+00    6.92074E-02
    3.88700E+02    2.62965E+00    7.21039E-02
    3.88800E+02    2.59045E+00    7.49864E-02
    3.88900E+02    2.55325E+00    7.78286E-02
    3.89000E+02    2.51695E+00    8.07054E-02
    3.89100E+02    2.48234E+00    8.35476E-02
    3.89200E+02    2.44937E+00    8.63484E-02
    3.89300E+02    2.41793E+00    8.91060E-02
    3.89400E+02    2.38781E+00    9.18309E-02
    3.89500E+02    2.35893E+00    9.45217E-02
    3.89600E+02    2.33138E+00    9.71616E-02
    3.89700E+02    2.30496E+00    9.97629E-02
    3.89800E+02    2.27958E+00    1.02327E-01
    3.89900E+02    2.25510E+00    1.04863E-01
    3.90000E+02    2.23144E+00    1.07374E-01
    3.90100E+02    2.20822E+00    1.09896E-01
    3.90200E+02    2.18531E+00    1.12443E-01
    3.90300E+02    2.16266E+00    1.15019E-01
    3.90400E+02    2.13983E+00    1.17675E-01
    3.90500E+02    2.11686E+00    1.20409E-01
    3.90600E+02    2.09323E+00    1.23289E-01
    3.90700E+02    2.06843E+00    1.26384E-01
    3.90800E+02    2.04305E+00    1.29633E-01
    3.90900E+02    2.01741E+00    1.33000E-01
    3.91000E+02    1.99169E+00    1.36464E-01
    3.91100E+02    1.96612E+00    1.39999E-01
    3.91200E+02    1.94093E+00    1.43571E-01
    3.91300E+02    1.91675E+00    1.47085E-01
    3.91400E+02    1.89183E+00    1.50796E-01
    3.91500E+02    1.86840E+00    1.54371E-01
    3.91600E+02    1.84464E+00    1.58082E-01
    3.91700E+02    1.82209E+00    1.61688E-01
    3.91800E+02    1.80046E+00    1.65223E-01
    3.91900E+02    1.78065E+00    1.68529E-01
    3.92000E+02    1.75963E+00    1.72109E-01
    3.92100E+02    1.74035E+00    1.75460E-01
    3.92200E+02    1.72238E+00    1.78641E-01
    3.92300E+02    1.70631E+00    1.81535E-01
    3.92400E+02    1.69382E+00    1.83816E-01
    3.92500E+02    1.69019E+00    1.84484E-01
    3.92600E+02    1.73412E+00    1.76556E-01
    3.92700E+02    1.73061E+00    1.77176E-01
    3.92800E+02    1.64297E+00    1.93405E-01
    3.92900E+02    1.61176E+00    1.99536E-01
    3.93000E+02    1.59083E+00    2.03757E-01
    3.93100E+02    1.57342E+00    2.07335E-01
    3.93200E+02    1.55786E+00    2.10587E-01
    3.93300E+02    1.54299E+00    2.13741E-01
    3.93400E+02    1.52907E+00    2.16736E-01
    3.93500E+02    1.51553E+00    2.19691E-01
    3.93600E+02    1.50257E+00    2.22558E-01
    3.93700E+02    1.49010E+00    2.25350E-01
    3.93800E+02    1.47807E+00    2.28078E-01
    3.93900E+02    1.46642E+00    2.30751E-01
    3.94000E+02    1.45516E+00    2.33363E-01
    3.94100E+02    1.44432E+00    2.35906E-01
    3.94200E+02    1.43347E+00    2.38479E-01
    3.94300E+02    1.42300E+00    2.40991E-01
    3.94400E+02    1.41286E+00    2.43445E-01
    3.94500E+02    1.40311E+00    2.45831E-01
    3.94600E+02    1.39366E+00    2.48167E-01
    3.94700E+02    1.38456E+00    2.50434E-01
    3.94800E+02    1.37603E+00    2.52579E-01
    3.94900E+02    1.36861E+00    2.54461E-01
    3.95000E+02    1.36599E+00    2.55128E-01
    3.95100E+02    1.36284E+00    2.55934E-01
    3.95200E+02    1.34399E+00    2.60802E-01
    3.95300E+02    1.33395E+00    2.63434E-01
    3.95400E+02    1.32547E+00    2.65677E-01
    3.95500E+02    1.31744E+00    2.67821E-01
    3.95600E+02    1.30981E+00    2.69870E-01
    3.95700E+02    1.30252E+00    2.71845E-01
    3.95800E+02    1.29547E+00    2.73768E-01
    3.95900E+02    1.28872E+00    2.75623E-01
    3.96000E+02    1.28227E+00    2.77406E-01
    3.96100E+02    1.27633E+00    2.79059E-01
    3.96200E+02    1.27110E+00    2.80522E-01
    3.96300E+02    1.26754E+00    2.81523E-01
    3.96400E+02    1.26929E+00    2.81032E-01
    3.96500E+02    1.30967E+00    2.69910E-01
    3.96600E+02    1.27247E+00    2.80139E-01
    3.96700E+02    1.24803E+00    2.87069E-01
    3.96800E+02    1.23869E+00    2.89764E-01
    3.96900E+02    1.23488E+00    2.90869E-01
    3.97000E+02    1.25240E+00    2.85818E-01
    3.97100E+02    1.22929E+00    2.92500E-01
    3.97200E+02    1.21463E+00    2.96821E-01
    3.97300E+02    1.20696E+00    2.99105E-01
    3.97400E+02    1.20088E+00    3.00928E-01
    3.97500E+02    1.19536E+00    3.02595E-01
    3.97600E+02    1.19020E+00    3.04161E-01
    3.97700E+02    1.18526E+00    3.05667E-01
    3.97800E+02    1.18054E+00    3.07113E-01
    3.97900E+02    1.17598E+00    3.08516E-01
    3.98000E+02    1.17149E+00    3.09904E-01
    3.98100E+02    1.16709E+00    3.11272E-01
    3.98200E+02    1.16284E+00    3.12596E-01
    3.98300E+02    1.15873E+00    3.13885E-01
    3.98400E+02    1.15473E+00    3.15142E-01
    3.98500E+02    1.15083E+00    3.16374E-01
    3.98600E+02    1.14705E+00    3.17572E-01
    3.98700E+02    1.14336E+00    3.18746E-01
    3.98800E+02    1.13981E+00    3.19881E-01
    3.98900E+02    1.13639E+00    3.20976E-01
    3.99000E+02    1.13311E+00    3.22029E-01
    3.99100E+02    1.13005E+00    3.23016E-01
    3.99200E+02    1.12774E+00    3.23764E-01
    3.99300E+02    1.12523E+00    3.24577E-01
    3.99400E+02    1.12163E+00    3.25747E-01
    3.99500E+02    1.11950E+00    3.26441E-01
    3.99600E+02    1.11688E+00    3.27298E-01
    3.99700E+02    1.11558E+00    3.27726E-01
    3.99800E+02    1.11581E+00    3.27651E-01
    3.99900E+02    1.12013E+00    3.26237E-01

