#	Freq	Err	Trans
    2.99900E+02    6.57595E-02    9.36356E-01
    3.00000E+02    6.58068E-02    9.36312E-01
    3.00100E+02    6.60181E-02    9.36114E-01
    3.00200E+02    6.62198E-02    9.35925E-01
    3.00300E+02    6.65915E-02    9.35577E-01
    3.00400E+02    6.73742E-02    9.34845E-01
    3.00500E+02    6.91485E-02    9.33188E-01
    3.00600E+02    7.49288E-02    9.27810E-01
    3.00700E+02    9.80051E-02    9.06644E-01
    3.00800E+02    7.27945E-02    9.29792E-01
    3.00900E+02    6.95511E-02    9.32813E-01
    3.01000E+02    6.87653E-02    9.33546E-01
    3.01100E+02    6.87261E-02    9.33582E-01
    3.01200E+02    6.92088E-02    9.33132E-01
    3.01300E+02    7.02898E-02    9.32124E-01
    3.01400E+02    7.22389E-02    9.30309E-01
    3.01500E+02    7.59030E-02    9.26906E-01
    3.01600E+02    8.38816E-02    9.19540E-01
    3.01700E+02    1.07282E-01    8.98272E-01
    3.01800E+02    2.72998E-01    7.61095E-01
    3.01900E+02    1.21606E-01    8.85498E-01
    3.02000E+02    8.79232E-02    9.15831E-01
    3.02100E+02    7.79668E-02    9.24995E-01
    3.02200E+02    7.37674E-02    9.28888E-01
    3.02300E+02    7.17039E-02    9.30806E-01
    3.02400E+02    7.06610E-02    9.31778E-01
    3.02500E+02    7.02894E-02    9.32124E-01
    3.02600E+02    7.02619E-02    9.32150E-01
    3.02700E+02    7.06567E-02    9.31782E-01
    3.02800E+02    7.17918E-02    9.30725E-01
    3.02900E+02    7.43901E-02    9.28310E-01
    3.03000E+02    8.10946E-02    9.22106E-01
    3.03100E+02    1.06284E-01    8.99169E-01
    3.03200E+02    1.31216E-01    8.77029E-01
    3.03300E+02    8.48347E-02    9.18664E-01
    3.03400E+02    7.56034E-02    9.27184E-01
    3.03500E+02    7.23034E-02    9.30249E-01
    3.03600E+02    7.09612E-02    9.31498E-01
    3.03700E+02    6.97251E-02    9.32650E-01
    3.03800E+02    6.91861E-02    9.33153E-01
    3.03900E+02    6.89204E-02    9.33401E-01
    3.04000E+02    6.87493E-02    9.33561E-01
    3.04100E+02    6.86856E-02    9.33620E-01
    3.04200E+02    6.87058E-02    9.33601E-01
    3.04300E+02    6.87920E-02    9.33521E-01
    3.04400E+02    6.89457E-02    9.33377E-01
    3.04500E+02    6.91768E-02    9.33162E-01
    3.04600E+02    6.95188E-02    9.32843E-01
    3.04700E+02    7.00750E-02    9.32324E-01
    3.04800E+02    7.15458E-02    9.30954E-01
    3.04900E+02    7.05418E-02    9.31889E-01
    3.05000E+02    6.99054E-02    9.32482E-01
    3.05100E+02    6.96263E-02    9.32742E-01
    3.05200E+02    6.94026E-02    9.32951E-01
    3.05300E+02    6.92767E-02    9.33068E-01
    3.05400E+02    6.92060E-02    9.33134E-01
    3.05500E+02    6.91687E-02    9.33169E-01
    3.05600E+02    6.91606E-02    9.33177E-01
    3.05700E+02    6.91726E-02    9.33166E-01
    3.05800E+02    6.92014E-02    9.33139E-01
    3.05900E+02    6.92609E-02    9.33083E-01
    3.06000E+02    6.93372E-02    9.33012E-01
    3.06100E+02    6.93693E-02    9.32982E-01
    3.06200E+02    6.94357E-02    9.32920E-01
    3.06300E+02    6.95128E-02    9.32848E-01
    3.06400E+02    6.96054E-02    9.32762E-01
    3.06500E+02    6.96844E-02    9.32688E-01
    3.06600E+02    6.97792E-02    9.32600E-01
    3.06700E+02    6.98837E-02    9.32502E-01
    3.06800E+02    6.99997E-02    9.32394E-01
    3.06900E+02    7.01908E-02    9.32216E-01
    3.07000E+02    7.02526E-02    9.32158E-01
    3.07100E+02    7.03371E-02    9.32080E-01
    3.07200E+02    7.04639E-02    9.31961E-01
    3.07300E+02    7.06716E-02    9.31768E-01
    3.07400E+02    7.08837E-02    9.31570E-01
    3.07500E+02    7.11929E-02    9.31282E-01
    3.07600E+02    7.11099E-02    9.31360E-01
    3.07700E+02    7.11867E-02    9.31288E-01
    3.07800E+02    7.13074E-02    9.31176E-01
    3.07900E+02    7.14488E-02    9.31044E-01
    3.08000E+02    7.15861E-02    9.30916E-01
    3.08100E+02    7.17349E-02    9.30778E-01
    3.08200E+02    7.18977E-02    9.30626E-01
    3.08300E+02    7.20783E-02    9.30458E-01
    3.08400E+02    7.23086E-02    9.30244E-01
    3.08500E+02    7.27938E-02    9.29793E-01
    3.08600E+02    7.33796E-02    9.29248E-01
    3.08700E+02    7.29036E-02    9.29690E-01
    3.08800E+02    7.31081E-02    9.29500E-01
    3.08900E+02    7.33281E-02    9.29296E-01
    3.09000E+02    7.33228E-02    9.29301E-01
    3.09100E+02    7.34986E-02    9.29137E-01
    3.09200E+02    7.37553E-02    9.28899E-01
    3.09300E+02    7.40073E-02    9.28665E-01
    3.09400E+02    7.44009E-02    9.28299E-01
    3.09500E+02    7.44966E-02    9.28211E-01
    3.09600E+02    7.48397E-02    9.27892E-01
    3.09700E+02    7.53445E-02    9.27424E-01
    3.09800E+02    7.62110E-02    9.26621E-01
    3.09900E+02    7.79653E-02    9.24997E-01
    3.10000E+02    8.43356E-02    9.19123E-01
    3.10100E+02    9.00786E-02    9.13859E-01
    3.10200E+02    7.93994E-02    9.23671E-01
    3.10300E+02    7.75623E-02    9.25369E-01
    3.10400E+02    7.68883E-02    9.25993E-01
    3.10500E+02    7.67040E-02    9.26164E-01
    3.10600E+02    7.66883E-02    9.26179E-01
    3.10700E+02    7.67605E-02    9.26112E-01
    3.10800E+02    7.68835E-02    9.25998E-01
    3.10900E+02    7.70385E-02    9.25854E-01
    3.11000E+02    7.72216E-02    9.25685E-01
    3.11100E+02    7.74781E-02    9.25447E-01
    3.11200E+02    7.76435E-02    9.25294E-01
    3.11300E+02    7.78114E-02    9.25139E-01
    3.11400E+02    7.80213E-02    9.24945E-01
    3.11500E+02    7.82551E-02    9.24729E-01
    3.11600E+02    7.85760E-02    9.24432E-01
    3.11700E+02    7.88058E-02    9.24219E-01
    3.11800E+02    7.89815E-02    9.24057E-01
    3.11900E+02    7.91948E-02    9.23860E-01
    3.12000E+02    7.94520E-02    9.23622E-01
    3.12100E+02    7.97200E-02    9.23375E-01
    3.12200E+02    7.99989E-02    9.23117E-01
    3.12300E+02    8.02899E-02    9.22849E-01
    3.12400E+02    8.05983E-02    9.22564E-01
    3.12500E+02    8.09647E-02    9.22226E-01
    3.12600E+02    8.13060E-02    9.21912E-01
    3.12700E+02    8.15544E-02    9.21683E-01
    3.12800E+02    8.18912E-02    9.21372E-01
    3.12900E+02    8.25117E-02    9.20801E-01
    3.13000E+02    8.25923E-02    9.20726E-01
    3.13100E+02    8.29175E-02    9.20427E-01
    3.13200E+02    8.32133E-02    9.20155E-01
    3.13300E+02    8.35746E-02    9.19823E-01
    3.13400E+02    8.39741E-02    9.19455E-01
    3.13500E+02    8.44344E-02    9.19032E-01
    3.13600E+02    8.50444E-02    9.18472E-01
    3.13700E+02    8.51652E-02    9.18361E-01
    3.13800E+02    8.55676E-02    9.17991E-01
    3.13900E+02    8.60565E-02    9.17542E-01
    3.14000E+02    8.70995E-02    9.16586E-01
    3.14100E+02    8.68774E-02    9.16789E-01
    3.14200E+02    8.72659E-02    9.16433E-01
    3.14300E+02    8.77171E-02    9.16020E-01
    3.14400E+02    8.82000E-02    9.15578E-01
    3.14500E+02    8.87118E-02    9.15109E-01
    3.14600E+02    8.92522E-02    9.14615E-01
    3.14700E+02    8.98283E-02    9.14088E-01
    3.14800E+02    9.04471E-02    9.13523E-01
    3.14900E+02    9.11186E-02    9.12909E-01
    3.15000E+02    9.18614E-02    9.12232E-01
    3.15100E+02    9.27270E-02    9.11442E-01
    3.15200E+02    9.36487E-02    9.10603E-01
    3.15300E+02    9.47861E-02    9.09567E-01
    3.15400E+02    9.62489E-02    9.08238E-01
    3.15500E+02    9.82998E-02    9.06377E-01
    3.15600E+02    1.01618E-01    9.03375E-01
    3.15700E+02    1.08445E-01    8.97228E-01
    3.15800E+02    1.31009E-01    8.77210E-01
    3.15900E+02    1.81156E-01    8.34305E-01
    3.16000E+02    1.21340E-01    8.85732E-01
    3.16100E+02    1.16445E-01    8.90079E-01
    3.16200E+02    1.26314E-01    8.81338E-01
    3.16300E+02    1.95517E-01    8.22409E-01
    3.16400E+02    1.45634E-01    8.64474E-01
    3.16500E+02    1.19040E-01    8.87772E-01
    3.16600E+02    1.13939E-01    8.92312E-01
    3.16700E+02    1.19073E-01    8.87743E-01
    3.16800E+02    1.09416E-01    8.96357E-01
    3.16900E+02    1.08293E-01    8.97365E-01
    3.17000E+02    1.08833E-01    8.96880E-01
    3.17100E+02    1.11516E-01    8.94477E-01
    3.17200E+02    1.29336E-01    8.78679E-01
    3.17300E+02    1.12263E-01    8.93809E-01
    3.17400E+02    1.10939E-01    8.94993E-01
    3.17500E+02    1.11132E-01    8.94821E-01
    3.17600E+02    1.11796E-01    8.94227E-01
    3.17700E+02    1.12696E-01    8.93422E-01
    3.17800E+02    1.13722E-01    8.92506E-01
    3.17900E+02    1.14832E-01    8.91516E-01
    3.18000E+02    1.16052E-01    8.90429E-01
    3.18100E+02    1.17395E-01    8.89234E-01
    3.18200E+02    1.18740E-01    8.88039E-01
    3.18300E+02    1.20202E-01    8.86741E-01
    3.18400E+02    1.21765E-01    8.85356E-01
    3.18500E+02    1.23439E-01    8.83875E-01
    3.18600E+02    1.25121E-01    8.82390E-01
    3.18700E+02    1.26953E-01    8.80775E-01
    3.18800E+02    1.28896E-01    8.79065E-01
    3.18900E+02    1.30955E-01    8.77257E-01
    3.19000E+02    1.33149E-01    8.75335E-01
    3.19100E+02    1.35506E-01    8.73274E-01
    3.19200E+02    1.38109E-01    8.71003E-01
    3.19300E+02    1.40847E-01    8.68622E-01
    3.19400E+02    1.43954E-01    8.65927E-01
    3.19500E+02    1.47201E-01    8.63120E-01
    3.19600E+02    1.51222E-01    8.59657E-01
    3.19700E+02    1.56487E-01    8.55142E-01
    3.19800E+02    1.64806E-01    8.48058E-01
    3.19900E+02    1.84666E-01    8.31382E-01
    3.20000E+02    3.24479E-01    7.22904E-01
    3.20100E+02    1.90003E-01    8.26956E-01
    3.20200E+02    1.78999E-01    8.36107E-01
    3.20300E+02    1.78420E-01    8.36591E-01
    3.20400E+02    1.80724E-01    8.34666E-01
    3.20500E+02    1.84160E-01    8.31803E-01
    3.20600E+02    1.88376E-01    8.28303E-01
    3.20700E+02    1.92977E-01    8.24501E-01
    3.20800E+02    1.97945E-01    8.20415E-01
    3.20900E+02    2.03172E-01    8.16137E-01
    3.21000E+02    2.08611E-01    8.11711E-01
    3.21100E+02    2.14258E-01    8.07140E-01
    3.21200E+02    2.19838E-01    8.02649E-01
    3.21300E+02    2.25583E-01    7.98050E-01
    3.21400E+02    2.31505E-01    7.93339E-01
    3.21500E+02    2.37740E-01    7.88408E-01
    3.21600E+02    2.44132E-01    7.83384E-01
    3.21700E+02    2.51018E-01    7.78008E-01
    3.21800E+02    2.58432E-01    7.72262E-01
    3.21900E+02    2.66594E-01    7.65984E-01
    3.22000E+02    2.77841E-01    7.57417E-01
    3.22100E+02    2.85131E-01    7.51916E-01
    3.22200E+02    2.94652E-01    7.44790E-01
    3.22300E+02    3.05142E-01    7.37019E-01
    3.22400E+02    3.16880E-01    7.28418E-01
    3.22500E+02    3.29690E-01    7.19146E-01
    3.22600E+02    3.43632E-01    7.09190E-01
    3.22700E+02    3.58946E-01    6.98412E-01
    3.22800E+02    3.75173E-01    6.87171E-01
    3.22900E+02    3.93004E-01    6.75026E-01
    3.23000E+02    4.12390E-01    6.62066E-01
    3.23100E+02    4.33444E-01    6.48273E-01
    3.23200E+02    4.56314E-01    6.33615E-01
    3.23300E+02    4.81138E-01    6.18080E-01
    3.23400E+02    5.08079E-01    6.01650E-01
    3.23500E+02    5.37331E-01    5.84306E-01
    3.23600E+02    5.69268E-01    5.65940E-01
    3.23700E+02    6.08791E-01    5.44008E-01
    3.23800E+02    6.39755E-01    5.27421E-01
    3.23900E+02    6.78275E-01    5.07492E-01
    3.24000E+02    7.19722E-01    4.86888E-01
    3.24100E+02    7.63743E-01    4.65919E-01
    3.24200E+02    8.10165E-01    4.44784E-01
    3.24300E+02    8.58408E-01    4.23836E-01
    3.24400E+02    9.07790E-01    4.03415E-01
    3.24500E+02    9.57755E-01    3.83753E-01
    3.24600E+02    1.00715E+00    3.65259E-01
    3.24700E+02    1.05451E+00    3.48361E-01
    3.24800E+02    1.09809E+00    3.33506E-01
    3.24900E+02    1.13573E+00    3.21188E-01
    3.25000E+02    1.16484E+00    3.11972E-01
    3.25100E+02    1.18267E+00    3.06458E-01
    3.25200E+02    1.18393E+00    3.06073E-01
    3.25300E+02    1.16821E+00    3.10922E-01
    3.25400E+02    1.14102E+00    3.19492E-01
    3.25500E+02    1.10498E+00    3.31218E-01
    3.25600E+02    1.06287E+00    3.45461E-01
    3.25700E+02    1.01667E+00    3.61799E-01
    3.25800E+02    9.68318E-01    3.79721E-01
    3.25900E+02    9.19233E-01    3.98825E-01
    3.26000E+02    8.70615E-01    4.18694E-01
    3.26100E+02    8.23109E-01    4.39064E-01
    3.26200E+02    7.77453E-01    4.59575E-01
    3.26300E+02    7.34430E-01    4.79779E-01
    3.26400E+02    6.95066E-01    4.99041E-01
    3.26500E+02    6.59949E-01    5.16878E-01
    3.26600E+02    6.24999E-01    5.35262E-01
    3.26700E+02    6.00249E-01    5.48675E-01
    3.26800E+02    5.98504E-01    5.49633E-01
    3.26900E+02    8.40067E-01    4.31682E-01
    3.27000E+02    5.42682E-01    5.81187E-01
    3.27100E+02    4.86560E-01    6.14737E-01
    3.27200E+02    4.53382E-01    6.35476E-01
    3.27300E+02    4.27507E-01    6.52133E-01
    3.27400E+02    4.05445E-01    6.66680E-01
    3.27500E+02    3.86079E-01    6.79717E-01
    3.27600E+02    3.69206E-01    6.91283E-01
    3.27700E+02    3.56304E-01    7.00260E-01
    3.27800E+02    3.53845E-01    7.01984E-01
    3.27900E+02    3.36732E-01    7.14100E-01
    3.28000E+02    3.13125E-01    7.31158E-01
    3.28100E+02    2.98616E-01    7.41844E-01
    3.28200E+02    2.86573E-01    7.50832E-01
    3.28300E+02    2.75788E-01    7.58974E-01
    3.28400E+02    2.65946E-01    7.66481E-01
    3.28500E+02    2.56940E-01    7.73415E-01
    3.28600E+02    2.48453E-01    7.80007E-01
    3.28700E+02    2.40584E-01    7.86169E-01
    3.28800E+02    2.33301E-01    7.91915E-01
    3.28900E+02    2.26474E-01    7.97340E-01
    3.29000E+02    2.20119E-01    8.02423E-01
    3.29100E+02    2.14247E-01    8.07149E-01
    3.29200E+02    2.08592E-01    8.11726E-01
    3.29300E+02    2.03457E-01    8.15905E-01
    3.29400E+02    1.98383E-01    8.20056E-01
    3.29500E+02    1.93730E-01    8.23880E-01
    3.29600E+02    1.89474E-01    8.27394E-01
    3.29700E+02    1.85422E-01    8.30753E-01
    3.29800E+02    1.82413E-01    8.33257E-01
    3.29900E+02    1.77746E-01    8.37155E-01
    3.30000E+02    1.74161E-01    8.40162E-01
    3.30100E+02    1.70853E-01    8.42946E-01
    3.30200E+02    1.67742E-01    8.45572E-01
    3.30300E+02    1.64804E-01    8.48060E-01
    3.30400E+02    1.62025E-01    8.50420E-01
    3.30500E+02    1.59391E-01    8.52663E-01
    3.30600E+02    1.56906E-01    8.54784E-01
    3.30700E+02    1.54547E-01    8.56803E-01
    3.30800E+02    1.52312E-01    8.58720E-01
    3.30900E+02    1.50206E-01    8.60531E-01
    3.31000E+02    1.48242E-01    8.62222E-01
    3.31100E+02    1.46357E-01    8.63849E-01
    3.31200E+02    1.44527E-01    8.65432E-01
    3.31300E+02    1.42837E-01    8.66895E-01
    3.31400E+02    1.41260E-01    8.68264E-01
    3.31500E+02    1.39809E-01    8.69524E-01
    3.31600E+02    1.38480E-01    8.70681E-01
    3.31700E+02    1.37320E-01    8.71692E-01
    3.31800E+02    1.36935E-01    8.72027E-01
    3.31900E+02    1.35208E-01    8.73534E-01
    3.32000E+02    1.34379E-01    8.74259E-01
    3.32100E+02    1.34049E-01    8.74547E-01
    3.32200E+02    1.33848E-01    8.74723E-01
    3.32300E+02    1.34573E-01    8.74089E-01
    3.32400E+02    1.36871E-01    8.72083E-01
    3.32500E+02    1.43071E-01    8.66692E-01
    3.32600E+02    1.63240E-01    8.49388E-01
    3.32700E+02    3.34443E-01    7.15737E-01
    3.32800E+02    1.80328E-01    8.34996E-01
    3.32900E+02    1.93654E-01    8.23943E-01
    3.33000E+02    1.42535E-01    8.67158E-01
    3.33100E+02    1.31728E-01    8.76580E-01
    3.33200E+02    1.26833E-01    8.80881E-01
    3.33300E+02    1.23947E-01    8.83426E-01
    3.33400E+02    1.21960E-01    8.85184E-01
    3.33500E+02    1.20436E-01    8.86534E-01
    3.33600E+02    1.19213E-01    8.87619E-01
    3.33700E+02    1.18178E-01    8.88538E-01
    3.33800E+02    1.17292E-01    8.89325E-01
    3.33900E+02    1.16586E-01    8.89954E-01
    3.34000E+02    1.15936E-01    8.90532E-01
    3.34100E+02    1.15090E-01    8.91286E-01
    3.34200E+02    1.14437E-01    8.91869E-01
    3.34300E+02    1.13865E-01    8.92379E-01
    3.34400E+02    1.13338E-01    8.92849E-01
    3.34500E+02    1.12872E-01    8.93265E-01
    3.34600E+02    1.12460E-01    8.93633E-01
    3.34700E+02    1.12123E-01    8.93935E-01
    3.34800E+02    1.11881E-01    8.94151E-01
    3.34900E+02    1.11823E-01    8.94203E-01
    3.35000E+02    1.12144E-01    8.93915E-01
    3.35100E+02    1.13568E-01    8.92643E-01
    3.35200E+02    1.19745E-01    8.87147E-01
    3.35300E+02    1.30565E-01    8.77599E-01
    3.35400E+02    1.14043E-01    8.92219E-01
    3.35500E+02    1.10891E-01    8.95036E-01
    3.35600E+02    1.09682E-01    8.96119E-01
    3.35700E+02    1.09323E-01    8.96441E-01
    3.35800E+02    1.08282E-01    8.97375E-01
    3.35900E+02    1.08258E-01    8.97396E-01
    3.36000E+02    1.07413E-01    8.98155E-01
    3.36100E+02    1.07009E-01    8.98518E-01
    3.36200E+02    1.07062E-01    8.98470E-01
    3.36300E+02    1.06356E-01    8.99105E-01
    3.36400E+02    1.06010E-01    8.99416E-01
    3.36500E+02    1.05724E-01    8.99673E-01
    3.36600E+02    1.05467E-01    8.99904E-01
    3.36700E+02    1.05226E-01    9.00121E-01
    3.36800E+02    1.05003E-01    9.00322E-01
    3.36900E+02    1.04799E-01    9.00506E-01
    3.37000E+02    1.04595E-01    9.00689E-01
    3.37100E+02    1.04530E-01    9.00748E-01
    3.37200E+02    1.04348E-01    9.00912E-01
    3.37300E+02    1.04128E-01    9.01110E-01
    3.37400E+02    1.03957E-01    9.01264E-01
    3.37500E+02    1.03944E-01    9.01275E-01
    3.37600E+02    1.04140E-01    9.01100E-01
    3.37700E+02    1.03743E-01    9.01457E-01
    3.37800E+02    1.03370E-01    9.01793E-01
    3.37900E+02    1.03186E-01    9.01959E-01
    3.38000E+02    1.03049E-01    9.02083E-01
    3.38100E+02    1.02936E-01    9.02185E-01
    3.38200E+02    1.02837E-01    9.02274E-01
    3.38300E+02    1.02807E-01    9.02301E-01
    3.38400E+02    1.02716E-01    9.02383E-01
    3.38500E+02    1.02636E-01    9.02456E-01
    3.38600E+02    1.02716E-01    9.02383E-01
    3.38700E+02    1.04013E-01    9.01214E-01
    3.38800E+02    1.02795E-01    9.02312E-01
    3.38900E+02    1.02409E-01    9.02660E-01
    3.39000E+02    1.02218E-01    9.02833E-01
    3.39100E+02    1.02117E-01    9.02924E-01
    3.39200E+02    1.02042E-01    9.02991E-01
    3.39300E+02    1.01981E-01    9.03046E-01
    3.39400E+02    1.01930E-01    9.03093E-01
    3.39500E+02    1.01884E-01    9.03134E-01
    3.39600E+02    1.01846E-01    9.03169E-01
    3.39700E+02    1.01814E-01    9.03198E-01
    3.39800E+02    1.01801E-01    9.03209E-01
    3.39900E+02    1.01802E-01    9.03209E-01
    3.40000E+02    1.01752E-01    9.03253E-01
    3.40100E+02    1.01732E-01    9.03271E-01
    3.40200E+02    1.01721E-01    9.03281E-01
    3.40300E+02    1.01717E-01    9.03285E-01
    3.40400E+02    1.01720E-01    9.03282E-01
    3.40500E+02    1.01743E-01    9.03261E-01
    3.40600E+02    1.01847E-01    9.03167E-01
    3.40700E+02    1.02171E-01    9.02875E-01
    3.40800E+02    1.01799E-01    9.03211E-01
    3.40900E+02    1.01770E-01    9.03238E-01
    3.41000E+02    1.01775E-01    9.03233E-01
    3.41100E+02    1.01793E-01    9.03216E-01
    3.41200E+02    1.01820E-01    9.03192E-01
    3.41300E+02    1.01851E-01    9.03164E-01
    3.41400E+02    1.01889E-01    9.03130E-01
    3.41500E+02    1.01935E-01    9.03088E-01
    3.41600E+02    1.01990E-01    9.03039E-01
    3.41700E+02    1.02057E-01    9.02978E-01
    3.41800E+02    1.02163E-01    9.02882E-01
    3.41900E+02    1.02438E-01    9.02634E-01
    3.42000E+02    1.02368E-01    9.02697E-01
    3.42100E+02    1.02927E-01    9.02193E-01
    3.42200E+02    1.02547E-01    9.02536E-01
    3.42300E+02    1.02655E-01    9.02438E-01
    3.42400E+02    1.02809E-01    9.02300E-01
    3.42500E+02    1.03048E-01    9.02083E-01
    3.42600E+02    1.03263E-01    9.01889E-01
    3.42700E+02    1.03642E-01    9.01548E-01
    3.42800E+02    1.04239E-01    9.01010E-01
    3.42900E+02    1.05240E-01    9.00109E-01
    3.43000E+02    1.07380E-01    8.98184E-01
    3.43100E+02    1.13764E-01    8.92469E-01
    3.43200E+02    1.40804E-01    8.68660E-01
    3.43300E+02    1.21997E-01    8.85151E-01
    3.43400E+02    1.11766E-01    8.94254E-01
    3.43500E+02    1.21422E-01    8.85660E-01
    3.43600E+02    1.07979E-01    8.97647E-01
    3.43700E+02    1.05627E-01    8.99760E-01
    3.43800E+02    1.04781E-01    9.00522E-01
    3.43900E+02    1.04406E-01    9.00859E-01
    3.44000E+02    1.04171E-01    9.01072E-01
    3.44100E+02    1.04054E-01    9.01177E-01
    3.44200E+02    1.03996E-01    9.01229E-01
    3.44300E+02    1.03976E-01    9.01247E-01
    3.44400E+02    1.03992E-01    9.01233E-01
    3.44500E+02    1.04030E-01    9.01198E-01
    3.44600E+02    1.04107E-01    9.01129E-01
    3.44700E+02    1.04165E-01    9.01076E-01
    3.44800E+02    1.04284E-01    9.00969E-01
    3.44900E+02    1.04371E-01    9.00891E-01
    3.45000E+02    1.04384E-01    9.00880E-01
    3.45100E+02    1.04457E-01    9.00813E-01
    3.45200E+02    1.04546E-01    9.00734E-01
    3.45300E+02    1.04638E-01    9.00650E-01
    3.45400E+02    1.04740E-01    9.00559E-01
    3.45500E+02    1.04844E-01    9.00465E-01
    3.45600E+02    1.04953E-01    9.00367E-01
    3.45700E+02    1.05065E-01    9.00266E-01
    3.45800E+02    1.05181E-01    9.00162E-01
    3.45900E+02    1.05301E-01    9.00053E-01
    3.46000E+02    1.05426E-01    8.99942E-01
    3.46100E+02    1.05571E-01    8.99810E-01
    3.46200E+02    1.05699E-01    8.99696E-01
    3.46300E+02    1.05814E-01    8.99592E-01
    3.46400E+02    1.05947E-01    8.99472E-01
    3.46500E+02    1.06081E-01    8.99352E-01
    3.46600E+02    1.06229E-01    8.99219E-01
    3.46700E+02    1.06372E-01    8.99090E-01
    3.46800E+02    1.06555E-01    8.98926E-01
    3.46900E+02    1.06773E-01    8.98730E-01
    3.47000E+02    1.06835E-01    8.98674E-01
    3.47100E+02    1.07016E-01    8.98511E-01
    3.47200E+02    1.07407E-01    8.98160E-01
    3.47300E+02    1.07384E-01    8.98181E-01
    3.47400E+02    1.07437E-01    8.98133E-01
    3.47500E+02    1.07580E-01    8.98004E-01
    3.47600E+02    1.07752E-01    8.97851E-01
    3.47700E+02    1.07970E-01    8.97655E-01
    3.47800E+02    1.08504E-01    8.97175E-01
    3.47900E+02    1.08325E-01    8.97336E-01
    3.48000E+02    1.08522E-01    8.97160E-01
    3.48100E+02    1.08621E-01    8.97070E-01
    3.48200E+02    1.08788E-01    8.96921E-01
    3.48300E+02    1.08957E-01    8.96769E-01
    3.48400E+02    1.09144E-01    8.96601E-01
    3.48500E+02    1.09355E-01    8.96413E-01
    3.48600E+02    1.09624E-01    8.96171E-01
    3.48700E+02    1.09726E-01    8.96079E-01
    3.48800E+02    1.09920E-01    8.95906E-01
    3.48900E+02    1.10136E-01    8.95712E-01
    3.49000E+02    1.10616E-01    8.95282E-01
    3.49100E+02    1.10569E-01    8.95325E-01
    3.49200E+02    1.10785E-01    8.95131E-01
    3.49300E+02    1.11040E-01    8.94903E-01
    3.49400E+02    1.11361E-01    8.94616E-01
    3.49500E+02    1.11924E-01    8.94112E-01
    3.49600E+02    1.12499E-01    8.93598E-01
    3.49700E+02    1.14484E-01    8.91826E-01
    3.49800E+02    1.14246E-01    8.92039E-01
    3.49900E+02    1.12986E-01    8.93163E-01
    3.50000E+02    1.12873E-01    8.93264E-01
    3.50100E+02    1.12959E-01    8.93187E-01
    3.50200E+02    1.13135E-01    8.93030E-01
    3.50300E+02    1.13368E-01    8.92822E-01
    3.50400E+02    1.13600E-01    8.92615E-01
    3.50500E+02    1.13867E-01    8.92377E-01
    3.50600E+02    1.14156E-01    8.92119E-01
    3.50700E+02    1.14456E-01    8.91851E-01
    3.50800E+02    1.14786E-01    8.91557E-01
    3.50900E+02    1.15155E-01    8.91228E-01
    3.51000E+02    1.15499E-01    8.90922E-01
    3.51100E+02    1.15902E-01    8.90563E-01
    3.51200E+02    1.16348E-01    8.90165E-01
    3.51300E+02    1.16852E-01    8.89717E-01
    3.51400E+02    1.17454E-01    8.89181E-01
    3.51500E+02    1.18228E-01    8.88493E-01
    3.51600E+02    1.18933E-01    8.87867E-01
    3.51700E+02    1.19979E-01    8.86939E-01
    3.51800E+02    1.21426E-01    8.85657E-01
    3.51900E+02    1.23648E-01    8.83691E-01
    3.52000E+02    1.27197E-01    8.80560E-01
    3.52100E+02    1.34129E-01    8.74478E-01
    3.52200E+02    1.51817E-01    8.59146E-01
    3.52300E+02    2.52261E-01    7.77042E-01
    3.52400E+02    1.78771E-01    8.36297E-01
    3.52500E+02    1.53218E-01    8.57943E-01
    3.52600E+02    1.87250E-01    8.29237E-01
    3.52700E+02    1.53122E-01    8.58025E-01
    3.52800E+02    2.24852E-01    7.98635E-01
    3.52900E+02    1.51669E-01    8.59273E-01
    3.53000E+02    1.33931E-01    8.74650E-01
    3.53100E+02    1.28705E-01    8.79233E-01
    3.53200E+02    1.26845E-01    8.80870E-01
    3.53300E+02    1.26797E-01    8.80912E-01
    3.53400E+02    1.24849E-01    8.82630E-01
    3.53500E+02    1.24433E-01    8.82998E-01
    3.53600E+02    1.24176E-01    8.83225E-01
    3.53700E+02    1.24236E-01    8.83172E-01
    3.53800E+02    1.24236E-01    8.83172E-01
    3.53900E+02    1.24397E-01    8.83030E-01
    3.54000E+02    1.24620E-01    8.82833E-01
    3.54100E+02    1.24965E-01    8.82528E-01
    3.54200E+02    1.25336E-01    8.82200E-01
    3.54300E+02    1.25790E-01    8.81800E-01
    3.54400E+02    1.26413E-01    8.81251E-01
    3.54500E+02    1.27349E-01    8.80427E-01
    3.54600E+02    1.28309E-01    8.79582E-01
    3.54700E+02    1.30043E-01    8.78057E-01
    3.54800E+02    1.33391E-01    8.75122E-01
    3.54900E+02    1.42411E-01    8.67265E-01
    3.55000E+02    1.97521E-01    8.20763E-01
    3.55100E+02    1.51070E-01    8.59788E-01
    3.55200E+02    1.37209E-01    8.71788E-01
    3.55300E+02    1.33102E-01    8.75376E-01
    3.55400E+02    1.31707E-01    8.76598E-01
    3.55500E+02    1.31123E-01    8.77110E-01
    3.55600E+02    1.30919E-01    8.77288E-01
    3.55700E+02    1.30989E-01    8.77228E-01
    3.55800E+02    1.31214E-01    8.77030E-01
    3.55900E+02    1.31569E-01    8.76719E-01
    3.56000E+02    1.32148E-01    8.76211E-01
    3.56100E+02    1.33901E-01    8.74676E-01
    3.56200E+02    1.33057E-01    8.75415E-01
    3.56300E+02    1.33748E-01    8.74810E-01
    3.56400E+02    1.36834E-01    8.72115E-01
    3.56500E+02    1.35238E-01    8.73508E-01
    3.56600E+02    1.35349E-01    8.73411E-01
    3.56700E+02    1.35778E-01    8.73036E-01
    3.56800E+02    1.36350E-01    8.72538E-01
    3.56900E+02    1.37155E-01    8.71835E-01
    3.57000E+02    1.38159E-01    8.70960E-01
    3.57100E+02    1.39435E-01    8.69849E-01
    3.57200E+02    1.41182E-01    8.68331E-01
    3.57300E+02    1.44095E-01    8.65806E-01
    3.57400E+02    1.48667E-01    8.61856E-01
    3.57500E+02    1.60547E-01    8.51677E-01
    3.57600E+02    2.22316E-01    8.00662E-01
    3.57700E+02    1.82910E-01    8.32843E-01
    3.57800E+02    1.58477E-01    8.53443E-01
    3.57900E+02    1.54102E-01    8.57184E-01
    3.58000E+02    1.55999E-01    8.55560E-01
    3.58100E+02    1.67780E-01    8.45540E-01
    3.58200E+02    2.94885E-01    7.44617E-01
    3.58300E+02    1.70075E-01    8.43601E-01
    3.58400E+02    1.61047E-01    8.51252E-01
    3.58500E+02    1.62059E-01    8.50391E-01
    3.58600E+02    1.69341E-01    8.44221E-01
    3.58700E+02    1.90823E-01    8.26279E-01
    3.58800E+02    2.80392E-01    7.55488E-01
    3.58900E+02    2.95560E-01    7.44115E-01
    3.59000E+02    1.93788E-01    8.23832E-01
    3.59100E+02    1.71994E-01    8.41984E-01
    3.59200E+02    1.64463E-01    8.48349E-01
    3.59300E+02    1.62144E-01    8.50319E-01
    3.59400E+02    1.63294E-01    8.49342E-01
    3.59500E+02    1.70385E-01    8.43340E-01
    3.59600E+02    2.07819E-01    8.12354E-01
    3.59700E+02    2.05769E-01    8.14021E-01
    3.59800E+02    1.69968E-01    8.43692E-01
    3.59900E+02    1.62802E-01    8.49759E-01
    3.60000E+02    1.60228E-01    8.51950E-01
    3.60100E+02    1.58869E-01    8.53108E-01
    3.60200E+02    1.58473E-01    8.53446E-01
    3.60300E+02    1.58569E-01    8.53364E-01
    3.60400E+02    1.58870E-01    8.53107E-01
    3.60500E+02    1.59358E-01    8.52691E-01
    3.60600E+02    1.60018E-01    8.52128E-01
    3.60700E+02    1.60629E-01    8.51608E-01
    3.60800E+02    1.61421E-01    8.50934E-01
    3.60900E+02    1.62374E-01    8.50123E-01
    3.61000E+02    1.63163E-01    8.49452E-01
    3.61100E+02    1.64277E-01    8.48507E-01
    3.61200E+02    1.65351E-01    8.47596E-01
    3.61300E+02    1.66712E-01    8.46443E-01
    3.61400E+02    1.68507E-01    8.44925E-01
    3.61500E+02    1.71641E-01    8.42281E-01
    3.61600E+02    1.80874E-01    8.34540E-01
    3.61700E+02    1.94014E-01    8.23646E-01
    3.61800E+02    1.76960E-01    8.37813E-01
    3.61900E+02    1.74520E-01    8.39860E-01
    3.62000E+02    1.74459E-01    8.39911E-01
    3.62100E+02    1.75163E-01    8.39320E-01
    3.62200E+02    1.76314E-01    8.38355E-01
    3.62300E+02    1.77824E-01    8.37090E-01
    3.62400E+02    1.78549E-01    8.36483E-01
    3.62500E+02    1.79898E-01    8.35356E-01
    3.62600E+02    1.81959E-01    8.33636E-01
    3.62700E+02    1.82953E-01    8.32808E-01
    3.62800E+02    1.84624E-01    8.31417E-01
    3.62900E+02    1.86680E-01    8.29709E-01
    3.63000E+02    1.88621E-01    8.28100E-01
    3.63100E+02    1.91554E-01    8.25675E-01
    3.63200E+02    1.94488E-01    8.23256E-01
    3.63300E+02    2.00285E-01    8.18498E-01
    3.63400E+02    2.17864E-01    8.04235E-01
    3.63500E+02    2.44620E-01    7.83002E-01
    3.63600E+02    2.12813E-01    8.08307E-01
    3.63700E+02    2.09934E-01    8.10638E-01
    3.63800E+02    2.08471E-01    8.11825E-01
    3.63900E+02    2.10490E-01    8.10187E-01
    3.64000E+02    2.14468E-01    8.06971E-01
    3.64100E+02    2.20796E-01    8.01881E-01
    3.64200E+02    2.32011E-01    7.92937E-01
    3.64300E+02    2.57998E-01    7.72596E-01
    3.64400E+02    3.72951E-01    6.88699E-01
    3.64500E+02    3.61110E-01    6.96903E-01
    3.64600E+02    2.64392E-01    7.67673E-01
    3.64700E+02    2.44477E-01    7.83114E-01
    3.64800E+02    2.38611E-01    7.87721E-01
    3.64900E+02    2.37416E-01    7.88663E-01
    3.65000E+02    2.38322E-01    7.87949E-01
    3.65100E+02    2.40393E-01    7.86319E-01
    3.65200E+02    2.43268E-01    7.84061E-01
    3.65300E+02    2.47310E-01    7.80899E-01
    3.65400E+02    2.50584E-01    7.78346E-01
    3.65500E+02    2.54865E-01    7.75021E-01
    3.65600E+02    2.59674E-01    7.71303E-01
    3.65700E+02    2.65045E-01    7.67171E-01
    3.65800E+02    2.71542E-01    7.62203E-01
    3.65900E+02    2.77506E-01    7.57671E-01
    3.66000E+02    2.84196E-01    7.52619E-01
    3.66100E+02    2.91927E-01    7.46823E-01
    3.66200E+02    3.00688E-01    7.40309E-01
    3.66300E+02    3.10507E-01    7.33075E-01
    3.66400E+02    3.22001E-01    7.24698E-01
    3.66500E+02    3.36115E-01    7.14541E-01
    3.66600E+02    3.55832E-01    7.00590E-01
    3.66700E+02    3.96817E-01    6.72457E-01
    3.66800E+02    4.81936E-01    6.17587E-01
    3.66900E+02    4.12571E-01    6.61947E-01
    3.67000E+02    4.19182E-01    6.57585E-01
    3.67100E+02    4.37872E-01    6.45409E-01
    3.67200E+02    4.62874E-01    6.29472E-01
    3.67300E+02    4.93804E-01    6.10300E-01
    3.67400E+02    5.30412E-01    5.88363E-01
    3.67500E+02    5.74136E-01    5.63192E-01
    3.67600E+02    6.27343E-01    5.34009E-01
    3.67700E+02    6.92425E-01    5.00361E-01
    3.67800E+02    7.72356E-01    4.61924E-01
    3.67900E+02    8.73414E-01    4.17524E-01
    3.68000E+02    1.00235E+00    3.67016E-01
    3.68100E+02    1.17343E+00    3.09305E-01
    3.68200E+02    1.41008E+00    2.44124E-01
    3.68300E+02    1.76544E+00    1.71112E-01
    3.68400E+02    2.38175E+00    9.23887E-02
    3.68500E+02    4.96726E+00    6.96216E-03
    3.68600E+02    2.36134E+00    9.42942E-02
    3.68700E+02    1.76357E+00    1.71431E-01
    3.68800E+02    1.42352E+00    2.40864E-01
    3.68900E+02    1.20207E+00    3.00570E-01
    3.69000E+02    1.03859E+00    3.53952E-01
    3.69100E+02    9.09482E-01    4.02733E-01
    3.69200E+02    8.13705E-01    4.43213E-01
    3.69300E+02    7.39077E-01    4.77554E-01
    3.69400E+02    6.79756E-01    5.06741E-01
    3.69500E+02    6.32134E-01    5.31457E-01
    3.69600E+02    5.93591E-01    5.52341E-01
    3.69700E+02    5.62145E-01    5.69985E-01
    3.69800E+02    5.36459E-01    5.84815E-01
    3.69900E+02    5.15486E-01    5.97210E-01
    3.70000E+02    4.98713E-01    6.07312E-01
    3.70100E+02    4.84599E-01    6.15944E-01
    3.70200E+02    4.72839E-01    6.23231E-01
    3.70300E+02    4.63694E-01    6.28956E-01
    3.70400E+02    4.56613E-01    6.33425E-01
    3.70500E+02    4.51381E-01    6.36748E-01
    3.70600E+02    4.47985E-01    6.38914E-01
    3.70700E+02    4.46735E-01    6.39713E-01
    3.70800E+02    4.48664E-01    6.38480E-01
    3.70900E+02    4.59399E-01    6.31663E-01
    3.71000E+02    5.33231E-01    5.86706E-01
    3.71100E+02    4.74472E-01    6.22214E-01
    3.71200E+02    4.52233E-01    6.36206E-01
    3.71300E+02    4.47514E-01    6.39216E-01
    3.71400E+02    4.47135E-01    6.39458E-01
    3.71500E+02    4.48649E-01    6.38490E-01
    3.71600E+02    4.51227E-01    6.36846E-01
    3.71700E+02    4.54642E-01    6.34675E-01
    3.71800E+02    4.58717E-01    6.32094E-01
    3.71900E+02    4.63348E-01    6.29174E-01
    3.72000E+02    4.68626E-01    6.25861E-01
    3.72100E+02    4.74163E-01    6.22406E-01
    3.72200E+02    4.80294E-01    6.18602E-01
    3.72300E+02    4.86929E-01    6.14510E-01
    3.72400E+02    4.94003E-01    6.10179E-01
    3.72500E+02    5.01598E-01    6.05562E-01
    3.72600E+02    5.09774E-01    6.00631E-01
    3.72700E+02    5.18326E-01    5.95517E-01
    3.72800E+02    5.27165E-01    5.90276E-01
    3.72900E+02    5.36819E-01    5.84605E-01
    3.73000E+02    5.48918E-01    5.77574E-01
    3.73100E+02    5.57275E-01    5.72768E-01
    3.73200E+02    5.68264E-01    5.66508E-01
    3.73300E+02    5.79506E-01    5.60175E-01
    3.73400E+02    5.91562E-01    5.53462E-01
    3.73500E+02    6.04407E-01    5.46398E-01
    3.73600E+02    6.17666E-01    5.39201E-01
    3.73700E+02    6.31664E-01    5.31707E-01
    3.73800E+02    6.46442E-01    5.23907E-01
    3.73900E+02    6.61989E-01    5.15824E-01
    3.74000E+02    6.78212E-01    5.07523E-01
    3.74100E+02    6.95400E-01    4.98875E-01
    3.74200E+02    7.13459E-01    4.89946E-01
    3.74300E+02    7.32914E-01    4.80507E-01
    3.74400E+02    7.52535E-01    4.71171E-01
    3.74500E+02    7.73445E-01    4.61421E-01
    3.74600E+02    7.95897E-01    4.51176E-01
    3.74700E+02    8.19893E-01    4.40479E-01
    3.74800E+02    8.46010E-01    4.29124E-01
    3.74900E+02    8.75385E-01    4.16701E-01
    3.75000E+02    9.11604E-01    4.01879E-01
    3.75100E+02    9.73563E-01    3.77735E-01
    3.75200E+02    1.09853E+00    3.33361E-01
    3.75300E+02    1.01393E+00    3.62790E-01
    3.75400E+02    1.02831E+00    3.57609E-01
    3.75500E+02    1.05681E+00    3.47562E-01
    3.75600E+02    1.09067E+00    3.35990E-01
    3.75700E+02    1.12828E+00    3.23588E-01
    3.75800E+02    1.16923E+00    3.10607E-01
    3.75900E+02    1.21433E+00    2.96910E-01
    3.76000E+02    1.26586E+00    2.81995E-01
    3.76100E+02    1.31433E+00    2.68654E-01
    3.76200E+02    1.38887E+00    2.49358E-01
    3.76300E+02    1.43360E+00    2.38450E-01
    3.76400E+02    1.47891E+00    2.27885E-01
    3.76500E+02    1.53890E+00    2.14617E-01
    3.76600E+02    1.60519E+00    2.00851E-01
    3.76700E+02    1.67686E+00    1.86960E-01
    3.76800E+02    1.75369E+00    1.73133E-01
    3.76900E+02    1.83621E+00    1.59421E-01
    3.77000E+02    1.92495E+00    1.45883E-01
    3.77100E+02    2.01989E+00    1.32670E-01
    3.77200E+02    2.12211E+00    1.19779E-01
    3.77300E+02    2.23207E+00    1.07306E-01
    3.77400E+02    2.35045E+00    9.53260E-02
    3.77500E+02    2.47837E+00    8.38800E-02
    3.77600E+02    2.61578E+00    7.31108E-02
    3.77700E+02    2.76457E+00    6.30035E-02
    3.77800E+02    2.92562E+00    5.36313E-02
    3.77900E+02    3.10049E+00    4.50272E-02
    3.78000E+02    3.29076E+00    3.72254E-02
    3.78100E+02    3.50156E+00    3.01504E-02
    3.78200E+02    3.75126E+00    2.34881E-02
    3.78300E+02    4.09173E+00    1.67102E-02
    3.78400E+02    4.22692E+00    1.45973E-02
    3.78500E+02    4.48807E+00    1.12423E-02
    3.78600E+02    4.78503E+00    8.35391E-03
    3.78700E+02    5.14801E+00    5.81097E-03
    3.78800E+02    5.44524E+00    4.31682E-03
    3.78900E+02    5.80839E+00    3.00225E-03
    3.79000E+02    6.20035E+00    2.02872E-03
    3.79100E+02    6.61855E+00    1.33537E-03
    3.79200E+02    7.05975E+00    8.58996E-04
    3.79300E+02    7.52120E+00    5.41481E-04
    3.79400E+02    7.99881E+00    3.35861E-04
    3.79500E+02    8.48606E+00    2.06324E-04
    3.79600E+02    8.97381E+00    1.26685E-04
    3.79700E+02    9.45020E+00    7.86738E-05
    3.79800E+02    9.90024E+00    5.01627E-05
    3.79900E+02    1.03045E+01    3.34828E-05
    3.80000E+02    1.06403E+01    2.39316E-05
    3.80100E+02    1.08796E+01    1.88380E-05
    3.80200E+02    1.09796E+01    1.70467E-05
    3.80300E+02    1.08820E+01    1.87934E-05
    3.80400E+02    1.06480E+01    2.37493E-05
    3.80500E+02    1.03184E+01    3.30193E-05
    3.80600E+02    9.91990E+00    4.91861E-05
    3.80700E+02    9.47643E+00    7.66370E-05
    3.80800E+02    9.00586E+00    1.22689E-04
    3.80900E+02    8.52335E+00    1.98772E-04
    3.81000E+02    8.04134E+00    3.21877E-04
    3.81100E+02    7.56783E+00    5.16811E-04
    3.81200E+02    7.10934E+00    8.17433E-04
    3.81300E+02    6.67086E+00    1.26731E-03
    3.81400E+02    6.25488E+00    1.92105E-03
    3.81500E+02    5.86246E+00    2.84423E-03
    3.81600E+02    5.49497E+00    4.10736E-03
    3.81700E+02    5.15151E+00    5.79064E-03
    3.81800E+02    4.83160E+00    7.97378E-03
    3.81900E+02    4.53472E+00    1.07299E-02
    3.82000E+02    4.25973E+00    1.41261E-02
    3.82100E+02    4.00678E+00    1.81919E-02
    3.82200E+02    3.77064E+00    2.30373E-02
    3.82300E+02    3.54973E+00    2.87325E-02
    3.82400E+02    3.34733E+00    3.51782E-02
    3.82500E+02    3.16016E+00    4.24190E-02
    3.82600E+02    2.98699E+00    5.04393E-02
    3.82700E+02    2.82671E+00    5.92071E-02
    3.82800E+02    2.67828E+00    6.86811E-02
    3.82900E+02    2.54009E+00    7.88589E-02
    3.83000E+02    2.41213E+00    8.96244E-02
    3.83100E+02    2.29327E+00    1.00936E-01
    3.83200E+02    2.18280E+00    1.12725E-01
    3.83300E+02    2.08065E+00    1.24849E-01
    3.83400E+02    1.98428E+00    1.37480E-01
    3.83500E+02    1.89449E+00    1.50395E-01
    3.83600E+02    1.81093E+00    1.63501E-01
    3.83700E+02    1.73283E+00    1.76783E-01
    3.83800E+02    1.65989E+00    1.90160E-01
    3.83900E+02    1.59149E+00    2.03621E-01
    3.84000E+02    1.52736E+00    2.17109E-01
    3.84100E+02    1.46721E+00    2.30569E-01
    3.84200E+02    1.41072E+00    2.43967E-01
    3.84300E+02    1.35761E+00    2.57274E-01
    3.84400E+02    1.30769E+00    2.70444E-01
    3.84500E+02    1.26078E+00    2.83433E-01
    3.84600E+02    1.21729E+00    2.96031E-01
    3.84700E+02    1.17518E+00    3.08763E-01
    3.84800E+02    1.13523E+00    3.21348E-01
    3.84900E+02    1.09762E+00    3.33664E-01
    3.85000E+02    1.06214E+00    3.45716E-01
    3.85100E+02    1.02874E+00    3.57457E-01
    3.85200E+02    9.97042E-01    3.68969E-01
    3.85300E+02    9.68065E-01    3.79817E-01
    3.85400E+02    9.38354E-01    3.91271E-01
    3.85500E+02    9.11177E-01    4.02051E-01
    3.85600E+02    8.85431E-01    4.12536E-01
    3.85700E+02    8.60923E-01    4.22772E-01
    3.85800E+02    8.37495E-01    4.32793E-01
    3.85900E+02    8.15140E-01    4.42577E-01
    3.86000E+02    7.93770E-01    4.52137E-01
    3.86100E+02    7.73506E-01    4.61393E-01
    3.86200E+02    7.54161E-01    4.70405E-01
    3.86300E+02    7.36004E-01    4.79024E-01
    3.86400E+02    7.18177E-01    4.87640E-01
    3.86500E+02    7.01500E-01    4.95841E-01
    3.86600E+02    6.85971E-01    5.03601E-01
    3.86700E+02    6.71024E-01    5.11185E-01
    3.86800E+02    6.58202E-01    5.17782E-01
    3.86900E+02    6.46262E-01    5.24001E-01
    3.87000E+02    6.40659E-01    5.26945E-01
    3.87100E+02    6.87621E-01    5.02771E-01
    3.87200E+02    6.36233E-01    5.29283E-01
    3.87300E+02    6.94550E-01    4.99299E-01
    3.87400E+02    5.98381E-01    5.49701E-01
    3.87500E+02    5.75129E-01    5.62632E-01
    3.87600E+02    5.59497E-01    5.71496E-01
    3.87700E+02    5.47073E-01    5.78641E-01
    3.87800E+02    5.36044E-01    5.85058E-01
    3.87900E+02    5.25903E-01    5.91022E-01
    3.88000E+02    5.16666E-01    5.96506E-01
    3.88100E+02    5.07214E-01    6.02171E-01
    3.88200E+02    4.98556E-01    6.07407E-01
    3.88300E+02    4.90306E-01    6.12439E-01
    3.88400E+02    4.82449E-01    6.17270E-01
    3.88500E+02    4.74939E-01    6.21923E-01
    3.88600E+02    4.67759E-01    6.26404E-01
    3.88700E+02    4.60894E-01    6.30719E-01
    3.88800E+02    4.54381E-01    6.34841E-01
    3.88900E+02    4.48509E-01    6.38579E-01
    3.89000E+02    4.42206E-01    6.42617E-01
    3.89100E+02    4.36297E-01    6.46426E-01
    3.89200E+02    4.30781E-01    6.50001E-01
    3.89300E+02    4.25608E-01    6.53373E-01
    3.89400E+02    4.20589E-01    6.56660E-01
    3.89500E+02    4.15712E-01    6.59870E-01
    3.89600E+02    4.11139E-01    6.62895E-01
    3.89700E+02    4.06739E-01    6.65818E-01
    3.89800E+02    4.02525E-01    6.68630E-01
    3.89900E+02    3.98481E-01    6.71339E-01
    3.90000E+02    3.94645E-01    6.73920E-01
    3.90100E+02    3.90797E-01    6.76517E-01
    3.90200E+02    3.86961E-01    6.79117E-01
    3.90300E+02    3.83289E-01    6.81616E-01
    3.90400E+02    3.79466E-01    6.84227E-01
    3.90500E+02    3.75753E-01    6.86772E-01
    3.90600E+02    3.71848E-01    6.89459E-01
    3.90700E+02    3.67709E-01    6.92318E-01
    3.90800E+02    3.63534E-01    6.95215E-01
    3.90900E+02    3.59342E-01    6.98136E-01
    3.91000E+02    3.55139E-01    7.01076E-01
    3.91100E+02    3.50992E-01    7.03990E-01
    3.91200E+02    3.46982E-01    7.06818E-01
    3.91300E+02    3.43704E-01    7.09139E-01
    3.91400E+02    3.39259E-01    7.12298E-01
    3.91500E+02    3.35845E-01    7.14734E-01
    3.91600E+02    3.31590E-01    7.17782E-01
    3.91700E+02    3.28033E-01    7.20339E-01
    3.91800E+02    3.24829E-01    7.22651E-01
    3.91900E+02    3.22868E-01    7.24070E-01
    3.92000E+02    3.19171E-01    7.26751E-01
    3.92100E+02    3.16653E-01    7.28584E-01
    3.92200E+02    3.14919E-01    7.29848E-01
    3.92300E+02    3.14553E-01    7.30115E-01
    3.92400E+02    3.17248E-01    7.28150E-01
    3.92500E+02    3.28334E-01    7.20122E-01
    3.92600E+02    3.86509E-01    6.79424E-01
    3.92700E+02    3.96802E-01    6.72467E-01
    3.92800E+02    3.22513E-01    7.24327E-01
    3.92900E+02    3.04231E-01    7.37691E-01
    3.93000E+02    2.95841E-01    7.43906E-01
    3.93100E+02    2.90615E-01    7.47804E-01
    3.93200E+02    2.86844E-01    7.50629E-01
    3.93300E+02    2.83448E-01    7.53182E-01
    3.93400E+02    2.80658E-01    7.55287E-01
    3.93500E+02    2.77929E-01    7.57350E-01
    3.93600E+02    2.75475E-01    7.59211E-01
    3.93700E+02    2.73216E-01    7.60928E-01
    3.93800E+02    2.71097E-01    7.62543E-01
    3.93900E+02    2.69124E-01    7.64048E-01
    3.94000E+02    2.67262E-01    7.65472E-01
    3.94100E+02    2.65584E-01    7.66758E-01
    3.94200E+02    2.63649E-01    7.68243E-01
    3.94300E+02    2.61862E-01    7.69617E-01
    3.94400E+02    2.60205E-01    7.70894E-01
    3.94500E+02    2.58681E-01    7.72069E-01
    3.94600E+02    2.57270E-01    7.73160E-01
    3.94700E+02    2.56035E-01    7.74115E-01
    3.94800E+02    2.55159E-01    7.74793E-01
    3.94900E+02    2.55204E-01    7.74759E-01
    3.95000E+02    2.59882E-01    7.71143E-01
    3.95100E+02    2.63846E-01    7.68092E-01
    3.95200E+02    2.51945E-01    7.77288E-01
    3.95300E+02    2.48696E-01    7.79817E-01
    3.95400E+02    2.46845E-01    7.81262E-01
    3.95500E+02    2.45285E-01    7.82482E-01
    3.95600E+02    2.43997E-01    7.83490E-01
    3.95700E+02    2.42872E-01    7.84372E-01
    3.95800E+02    2.41875E-01    7.85154E-01
    3.95900E+02    2.41034E-01    7.85815E-01
    3.96000E+02    2.40383E-01    7.86327E-01
    3.96100E+02    2.40070E-01    7.86573E-01
    3.96200E+02    2.40386E-01    7.86324E-01
    3.96300E+02    2.42234E-01    7.84872E-01
    3.96400E+02    2.49250E-01    7.79385E-01
    3.96500E+02    2.94817E-01    7.44668E-01
    3.96600E+02    2.62669E-01    7.68997E-01
    3.96700E+02    2.43196E-01    7.84118E-01
    3.96800E+02    2.38709E-01    7.87644E-01
    3.96900E+02    2.39650E-01    7.86903E-01
    3.97000E+02    2.61807E-01    7.69660E-01
    3.97100E+02    2.43234E-01    7.84088E-01
    3.97200E+02    2.33019E-01    7.92138E-01
    3.97300E+02    2.29720E-01    7.94756E-01
    3.97400E+02    2.27904E-01    7.96200E-01
    3.97500E+02    2.26561E-01    7.97271E-01
    3.97600E+02    2.25498E-01    7.98118E-01
    3.97700E+02    2.24579E-01    7.98852E-01
    3.97800E+02    2.23771E-01    7.99498E-01
    3.97900E+02    2.23073E-01    8.00057E-01
    3.98000E+02    2.22339E-01    8.00644E-01
    3.98100E+02    2.21634E-01    8.01209E-01
    3.98200E+02    2.21010E-01    8.01709E-01
    3.98300E+02    2.20433E-01    8.02171E-01
    3.98400E+02    2.19901E-01    8.02598E-01
    3.98500E+02    2.19405E-01    8.02996E-01
    3.98600E+02    2.18952E-01    8.03360E-01
    3.98700E+02    2.18540E-01    8.03691E-01
    3.98800E+02    2.18182E-01    8.03979E-01
    3.98900E+02    2.17887E-01    8.04217E-01
    3.99000E+02    2.17676E-01    8.04386E-01
    3.99100E+02    2.17630E-01    8.04423E-01
    3.99200E+02    2.18277E-01    8.03903E-01
    3.99300E+02    2.18653E-01    8.03600E-01
    3.99400E+02    2.17882E-01    8.04220E-01
    3.99500E+02    2.18533E-01    8.03697E-01
    3.99600E+02    2.18637E-01    8.03613E-01
    3.99700E+02    2.19980E-01    8.02535E-01
    3.99800E+02    2.22829E-01    8.00252E-01
    3.99900E+02    2.29723E-01    7.94753E-01
