#	Freq	Err	Trans
    5.49900E+02    7.25595E+01    3.07485E-32
    5.50000E+02    7.44856E+01    4.48033E-33
    5.50100E+02    7.64958E+01    6.00226E-34
    5.50200E+02    7.85938E+01    7.36442E-35
    5.50300E+02    8.07837E+01    8.24308E-36
    5.50400E+02    8.30715E+01    8.36593E-37
    5.50500E+02    8.54621E+01    7.66060E-38
    5.50600E+02    8.79604E+01    6.29909E-39
    5.50700E+02    9.05752E+01    4.61010E-40
    5.50800E+02    9.33192E+01    2.96466E-41
    5.50900E+02    9.62279E+01    1.61719E-42
    5.51000E+02    9.95033E+01    6.11321E-44
    5.51100E+02    1.02321E+02    3.65260E-45
    5.51200E+02    1.05550E+02    1.44575E-46
    5.51300E+02    1.08985E+02    4.66221E-48
    5.51400E+02    1.12621E+02    1.22887E-49
    5.51500E+02    1.16359E+02    2.92340E-51
    5.51600E+02    1.20289E+02    5.74510E-53
    5.51700E+02    1.24430E+02    9.13667E-55
    5.51800E+02    1.28794E+02    1.16248E-56
    5.51900E+02    1.33378E+02    1.18805E-58
    5.52000E+02    1.38198E+02    9.58136E-61
    5.52100E+02    1.43272E+02    5.99209E-63
    5.52200E+02    1.48612E+02    2.87373E-65
    5.52300E+02    1.54240E+02    1.03393E-67
    5.52400E+02    1.60184E+02    2.70903E-70
    5.52500E+02    1.66458E+02    5.10841E-73
    5.52600E+02    1.73091E+02    6.72445E-76
    5.52700E+02    1.80104E+02    6.05102E-79
    5.52800E+02    1.87538E+02    3.57567E-82
    5.52900E+02    1.95409E+02    1.36453E-85
    5.53000E+02    2.03762E+02    3.21467E-89
    5.53100E+02    2.12627E+02    4.54278E-93
    5.53200E+02    2.22043E+02    3.69942E-97
    5.53300E+02    2.32060E+02    1.64972E-100
    5.53400E+02    2.42718E+02    3.87930E-100
    5.53500E+02    2.54066E+02    4.57628E-100
    5.53600E+02    2.66165E+02    2.54668E-100
    5.53700E+02    2.79056E+02    6.42057E-100
    5.53800E+02    2.92828E+02    6.70642E-100
    5.53900E+02    3.07541E+02    2.73345E-100
    5.54000E+02    3.23265E+02    4.05378E-100
    5.54100E+02    3.40090E+02    1.99929E-100
    5.54200E+02    3.58086E+02    3.05746E-100
    5.54300E+02    3.77373E+02    1.28580E-100
    5.54400E+02    3.98030E+02    1.37334E-100
    5.54500E+02    4.20168E+02    3.33634E-100
    5.54600E+02    4.43897E+02    1.65197E-100
    5.54700E+02    4.69347E+02    1.46349E-100
    5.54800E+02    4.96626E+02    2.07939E-100
    5.54900E+02    5.25867E+02    4.15874E-100
    5.55000E+02    5.57188E+02    1.03856E-100
    5.55100E+02    5.90709E+02    2.87243E-100
    5.55200E+02    6.26551E+02    7.80358E-100
    5.55300E+02    6.64814E+02    1.88412E-100
    5.55400E+02    7.05577E+02    3.73067E-100
    5.55500E+02    7.48889E+02    0.00000E+00
    5.55600E+02    7.94753E+02    0.00000E+00
    5.55700E+02    8.43116E+02    0.00000E+00
    5.55800E+02    8.93850E+02    0.00000E+00
    5.55900E+02    9.46735E+02    0.00000E+00
    5.56000E+02    1.00140E+03    0.00000E+00
    5.56100E+02    1.05739E+03    0.00000E+00
    5.56200E+02    1.11399E+03    0.00000E+00
    5.56300E+02    1.17019E+03    0.00000E+00
    5.56400E+02    1.22498E+03    0.00000E+00
    5.56500E+02    1.27688E+03    0.00000E+00
    5.56600E+02    1.32408E+03    0.00000E+00
    5.56700E+02    1.36431E+03    0.00000E+00
    5.56800E+02    1.39507E+03    0.00000E+00
    5.56900E+02    1.41276E+03    0.00000E+00
    5.57000E+02    1.41006E+03    0.00000E+00
    5.57100E+02    1.38926E+03    0.00000E+00
    5.57200E+02    1.35645E+03    0.00000E+00
    5.57300E+02    1.31495E+03    0.00000E+00
    5.57400E+02    1.26705E+03    0.00000E+00
    5.57500E+02    1.21484E+03    0.00000E+00
    5.57600E+02    1.16014E+03    0.00000E+00
    5.57700E+02    1.10424E+03    0.00000E+00
    5.57800E+02    1.04814E+03    0.00000E+00
    5.57900E+02    9.92861E+02    0.00000E+00
    5.58000E+02    9.38939E+02    0.00000E+00
    5.58100E+02    8.86817E+02    0.00000E+00
    5.58200E+02    8.36891E+02    0.00000E+00
    5.58300E+02    7.89336E+02    0.00000E+00
    5.58400E+02    7.44264E+02    4.94066E-100
    5.58500E+02    7.01701E+02    1.79886E-100
    5.58600E+02    6.61659E+02    4.41574E-100
    5.58700E+02    6.24068E+02    9.35180E-100
    5.58800E+02    5.88836E+02    1.86969E-100
    5.58900E+02    5.55885E+02    3.82252E-100
    5.59000E+02    5.25084E+02    9.09573E-100
    5.59100E+02    4.96323E+02    2.81722E-100
    5.59200E+02    4.69473E+02    1.28983E-100
    5.59300E+02    4.44412E+02    9.86680E-100
    5.59400E+02    4.21025E+02    1.41625E-100
    5.59500E+02    3.99205E+02    4.24101E-100
    5.59600E+02    3.78820E+02    3.02450E-100
    5.59700E+02    3.59805E+02    5.48135E-100
    5.59800E+02    3.42107E+02    2.66071E-100
    5.59900E+02    3.25422E+02    4.68970E-100
    5.60000E+02    3.09812E+02    2.81989E-100
    5.60100E+02    2.95229E+02    6.07663E-100
    5.60200E+02    2.81573E+02    5.18085E-100
    5.60300E+02    2.68769E+02    1.88319E-100
    5.60400E+02    2.56757E+02    3.10231E-100
    5.60500E+02    2.45476E+02    2.46172E-100
    5.60600E+02    2.34873E+02    9.90311E-100
    5.60700E+02    2.24902E+02    2.12008E-98
    5.60800E+02    2.15521E+02    2.51536E-94
    5.60900E+02    2.06679E+02    1.73894E-90
    5.61000E+02    1.98338E+02    7.29100E-87
    5.61100E+02    1.90467E+02    1.91042E-83
    5.61200E+02    1.83036E+02    3.22367E-80
    5.61300E+02    1.76015E+02    3.60983E-77
    5.61400E+02    1.69365E+02    2.79191E-74
    5.61500E+02    1.63074E+02    1.50604E-71
    5.61600E+02    1.57113E+02    5.84299E-69
    5.61700E+02    1.51463E+02    1.66177E-66
    5.61800E+02    1.46102E+02    3.53855E-64
    5.61900E+02    1.41011E+02    5.74945E-62
    5.62000E+02    1.36170E+02    7.27866E-60
    5.62100E+02    1.31570E+02    7.24467E-58
    5.62200E+02    1.27189E+02    5.78864E-56
    5.62300E+02    1.23018E+02    3.74827E-54
    5.62400E+02    1.19048E+02    1.98706E-52
    5.62500E+02    1.15257E+02    8.79854E-51
    5.62600E+02    1.11647E+02    3.25361E-49
    5.62700E+02    1.08197E+02    1.02466E-47
    5.62800E+02    1.04898E+02    2.77630E-46
    5.62900E+02    1.01746E+02    6.49134E-45
    5.63000E+02    9.87376E+01    1.31459E-43
    5.63100E+02    9.58547E+01    2.34875E-42
    5.63200E+02    9.30932E+01    3.71652E-41
    5.63300E+02    9.04502E+01    5.22369E-40
    5.63400E+02    8.79219E+01    6.54617E-39
    5.63500E+02    8.54886E+01    7.46022E-38
    5.63600E+02    8.31498E+01    7.73558E-37
    5.63700E+02    8.09085E+01    7.27563E-36
    5.63800E+02    7.87569E+01    6.25649E-35
    5.63900E+02    7.66884E+01    4.95062E-34
    5.64000E+02    7.47012E+01    3.61159E-33
    5.64100E+02    7.27889E+01    2.44436E-32
    5.64200E+02    7.09489E+01    1.53919E-31
    5.64300E+02    6.91771E+01    9.05226E-31
    5.64400E+02    6.74715E+01    4.98325E-30
    5.64500E+02    6.58270E+01    2.58054E-29
    5.64600E+02    6.42421E+01    1.25900E-28
    5.64700E+02    6.27133E+01    5.80711E-28
    5.64800E+02    6.12387E+01    2.53734E-27
    5.64900E+02    5.98163E+01    1.05226E-26
    5.65000E+02    5.84419E+01    4.15916E-26
    5.65100E+02    5.71158E+01    1.56655E-25
    5.65200E+02    5.58340E+01    5.64437E-25
    5.65300E+02    5.45957E+01    1.94709E-24
    5.65400E+02    5.33995E+01    6.44011E-24
    5.65500E+02    5.22438E+01    2.04558E-23
    5.65600E+02    5.11313E+01    6.22255E-23
    5.65700E+02    5.01213E+01    1.70835E-22
    5.65800E+02    4.90020E+01    5.23219E-22
    5.65900E+02    4.79821E+01    1.45093E-21
    5.66000E+02    4.70065E+01    3.84884E-21
    5.66100E+02    4.60790E+01    9.73068E-21
    5.66200E+02    4.52467E+01    2.23678E-20
    5.66300E+02    4.50072E+01    2.84193E-20
    5.66400E+02    4.34627E+01    1.33171E-19
    5.66500E+02    4.25495E+01    3.31890E-19
    5.66600E+02    4.17276E+01    7.54969E-19
    5.66700E+02    4.10397E+01    1.50206E-18
    5.66800E+02    4.02066E+01    3.45545E-18
    5.66900E+02    3.94297E+01    7.51443E-18
    5.67000E+02    3.86376E+01    1.65921E-17
    5.67100E+02    3.79059E+01    3.44884E-17
    5.67200E+02    3.72023E+01    6.97004E-17
    5.67300E+02    3.65215E+01    1.37696E-16
    5.67400E+02    3.58618E+01    2.66331E-16
    5.67500E+02    3.52205E+01    5.05747E-16
    5.67600E+02    3.45974E+01    9.43069E-16
    5.67700E+02    3.39922E+01    1.72728E-15
    5.67800E+02    3.34094E+01    3.09358E-15
    5.67900E+02    3.28285E+01    5.53032E-15
    5.68000E+02    3.22684E+01    9.68266E-15
    5.68100E+02    3.17237E+01    1.66949E-14
    5.68200E+02    3.11933E+01    2.83736E-14
    5.68300E+02    3.06762E+01    4.75873E-14
    5.68400E+02    3.01723E+01    7.87671E-14
    5.68500E+02    2.96815E+01    1.28672E-13
    5.68600E+02    2.92019E+01    2.07864E-13
    5.68700E+02    2.87354E+01    3.31403E-13
    5.68800E+02    2.82794E+01    5.22874E-13
    5.68900E+02    2.78351E+01    8.15426E-13
    5.69000E+02    2.74011E+01    1.25856E-12
    5.69100E+02    2.69783E+01    1.92080E-12
    5.69200E+02    2.65644E+01    2.90557E-12
    5.69300E+02    2.61616E+01    4.34677E-12
    5.69400E+02    2.57679E+01    6.44359E-12
    5.69500E+02    2.53824E+01    9.47453E-12
    5.69600E+02    2.50077E+01    1.37812E-11
    5.69700E+02    2.46423E+01    1.98606E-11
    5.69800E+02    2.42885E+01    2.82913E-11
    5.69900E+02    2.39505E+01    3.96688E-11
    5.70000E+02    2.36502E+01    5.35632E-11
    5.70100E+02    2.36597E+01    5.30533E-11
    5.70200E+02    2.29822E+01    1.04463E-10
    5.70300E+02    2.26209E+01    1.49919E-10
    5.70400E+02    2.22950E+01    2.07680E-10
    5.70500E+02    2.19849E+01    2.83202E-10
    5.70600E+02    2.16856E+01    3.82019E-10
    5.70700E+02    2.13983E+01    5.09160E-10
    5.70800E+02    2.11333E+01    6.63645E-10
    5.70900E+02    2.09306E+01    8.12773E-10
    5.71000E+02    2.14278E+01    4.94337E-10
    5.71100E+02    2.03780E+01    1.41233E-09
    5.71200E+02    2.00310E+01    1.99829E-09
    5.71300E+02    1.97446E+01    2.66093E-09
    5.71400E+02    1.94780E+01    3.47375E-09
    5.71500E+02    1.92208E+01    4.49281E-09
    5.71600E+02    1.89720E+01    5.76176E-09
    5.71700E+02    1.87286E+01    7.34989E-09
    5.71800E+02    1.84909E+01    9.32152E-09
    5.71900E+02    1.82578E+01    1.17688E-08
    5.72000E+02    1.80300E+01    1.47793E-08
    5.72100E+02    1.78076E+01    1.84615E-08
    5.72200E+02    1.75884E+01    2.29854E-08
    5.72300E+02    1.73746E+01    2.84650E-08
    5.72400E+02    1.71653E+01    3.50923E-08
    5.72500E+02    1.69609E+01    4.30521E-08
    5.72600E+02    1.67614E+01    5.25565E-08
    5.72700E+02    1.65718E+01    6.35288E-08
    5.72800E+02    1.64062E+01    7.49697E-08
    5.72900E+02    1.62977E+01    8.35612E-08
    5.73000E+02    1.60076E+01    1.11684E-07
    5.73100E+02    1.58080E+01    1.36362E-07
    5.73200E+02    1.56225E+01    1.64149E-07
    5.73300E+02    1.54444E+01    1.96150E-07
    5.73400E+02    1.52736E+01    2.32674E-07
    5.73500E+02    1.51188E+01    2.71639E-07
    5.73600E+02    1.51298E+01    2.68660E-07
    5.73700E+02    1.47849E+01    3.79331E-07
    5.73800E+02    1.46021E+01    4.55395E-07
    5.73900E+02    1.44361E+01    5.37654E-07
    5.74000E+02    1.42766E+01    6.30609E-07
    5.74100E+02    1.41206E+01    7.37058E-07
    5.74200E+02    1.39685E+01    8.58136E-07
    5.74300E+02    1.38199E+01    9.95620E-07
    5.74400E+02    1.36779E+01    1.14757E-06
    5.74500E+02    1.35597E+01    1.29149E-06
    5.74600E+02    1.34069E+01    1.50467E-06
    5.74700E+02    1.32485E+01    1.76306E-06
    5.74800E+02    1.31059E+01    2.03319E-06
    5.74900E+02    1.29690E+01    2.33148E-06
    5.75000E+02    1.28351E+01    2.66560E-06
    5.75100E+02    1.27036E+01    3.04024E-06
    5.75200E+02    1.25742E+01    3.46001E-06
    5.75300E+02    1.24471E+01    3.92913E-06
    5.75400E+02    1.23221E+01    4.45225E-06
    5.75500E+02    1.21992E+01    5.03469E-06
    5.75600E+02    1.20784E+01    5.68090E-06
    5.75700E+02    1.19599E+01    6.39545E-06
    5.75800E+02    1.18433E+01    7.18685E-06
    5.75900E+02    1.17281E+01    8.06415E-06
    5.76000E+02    1.16154E+01    9.02577E-06
    5.76100E+02    1.15057E+01    1.00725E-05
    5.76200E+02    1.13999E+01    1.11963E-05
    5.76300E+02    1.13011E+01    1.23598E-05
    5.76400E+02    1.12208E+01    1.33931E-05
    5.76500E+02    1.12960E+01    1.24222E-05
    5.76600E+02    1.10309E+01    1.61929E-05
    5.76700E+02    1.08871E+01    1.86979E-05
    5.76800E+02    1.07765E+01    2.08846E-05
    5.76900E+02    1.06696E+01    2.32402E-05
    5.77000E+02    1.05697E+01    2.56816E-05
    5.77100E+02    1.04711E+01    2.83436E-05
    5.77200E+02    1.03751E+01    3.11995E-05
    5.77300E+02    1.02812E+01    3.42699E-05
    5.77400E+02    1.01880E+01    3.76206E-05
    5.77500E+02    1.00966E+01    4.12207E-05
    5.77600E+02    1.00066E+01    4.51002E-05
    5.77700E+02    9.91812E+00    4.92736E-05
    5.77800E+02    9.83129E+00    5.37433E-05
    5.77900E+02    9.75065E+00    5.82569E-05
    5.78000E+02    9.66044E+00    6.37563E-05
    5.78100E+02    9.57624E+00    6.93571E-05
    5.78200E+02    9.49364E+00    7.53295E-05
    5.78300E+02    9.41224E+00    8.17173E-05
    5.78400E+02    9.33202E+00    8.85431E-05
    5.78500E+02    9.25299E+00    9.58250E-05
    5.78600E+02    9.17611E+00    1.03482E-04
    5.78700E+02    9.09814E+00    1.11874E-04
    5.78800E+02    9.02209E+00    1.20714E-04
    5.78900E+02    8.94708E+00    1.30117E-04
    5.79000E+02    8.87317E+00    1.40098E-04
    5.79100E+02    8.80029E+00    1.50689E-04
    5.79200E+02    8.72834E+00    1.61931E-04
    5.79300E+02    8.65739E+00    1.73837E-04
    5.79400E+02    8.58736E+00    1.86447E-04
    5.79500E+02    8.51824E+00    1.99791E-04
    5.79600E+02    8.45003E+00    2.13894E-04
    5.79700E+02    8.38274E+00    2.28781E-04
    5.79800E+02    8.31630E+00    2.44499E-04
    5.79900E+02    8.25091E+00    2.61021E-04
    5.80000E+02    8.18791E+00    2.77993E-04
    5.80100E+02    8.12231E+00    2.96842E-04
    5.80200E+02    8.05962E+00    3.16048E-04
    5.80300E+02    7.99713E+00    3.36427E-04
    5.80400E+02    7.93629E+00    3.57529E-04
    5.80500E+02    7.87493E+00    3.80154E-04
    5.80600E+02    7.81503E+00    4.03624E-04
    5.80700E+02    7.75592E+00    4.28199E-04
    5.80800E+02    7.69762E+00    4.53906E-04
    5.80900E+02    7.64025E+00    4.80707E-04
    5.81000E+02    7.58400E+00    5.08521E-04
    5.81100E+02    7.52789E+00    5.37873E-04
    5.81200E+02    7.47297E+00    5.68238E-04
    5.81300E+02    7.42126E+00    5.98392E-04
    5.81400E+02    7.36610E+00    6.32327E-04
    5.81500E+02    7.31400E+00    6.66150E-04
    5.81600E+02    7.26292E+00    7.01055E-04
    5.81700E+02    7.21422E+00    7.36045E-04
    5.81800E+02    7.16988E+00    7.69414E-04
    5.81900E+02    7.13069E+00    8.00165E-04
    5.82000E+02    7.11220E+00    8.15100E-04
    5.82100E+02    7.20766E+00    7.40887E-04
    5.82200E+02    7.12796E+00    8.02354E-04
    5.82300E+02    7.01570E+00    8.97674E-04
    5.82400E+02    6.89611E+00    1.01171E-03
    5.82500E+02    6.82853E+00    1.08245E-03
    5.82600E+02    6.77296E+00    1.14430E-03
    5.82700E+02    6.72157E+00    1.20464E-03
    5.82800E+02    6.67273E+00    1.26495E-03
    5.82900E+02    6.62579E+00    1.32573E-03
    5.83000E+02    6.58041E+00    1.38729E-03
    5.83100E+02    6.53614E+00    1.45007E-03
    5.83200E+02    6.49486E+00    1.51118E-03
    5.83300E+02    6.45958E+00    1.56545E-03
    5.83400E+02    6.45013E+00    1.58032E-03
    5.83500E+02    6.48542E+00    1.52551E-03
    5.83600E+02    6.34072E+00    1.76304E-03
    5.83700E+02    6.28249E+00    1.86874E-03
    5.83800E+02    6.23593E+00    1.95780E-03
    5.83900E+02    6.20064E+00    2.02812E-03
    5.84000E+02    6.15066E+00    2.13207E-03
    5.84100E+02    6.10878E+00    2.22326E-03
    5.84200E+02    6.06815E+00    2.31544E-03
    5.84300E+02    6.02843E+00    2.40926E-03
    5.84400E+02    5.98935E+00    2.50530E-03
    5.84500E+02    5.95086E+00    2.60360E-03
    5.84600E+02    5.91377E+00    2.70199E-03
    5.84700E+02    5.87533E+00    2.80786E-03
    5.84800E+02    5.83771E+00    2.91552E-03
    5.84900E+02    5.80080E+00    3.02513E-03
    5.85000E+02    5.76435E+00    3.13744E-03
    5.85100E+02    5.72840E+00    3.25227E-03
    5.85200E+02    5.69281E+00    3.37012E-03
    5.85300E+02    5.65779E+00    3.49023E-03
    5.85400E+02    5.62279E+00    3.61456E-03
    5.85500E+02    5.58827E+00    3.74149E-03
    5.85600E+02    5.55429E+00    3.87082E-03
    5.85700E+02    5.52090E+00    4.00225E-03
    5.85800E+02    5.48736E+00    4.13875E-03
    5.85900E+02    5.45404E+00    4.27899E-03
    5.86000E+02    5.42146E+00    4.42068E-03
    5.86100E+02    5.38916E+00    4.56582E-03
    5.86200E+02    5.35694E+00    4.71531E-03
    5.86300E+02    5.32519E+00    4.86743E-03
    5.86400E+02    5.29395E+00    5.02187E-03
    5.86500E+02    5.26296E+00    5.17997E-03
    5.86600E+02    5.23225E+00    5.34148E-03
    5.86700E+02    5.20193E+00    5.50592E-03
    5.86800E+02    5.17290E+00    5.66809E-03
    5.86900E+02    5.14187E+00    5.84676E-03
    5.87000E+02    5.11292E+00    6.01847E-03
    5.87100E+02    5.08292E+00    6.20174E-03
    5.87200E+02    5.05384E+00    6.38477E-03
    5.87300E+02    5.02513E+00    6.57074E-03
    5.87400E+02    4.99670E+00    6.76024E-03
    5.87500E+02    4.96855E+00    6.95324E-03
    5.87600E+02    4.94073E+00    7.14938E-03
    5.87700E+02    4.91329E+00    7.34829E-03
    5.87800E+02    4.88615E+00    7.55044E-03
    5.87900E+02    4.85891E+00    7.75893E-03
    5.88000E+02    4.83211E+00    7.96966E-03
    5.88100E+02    4.80574E+00    8.18262E-03
    5.88200E+02    4.77942E+00    8.40085E-03
    5.88300E+02    4.75356E+00    8.62092E-03
    5.88400E+02    4.72826E+00    8.84187E-03
    5.88500E+02    4.70242E+00    9.07329E-03
    5.88600E+02    4.67711E+00    9.30588E-03
    5.88700E+02    4.65223E+00    9.54034E-03
    5.88800E+02    4.62769E+00    9.77735E-03
    5.88900E+02    4.60375E+00    1.00142E-02
    5.89000E+02    4.58109E+00    1.02437E-02
    5.89100E+02    4.57463E+00    1.03101E-02
    5.89200E+02    4.53384E+00    1.07394E-02
    5.89300E+02    4.50819E+00    1.10184E-02
    5.89400E+02    4.48434E+00    1.12844E-02
    5.89500E+02    4.46112E+00    1.15494E-02
    5.89600E+02    4.43810E+00    1.18184E-02
    5.89700E+02    4.41565E+00    1.20867E-02
    5.89800E+02    4.39332E+00    1.23596E-02
    5.89900E+02    4.37169E+00    1.26298E-02
    5.90000E+02    4.35068E+00    1.28980E-02
    5.90100E+02    4.33112E+00    1.31528E-02
    5.90200E+02    4.31597E+00    1.33536E-02
    5.90300E+02    4.32718E+00    1.32047E-02
    5.90400E+02    4.29016E+00    1.37027E-02
    5.90500E+02    4.25047E+00    1.42575E-02
    5.90600E+02    4.22587E+00    1.46126E-02
    5.90700E+02    4.20475E+00    1.49245E-02
    5.90800E+02    4.18639E+00    1.52010E-02
    5.90900E+02    4.17399E+00    1.53907E-02
    5.91000E+02    4.21976E+00    1.47021E-02
    5.91100E+02    4.14417E+00    1.58566E-02
    5.91200E+02    4.14842E+00    1.57894E-02
    5.91300E+02    4.12423E+00    1.61760E-02
    5.91400E+02    4.07278E+00    1.70301E-02
    5.91500E+02    4.04615E+00    1.74895E-02
    5.91600E+02    4.02429E+00    1.78761E-02
    5.91700E+02    4.00386E+00    1.82450E-02
    5.91800E+02    3.98443E+00    1.86030E-02
    5.91900E+02    3.96569E+00    1.89549E-02
    5.92000E+02    3.94745E+00    1.93039E-02
    5.92100E+02    3.92990E+00    1.96457E-02
    5.92200E+02    3.91324E+00    1.99757E-02
    5.92300E+02    3.89837E+00    2.02750E-02
    5.92400E+02    3.88787E+00    2.04889E-02
    5.92500E+02    3.88790E+00    2.04882E-02
    5.92600E+02    3.97771E+00    1.87285E-02
    5.92700E+02    3.88929E+00    2.04599E-02
    5.92800E+02    3.82514E+00    2.18154E-02
    5.92900E+02    3.79614E+00    2.24574E-02
    5.93000E+02    3.77425E+00    2.29542E-02
    5.93100E+02    3.75499E+00    2.34007E-02
    5.93200E+02    3.73699E+00    2.38256E-02
    5.93300E+02    3.71953E+00    2.42453E-02
    5.93400E+02    3.70273E+00    2.46561E-02
    5.93500E+02    3.68631E+00    2.50644E-02
    5.93600E+02    3.66983E+00    2.54808E-02
    5.93700E+02    3.65378E+00    2.58930E-02
    5.93800E+02    3.63790E+00    2.63076E-02
    5.93900E+02    3.62251E+00    2.67156E-02
    5.94000E+02    3.60729E+00    2.71253E-02
    5.94100E+02    3.59232E+00    2.75345E-02
    5.94200E+02    3.57881E+00    2.79089E-02
    5.94300E+02    3.56538E+00    2.82862E-02
    5.94400E+02    3.54982E+00    2.87298E-02
    5.94500E+02    3.53631E+00    2.91205E-02
    5.94600E+02    3.52349E+00    2.94964E-02
    5.94700E+02    3.51279E+00    2.98135E-02
    5.94800E+02    3.50615E+00    3.00123E-02
    5.94900E+02    3.51014E+00    2.98928E-02
    5.95000E+02    3.55940E+00    2.84559E-02
    5.95100E+02    3.73763E+00    2.38105E-02
    5.95200E+02    3.49523E+00    3.03416E-02
    5.95300E+02    3.44478E+00    3.19118E-02
    5.95400E+02    3.41823E+00    3.27705E-02
    5.95500E+02    3.39882E+00    3.34126E-02
    5.95600E+02    3.38185E+00    3.39846E-02
    5.95700E+02    3.36642E+00    3.45128E-02
    5.95800E+02    3.35204E+00    3.50130E-02
    5.95900E+02    3.33801E+00    3.55077E-02
    5.96000E+02    3.32445E+00    3.59922E-02
    5.96100E+02    3.31120E+00    3.64725E-02
    5.96200E+02    3.29821E+00    3.69494E-02
    5.96300E+02    3.28543E+00    3.74245E-02
    5.96400E+02    3.27285E+00    3.78982E-02
    5.96500E+02    3.26048E+00    3.83701E-02
    5.96600E+02    3.24827E+00    3.88412E-02
    5.96700E+02    3.23627E+00    3.93104E-02
    5.96800E+02    3.22452E+00    3.97747E-02
    5.96900E+02    3.21286E+00    4.02415E-02
    5.97000E+02    3.20140E+00    4.07052E-02
    5.97100E+02    3.19006E+00    4.11693E-02
    5.97200E+02    3.17897E+00    4.16286E-02
    5.97300E+02    3.16799E+00    4.20882E-02
    5.97400E+02    3.15724E+00    4.25430E-02
    5.97500E+02    3.14680E+00    4.29894E-02
    5.97600E+02    3.13637E+00    4.34400E-02
    5.97700E+02    3.12626E+00    4.38814E-02
    5.97800E+02    3.11640E+00    4.43163E-02
    5.97900E+02    3.10685E+00    4.47416E-02
    5.98000E+02    3.09749E+00    4.51626E-02
    5.98100E+02    3.08869E+00    4.55617E-02
    5.98200E+02    3.07959E+00    4.59780E-02
    5.98300E+02    3.07058E+00    4.63943E-02
    5.98400E+02    3.06204E+00    4.67921E-02
    5.98500E+02    3.05384E+00    4.71775E-02
    5.98600E+02    3.04595E+00    4.75510E-02
    5.98700E+02    3.03836E+00    4.79135E-02
    5.98800E+02    3.03097E+00    4.82689E-02
    5.98900E+02    3.02395E+00    4.86088E-02
    5.99000E+02    3.01710E+00    4.89429E-02
    5.99100E+02    3.01050E+00    4.92670E-02
    5.99200E+02    3.00410E+00    4.95833E-02
    5.99300E+02    2.99789E+00    4.98924E-02
    5.99400E+02    2.99180E+00    5.01971E-02
    5.99500E+02    2.98576E+00    5.05012E-02
    5.99600E+02    2.98052E+00    5.07665E-02
    5.99700E+02    2.97447E+00    5.10745E-02
    5.99800E+02    2.97068E+00    5.12687E-02
    5.99900E+02    2.97615E+00    5.09890E-02
    6.00000E+02    3.00595E+00    4.94919E-02
    6.00100E+02    2.94740E+00    5.24760E-02
    6.00200E+02    2.92780E+00    5.35147E-02
    6.00300E+02    2.91265E+00    5.43317E-02
    6.00400E+02    2.89814E+00    5.51256E-02
    6.00500E+02    2.88427E+00    5.58957E-02
    6.00600E+02    2.87091E+00    5.66473E-02
    6.00700E+02    2.85825E+00    5.73690E-02
    6.00800E+02    2.84498E+00    5.81355E-02
    6.00900E+02    2.83265E+00    5.88566E-02
    6.01000E+02    2.82154E+00    5.95141E-02
    6.01100E+02    2.80832E+00    6.03062E-02
    6.01200E+02    2.79534E+00    6.10943E-02
    6.01300E+02    2.78342E+00    6.18265E-02
    6.01400E+02    2.77242E+00    6.25103E-02
    6.01500E+02    2.76097E+00    6.32307E-02
    6.01600E+02    2.74998E+00    6.39290E-02
    6.01700E+02    2.73927E+00    6.46173E-02
    6.01800E+02    2.72825E+00    6.53338E-02
    6.01900E+02    2.71770E+00    6.60263E-02
    6.02000E+02    2.70755E+00    6.67001E-02
    6.02100E+02    2.69717E+00    6.73959E-02
    6.02200E+02    2.68788E+00    6.80251E-02
    6.02300E+02    2.67805E+00    6.86969E-02
    6.02400E+02    2.66921E+00    6.93071E-02
    6.02500E+02    2.66172E+00    6.98281E-02
    6.02600E+02    2.65181E+00    7.05236E-02
    6.02700E+02    2.64283E+00    7.11597E-02
    6.02800E+02    2.63638E+00    7.16204E-02
    6.02900E+02    2.62507E+00    7.24347E-02
    6.03000E+02    2.61675E+00    7.30399E-02
    6.03100E+02    2.60880E+00    7.36231E-02
    6.03200E+02    2.59960E+00    7.43033E-02
    6.03300E+02    2.59116E+00    7.49330E-02
    6.03400E+02    2.58317E+00    7.55340E-02
    6.03500E+02    2.57560E+00    7.61082E-02
    6.03600E+02    2.56761E+00    7.67188E-02
    6.03700E+02    2.55998E+00    7.73059E-02
    6.03800E+02    2.55242E+00    7.78928E-02
    6.03900E+02    2.54500E+00    7.84729E-02
    6.04000E+02    2.53782E+00    7.90387E-02
    6.04100E+02    2.53048E+00    7.96207E-02
    6.04200E+02    2.52340E+00    8.01863E-02
    6.04300E+02    2.51628E+00    8.07594E-02
    6.04400E+02    2.50940E+00    8.13167E-02
    6.04500E+02    2.50255E+00    8.18758E-02
    6.04600E+02    2.49587E+00    8.24250E-02
    6.04700E+02    2.48930E+00    8.29678E-02
    6.04800E+02    2.48253E+00    8.35316E-02
    6.04900E+02    2.47301E+00    8.43309E-02
    6.05000E+02    2.46660E+00    8.48726E-02
    6.05100E+02    2.46017E+00    8.54201E-02
    6.05200E+02    2.45394E+00    8.59540E-02
    6.05300E+02    2.44777E+00    8.64865E-02
    6.05400E+02    2.44194E+00    8.69921E-02
    6.05500E+02    2.43626E+00    8.74877E-02
    6.05600E+02    2.42993E+00    8.80432E-02
    6.05700E+02    2.42464E+00    8.85103E-02
    6.05800E+02    2.41899E+00    8.90113E-02
    6.05900E+02    2.41291E+00    8.95540E-02
    6.06000E+02    2.40784E+00    9.00095E-02
    6.06100E+02    2.40172E+00    9.05624E-02
    6.06200E+02    2.39634E+00    9.10507E-02
    6.06300E+02    2.39115E+00    9.15243E-02
    6.06400E+02    2.38563E+00    9.20313E-02
    6.06500E+02    2.38045E+00    9.25092E-02
    6.06600E+02    2.37552E+00    9.29658E-02
    6.06700E+02    2.37071E+00    9.34146E-02
    6.06800E+02    2.36554E+00    9.38985E-02
    6.06900E+02    2.36068E+00    9.43562E-02
    6.07000E+02    2.35624E+00    9.47760E-02
    6.07100E+02    2.35254E+00    9.51277E-02
    6.07200E+02    2.36160E+00    9.42697E-02
    6.07300E+02    2.34479E+00    9.58672E-02
    6.07400E+02    2.33925E+00    9.63996E-02
    6.07500E+02    2.33484E+00    9.68259E-02
    6.07600E+02    2.33170E+00    9.71309E-02
    6.07700E+02    2.33064E+00    9.72331E-02
    6.07800E+02    2.34129E+00    9.62031E-02
    6.07900E+02    2.33686E+00    9.66310E-02
    6.08000E+02    2.31874E+00    9.83974E-02
    6.08100E+02    2.31193E+00    9.90696E-02
    6.08200E+02    2.30722E+00    9.95375E-02
    6.08300E+02    2.30320E+00    9.99387E-02
    6.08400E+02    2.30027E+00    1.00231E-01
    6.08500E+02    2.29635E+00    1.00625E-01
    6.08600E+02    2.29311E+00    1.00952E-01
    6.08700E+02    2.29017E+00    1.01249E-01
    6.08800E+02    2.28762E+00    1.01508E-01
    6.08900E+02    2.28530E+00    1.01744E-01
    6.09000E+02    2.28340E+00    1.01937E-01
    6.09100E+02    2.28297E+00    1.01981E-01
    6.09200E+02    2.28126E+00    1.02156E-01
    6.09300E+02    2.28157E+00    1.02124E-01
    6.09400E+02    2.28427E+00    1.01849E-01
    6.09500E+02    2.29174E+00    1.01090E-01
    6.09600E+02    2.31566E+00    9.87011E-02
    6.09700E+02    2.45498E+00    8.58652E-02
    6.09800E+02    2.36600E+00    9.38559E-02
    6.09900E+02    2.30957E+00    9.93036E-02
    6.10000E+02    2.30359E+00    9.98999E-02
    6.10100E+02    2.31987E+00    9.82868E-02
    6.10200E+02    2.38927E+00    9.16962E-02
    6.10300E+02    2.56793E+00    7.66942E-02
    6.10400E+02    2.66290E+00    6.97453E-02
    6.10500E+02    2.36489E+00    9.39594E-02
    6.10600E+02    2.30613E+00    9.96461E-02
    6.10700E+02    2.28508E+00    1.01766E-01
    6.10800E+02    2.27731E+00    1.02560E-01
    6.10900E+02    2.27493E+00    1.02804E-01
    6.11000E+02    2.28050E+00    1.02233E-01
    6.11100E+02    2.30130E+00    1.00129E-01
    6.11200E+02    2.38394E+00    9.21869E-02
    6.11300E+02    2.58637E+00    7.52927E-02
    6.11400E+02    2.32657E+00    9.76303E-02
    6.11500E+02    2.28322E+00    1.01955E-01
    6.11600E+02    2.26821E+00    1.03497E-01
    6.11700E+02    2.26161E+00    1.04182E-01
    6.11800E+02    2.25799E+00    1.04560E-01
    6.11900E+02    2.25654E+00    1.04712E-01
    6.12000E+02    2.25647E+00    1.04720E-01
    6.12100E+02    2.25693E+00    1.04671E-01
    6.12200E+02    2.25825E+00    1.04533E-01
    6.12300E+02    2.26084E+00    1.04263E-01
    6.12400E+02    2.26800E+00    1.03519E-01
    6.12500E+02    2.26496E+00    1.03835E-01
    6.12600E+02    2.26730E+00    1.03591E-01
    6.12700E+02    2.27046E+00    1.03265E-01
    6.12800E+02    2.27409E+00    1.02891E-01
    6.12900E+02    2.27824E+00    1.02464E-01
    6.13000E+02    2.28309E+00    1.01968E-01
    6.13100E+02    2.28764E+00    1.01505E-01
    6.13200E+02    2.29286E+00    1.00977E-01
    6.13300E+02    2.29862E+00    1.00397E-01
    6.13400E+02    2.30481E+00    9.97779E-02
    6.13500E+02    2.31152E+00    9.91108E-02
    6.13600E+02    2.31877E+00    9.83944E-02
    6.13700E+02    2.32659E+00    9.76285E-02
    6.13800E+02    2.33495E+00    9.68156E-02
    6.13900E+02    2.34397E+00    9.59463E-02
    6.14000E+02    2.35371E+00    9.50159E-02
    6.14100E+02    2.36437E+00    9.40082E-02
    6.14200E+02    2.37541E+00    9.29762E-02
    6.14300E+02    2.38754E+00    9.18551E-02
    6.14400E+02    2.40120E+00    9.06093E-02
    6.14500E+02    2.41706E+00    8.91833E-02
    6.14600E+02    2.43822E+00    8.73166E-02
    6.14700E+02    2.48242E+00    8.35412E-02
    6.14800E+02    2.57758E+00    7.59579E-02
    6.14900E+02    2.49451E+00    8.25366E-02
    6.15000E+02    2.49830E+00    8.22249E-02
    6.15100E+02    2.51210E+00    8.10975E-02
    6.15200E+02    2.52990E+00    7.96666E-02
    6.15300E+02    2.55073E+00    7.80244E-02
    6.15400E+02    2.57163E+00    7.64109E-02
    6.15500E+02    2.59507E+00    7.46405E-02
    6.15600E+02    2.62022E+00    7.27871E-02
    6.15700E+02    2.64720E+00    7.08491E-02
    6.15800E+02    2.67621E+00    6.88238E-02
    6.15900E+02    2.70744E+00    6.67075E-02
    6.16000E+02    2.74132E+00    6.44851E-02
    6.16100E+02    2.77917E+00    6.20901E-02
    6.16200E+02    2.82669E+00    5.92083E-02
    6.16300E+02    2.90272E+00    5.48737E-02
    6.16400E+02    2.90298E+00    5.48593E-02
    6.16500E+02    2.94224E+00    5.27475E-02
    6.16600E+02    2.98871E+00    5.03523E-02
    6.16700E+02    3.03992E+00    4.78388E-02
    6.16800E+02    3.09532E+00    4.52605E-02
    6.16900E+02    3.15522E+00    4.26289E-02
    6.17000E+02    3.21996E+00    3.99566E-02
    6.17100E+02    3.29055E+00    3.72333E-02
    6.17200E+02    3.37056E+00    3.43703E-02
    6.17300E+02    3.51349E+00    2.97927E-02
    6.17400E+02    3.55031E+00    2.87158E-02
    6.17500E+02    3.62528E+00    2.66416E-02
    6.17600E+02    3.72328E+00    2.41546E-02
    6.17700E+02    3.83160E+00    2.16750E-02
    6.17800E+02    3.94774E+00    1.92982E-02
    6.17900E+02    4.07492E+00    1.69936E-02
    6.18000E+02    4.21331E+00    1.47973E-02
    6.18100E+02    4.36396E+00    1.27279E-02
    6.18200E+02    4.52831E+00    1.07989E-02
    6.18300E+02    4.70648E+00    9.03650E-03
    6.18400E+02    4.90114E+00    7.43812E-03
    6.18500E+02    5.11381E+00    6.01316E-03
    6.18600E+02    5.34612E+00    4.76660E-03
    6.18700E+02    5.60032E+00    3.69669E-03
    6.18800E+02    5.87836E+00    2.79937E-03
    6.18900E+02    6.18309E+00    2.06403E-03
    6.19000E+02    6.51541E+00    1.48045E-03
    6.19100E+02    6.87932E+00    1.02884E-03
    6.19200E+02    7.27669E+00    6.91467E-04
    6.19300E+02    7.71032E+00    4.48177E-04
    6.19400E+02    8.18223E+00    2.79578E-04
    6.19500E+02    8.69409E+00    1.67574E-04
    6.19600E+02    9.24607E+00    9.64901E-05
    6.19700E+02    9.83749E+00    5.34113E-05
    6.19800E+02    1.04663E+01    2.84810E-05
    6.19900E+02    1.11283E+01    1.46908E-05
    6.20000E+02    1.18142E+01    7.39845E-06
    6.20100E+02    1.25089E+01    3.69355E-06
    6.20200E+02    1.31959E+01    1.85817E-06
    6.20300E+02    1.38526E+01    9.63614E-07
    6.20400E+02    1.44504E+01    5.30019E-07
    6.20500E+02    1.49595E+01    3.18548E-07
    6.20600E+02    1.53786E+01    2.09489E-07
    6.20700E+02    1.58574E+01    1.29784E-07
    6.20800E+02    1.57673E+01    1.42027E-07
    6.20900E+02    1.51336E+01    2.67634E-07
    6.21000E+02    1.45192E+01    4.94768E-07
    6.21100E+02    1.38976E+01    9.21217E-07
    6.21200E+02    1.32321E+01    1.79212E-06
    6.21300E+02    1.25388E+01    3.58474E-06
    6.21400E+02    1.18394E+01    7.21475E-06
    6.21500E+02    1.11500E+01    1.43759E-05
    6.21600E+02    1.04839E+01    2.79834E-05
    6.21700E+02    9.85218E+00    5.26323E-05
    6.21800E+02    9.25097E+00    9.60182E-05
    6.21900E+02    8.69223E+00    1.67884E-04
    6.22000E+02    8.17387E+00    2.81925E-04
    6.22100E+02    7.69545E+00    4.54891E-04
    6.22200E+02    7.25546E+00    7.06309E-04
    6.22300E+02    6.84940E+00    1.06009E-03
    6.22400E+02    6.47797E+00    1.53692E-03
    6.22500E+02    6.13784E+00    2.15957E-03
    6.22600E+02    5.82633E+00    2.94889E-03
    6.22700E+02    5.54113E+00    3.92211E-03
    6.22800E+02    5.27989E+00    5.09300E-03
    6.22900E+02    5.04062E+00    6.46972E-03
    6.23000E+02    4.82124E+00    8.05680E-03
    6.23100E+02    4.62014E+00    9.85140E-03
    6.23200E+02    4.43611E+00    1.18420E-02
    6.23300E+02    4.26829E+00    1.40058E-02
    6.23400E+02    4.11712E+00    1.62914E-02
    6.23500E+02    3.98731E+00    1.85495E-02
    6.23600E+02    3.90791E+00    2.00825E-02
    6.23700E+02    4.06184E+00    1.72172E-02
    6.23800E+02    3.64444E+00    2.61362E-02
    6.23900E+02    3.49809E+00    3.02550E-02
    6.24000E+02    3.38542E+00    3.38634E-02
    6.24100E+02    3.28591E+00    3.74066E-02
    6.24200E+02    3.19567E+00    4.09392E-02
    6.24300E+02    3.11269E+00    4.44812E-02
    6.24400E+02    3.03537E+00    4.80570E-02
    6.24500E+02    2.96333E+00    5.16465E-02
    6.24600E+02    2.89610E+00    5.52382E-02
    6.24700E+02    2.83323E+00    5.88228E-02
    6.24800E+02    2.77438E+00    6.23880E-02
    6.24900E+02    2.71917E+00    6.59293E-02
    6.25000E+02    2.66793E+00    6.93959E-02
    6.25100E+02    2.62062E+00    7.27575E-02
    6.25200E+02    2.57798E+00    7.59276E-02
    6.25300E+02    2.55061E+00    7.80337E-02
    6.25400E+02    2.53731E+00    7.90786E-02
    6.25500E+02    2.45700E+00    8.56912E-02
    6.25600E+02    2.41258E+00    8.95834E-02
    6.25700E+02    2.37414E+00    9.30946E-02
    6.25800E+02    2.33944E+00    9.63819E-02
    6.25900E+02    2.30792E+00    9.94677E-02
    6.26000E+02    2.27553E+00    1.02742E-01
    6.26100E+02    2.24608E+00    1.05813E-01
    6.26200E+02    2.21806E+00    1.08820E-01
    6.26300E+02    2.19159E+00    1.11739E-01
    6.26400E+02    2.16632E+00    1.14599E-01
    6.26500E+02    2.14239E+00    1.17373E-01
    6.26600E+02    2.11962E+00    1.20077E-01
    6.26700E+02    2.09806E+00    1.22694E-01
    6.26800E+02    2.07642E+00    1.25378E-01
    6.26900E+02    2.05641E+00    1.27912E-01
    6.27000E+02    2.03740E+00    1.30367E-01
    6.27100E+02    2.01913E+00    1.32771E-01
    6.27200E+02    2.00200E+00    1.35064E-01
    6.27300E+02    1.98567E+00    1.37289E-01
    6.27400E+02    1.97054E+00    1.39382E-01
    6.27500E+02    1.95630E+00    1.41381E-01
    6.27600E+02    1.94396E+00    1.43136E-01
    6.27700E+02    1.93533E+00    1.44376E-01
    6.27800E+02    1.92236E+00    1.46262E-01
    6.27900E+02    1.90094E+00    1.49429E-01
    6.28000E+02    1.88402E+00    1.51978E-01
    6.28100E+02    1.86898E+00    1.54280E-01
    6.28200E+02    1.85752E+00    1.56059E-01
    6.28300E+02    1.84667E+00    1.57761E-01
    6.28400E+02    1.82839E+00    1.60672E-01
    6.28500E+02    1.81530E+00    1.62789E-01
    6.28600E+02    1.80321E+00    1.64769E-01
    6.28700E+02    1.79174E+00    1.66670E-01
    6.28800E+02    1.78077E+00    1.68509E-01
    6.28900E+02    1.77065E+00    1.70222E-01
    6.29000E+02    1.75984E+00    1.72072E-01
    6.29100E+02    1.74973E+00    1.73820E-01
    6.29200E+02    1.74003E+00    1.75515E-01
    6.29300E+02    1.73075E+00    1.77151E-01
    6.29400E+02    1.72196E+00    1.78715E-01
    6.29500E+02    1.71298E+00    1.80328E-01
    6.29600E+02    1.70448E+00    1.81867E-01
    6.29700E+02    1.69673E+00    1.83282E-01
    6.29800E+02    1.68800E+00    1.84890E-01
    6.29900E+02    1.68011E+00    1.86353E-01
    6.30000E+02    1.67309E+00    1.87666E-01
    6.30100E+02    1.66636E+00    1.88933E-01
    6.30200E+02    1.65770E+00    1.90576E-01
    6.30300E+02    1.65058E+00    1.91939E-01
    6.30400E+02    1.64379E+00    1.93246E-01
    6.30500E+02    1.63687E+00    1.94589E-01
    6.30600E+02    1.63048E+00    1.95836E-01
    6.30700E+02    1.62403E+00    1.97102E-01
    6.30800E+02    1.61769E+00    1.98357E-01
    6.30900E+02    1.61164E+00    1.99560E-01
    6.31000E+02    1.60584E+00    2.00721E-01
    6.31100E+02    1.60031E+00    2.01833E-01
    6.31200E+02    1.59502E+00    2.02904E-01
    6.31300E+02    1.58944E+00    2.04041E-01
    6.31400E+02    1.58450E+00    2.05051E-01
    6.31500E+02    1.57991E+00    2.05994E-01
    6.31600E+02    1.57577E+00    2.06848E-01
    6.31700E+02    1.57265E+00    2.07495E-01
    6.31800E+02    1.57132E+00    2.07770E-01
    6.31900E+02    1.57311E+00    2.07398E-01
    6.32000E+02    1.58174E+00    2.05618E-01
    6.32100E+02    1.63042E+00    1.95846E-01
    6.32200E+02    1.76465E+00    1.71247E-01
    6.32300E+02    1.58580E+00    2.04783E-01
    6.32400E+02    1.55413E+00    2.11373E-01
    6.32500E+02    1.54036E+00    2.14303E-01
    6.32600E+02    1.53178E+00    2.16151E-01
    6.32700E+02    1.52525E+00    2.17567E-01
    6.32800E+02    1.52002E+00    2.18707E-01
    6.32900E+02    1.51558E+00    2.19681E-01
    6.33000E+02    1.51165E+00    2.20546E-01
    6.33100E+02    1.50868E+00    2.21203E-01
    6.33200E+02    1.50865E+00    2.21208E-01
    6.33300E+02    1.51949E+00    2.18823E-01
    6.33400E+02    1.51875E+00    2.18985E-01
    6.33500E+02    1.49740E+00    2.23710E-01
    6.33600E+02    1.49226E+00    2.24865E-01
    6.33700E+02    1.48615E+00    2.26241E-01
    6.33800E+02    1.48330E+00    2.26889E-01
    6.33900E+02    1.48119E+00    2.27366E-01
    6.34000E+02    1.48038E+00    2.27551E-01
    6.34100E+02    1.48165E+00    2.27263E-01
    6.34200E+02    1.48865E+00    2.25678E-01
    6.34300E+02    1.51348E+00    2.20143E-01
    6.34400E+02    1.61472E+00    1.98946E-01
    6.34500E+02    1.69838E+00    1.82980E-01
    6.34600E+02    1.51562E+00    2.19672E-01
    6.34700E+02    1.47607E+00    2.28533E-01
    6.34800E+02    1.45955E+00    2.32340E-01
    6.34900E+02    1.45010E+00    2.34547E-01
    6.35000E+02    1.44344E+00    2.36115E-01
    6.35100E+02    1.43823E+00    2.37348E-01
    6.35200E+02    1.43382E+00    2.38396E-01
    6.35300E+02    1.43064E+00    2.39156E-01
    6.35400E+02    1.42618E+00    2.40225E-01
    6.35500E+02    1.42269E+00    2.41065E-01
    6.35600E+02    1.41936E+00    2.41868E-01
    6.35700E+02    1.41618E+00    2.42639E-01
    6.35800E+02    1.41312E+00    2.43382E-01
    6.35900E+02    1.41015E+00    2.44107E-01
    6.36000E+02    1.40735E+00    2.44790E-01
    6.36100E+02    1.40519E+00    2.45321E-01
    6.36200E+02    1.40192E+00    2.46123E-01
    6.36300E+02    1.39906E+00    2.46829E-01
    6.36400E+02    1.39656E+00    2.47447E-01
    6.36500E+02    1.39376E+00    2.48139E-01
    6.36600E+02    1.39132E+00    2.48746E-01
    6.36700E+02    1.38905E+00    2.49311E-01
    6.36800E+02    1.38623E+00    2.50015E-01
    6.36900E+02    1.38383E+00    2.50616E-01
    6.37000E+02    1.38158E+00    2.51182E-01
    6.37100E+02    1.37914E+00    2.51794E-01
    6.37200E+02    1.37684E+00    2.52375E-01
    6.37300E+02    1.37468E+00    2.52922E-01
    6.37400E+02    1.37256E+00    2.53457E-01
    6.37500E+02    1.37054E+00    2.53970E-01
    6.37600E+02    1.36870E+00    2.54438E-01
    6.37700E+02    1.36662E+00    2.54968E-01
    6.37800E+02    1.36491E+00    2.55404E-01
    6.37900E+02    1.36333E+00    2.55808E-01
    6.38000E+02    1.36185E+00    2.56188E-01
    6.38100E+02    1.36063E+00    2.56499E-01
    6.38200E+02    1.35996E+00    2.56672E-01
    6.38300E+02    1.36012E+00    2.56629E-01
    6.38400E+02    1.36159E+00    2.56252E-01
    6.38500E+02    1.36737E+00    2.54777E-01
    6.38600E+02    1.37282E+00    2.53392E-01
    6.38700E+02    1.38780E+00    2.49623E-01
    6.38800E+02    1.44537E+00    2.35660E-01
    6.38900E+02    2.00328E+00    1.34892E-01
    6.39000E+02    1.44901E+00    2.34804E-01
    6.39100E+02    1.38182E+00    2.51122E-01
    6.39200E+02    1.36001E+00    2.56657E-01
    6.39300E+02    1.35140E+00    2.58877E-01
    6.39400E+02    1.34476E+00    2.60601E-01
    6.39500E+02    1.33964E+00    2.61940E-01
    6.39600E+02    1.33668E+00    2.62718E-01
    6.39700E+02    1.33364E+00    2.63515E-01
    6.39800E+02    1.33293E+00    2.63704E-01
    6.39900E+02    1.33541E+00    2.63051E-01
    6.40000E+02    1.35050E+00    2.59109E-01
    6.40100E+02    1.47418E+00    2.28966E-01
    6.40200E+02    1.34491E+00    2.60564E-01
    6.40300E+02    1.34981E+00    2.59289E-01
    6.40400E+02    1.32475E+00    2.65870E-01
    6.40500E+02    1.31789E+00    2.67700E-01
    6.40600E+02    1.31532E+00    2.68387E-01
    6.40700E+02    1.31155E+00    2.69403E-01
    6.40800E+02    1.30951E+00    2.69953E-01
    6.40900E+02    1.30765E+00    2.70455E-01
    6.41000E+02    1.30612E+00    2.70870E-01
    6.41100E+02    1.30486E+00    2.71209E-01
    6.41200E+02    1.30420E+00    2.71391E-01
    6.41300E+02    1.30398E+00    2.71450E-01
    6.41400E+02    1.30611E+00    2.70871E-01
    6.41500E+02    1.32212E+00    2.66571E-01
    6.41600E+02    1.31219E+00    2.69230E-01
    6.41700E+02    1.30377E+00    2.71507E-01
    6.41800E+02    1.30211E+00    2.71959E-01
    6.41900E+02    1.30392E+00    2.71465E-01
    6.42000E+02    1.30782E+00    2.70408E-01
    6.42100E+02    1.31963E+00    2.67234E-01
    6.42200E+02    1.35268E+00    2.58548E-01
    6.42300E+02    1.50295E+00    2.22473E-01
    6.42400E+02    1.49884E+00    2.23390E-01
    6.42500E+02    1.34739E+00    2.59917E-01
    6.42600E+02    1.31240E+00    2.69172E-01
    6.42700E+02    1.29793E+00    2.73095E-01
    6.42800E+02    1.29014E+00    2.75232E-01
    6.42900E+02    1.28533E+00    2.76560E-01
    6.43000E+02    1.28203E+00    2.77473E-01
    6.43100E+02    1.27967E+00    2.78130E-01
    6.43200E+02    1.27806E+00    2.78578E-01
    6.43300E+02    1.27770E+00    2.78678E-01
    6.43400E+02    1.27539E+00    2.79322E-01
    6.43500E+02    1.27427E+00    2.79635E-01
    6.43600E+02    1.27143E+00    2.80429E-01
    6.43700E+02    1.26921E+00    2.81054E-01
    6.43800E+02    1.26785E+00    2.81436E-01
    6.43900E+02    1.26690E+00    2.81705E-01
    6.44000E+02    1.26642E+00    2.81838E-01
    6.44100E+02    1.26616E+00    2.81911E-01
    6.44200E+02    1.26624E+00    2.81890E-01
    6.44300E+02    1.26762E+00    2.81502E-01
    6.44400E+02    1.27128E+00    2.80473E-01
    6.44500E+02    1.27881E+00    2.78368E-01
    6.44600E+02    1.29606E+00    2.73608E-01
    6.44700E+02    1.34941E+00    2.59393E-01
    6.44800E+02    1.81249E+00    1.63248E-01
    6.44900E+02    1.35782E+00    2.57222E-01
    6.45000E+02    1.29346E+00    2.74319E-01
    6.45100E+02    1.27365E+00    2.79809E-01
    6.45200E+02    1.26429E+00    2.82438E-01
    6.45300E+02    1.26103E+00    2.83362E-01
    6.45400E+02    1.26280E+00    2.82861E-01
    6.45500E+02    1.25949E+00    2.83798E-01
    6.45600E+02    1.27584E+00    2.79197E-01
    6.45700E+02    1.30344E+00    2.71596E-01
    6.45800E+02    1.25738E+00    2.84400E-01
    6.45900E+02    1.25200E+00    2.85932E-01
    6.46000E+02    1.25035E+00    2.86405E-01
    6.46100E+02    1.24380E+00    2.88287E-01
    6.46200E+02    1.24184E+00    2.88853E-01
    6.46300E+02    1.24406E+00    2.88212E-01
    6.46400E+02    1.24055E+00    2.89225E-01
    6.46500E+02    1.24059E+00    2.89213E-01
    6.46600E+02    1.23677E+00    2.90321E-01
    6.46700E+02    1.23548E+00    2.90696E-01
    6.46800E+02    1.23443E+00    2.91001E-01
    6.46900E+02    1.23432E+00    2.91032E-01
    6.47000E+02    1.23420E+00    2.91067E-01
    6.47100E+02    1.23513E+00    2.90796E-01
    6.47200E+02    1.23667E+00    2.90349E-01
    6.47300E+02    1.23969E+00    2.89473E-01
    6.47400E+02    1.24221E+00    2.88745E-01
    6.47500E+02    1.24968E+00    2.86596E-01
    6.47600E+02    1.26469E+00    2.82326E-01
    6.47700E+02    1.30438E+00    2.71341E-01
    6.47800E+02    1.51177E+00    2.20519E-01
    6.47900E+02    1.42629E+00    2.40197E-01
    6.48000E+02    1.28679E+00    2.76157E-01
    6.48100E+02    1.25160E+00    2.86046E-01
    6.48200E+02    1.23691E+00    2.90279E-01
    6.48300E+02    1.22920E+00    2.92527E-01
    6.48400E+02    1.22450E+00    2.93904E-01
    6.48500E+02    1.22126E+00    2.94857E-01
    6.48600E+02    1.21857E+00    2.95653E-01
    6.48700E+02    1.21661E+00    2.96231E-01
    6.48800E+02    1.21519E+00    2.96655E-01
    6.48900E+02    1.21373E+00    2.97088E-01
    6.49000E+02    1.21242E+00    2.97477E-01
    6.49100E+02    1.21176E+00    2.97673E-01
    6.49200E+02    1.21064E+00    2.98005E-01
    6.49300E+02    1.20958E+00    2.98324E-01
    6.49400E+02    1.20861E+00    2.98611E-01
    6.49500E+02    1.20787E+00    2.98832E-01
    6.49600E+02    1.20723E+00    2.99024E-01
    6.49700E+02    1.20669E+00    2.99185E-01
    6.49800E+02    1.20635E+00    2.99289E-01
    6.49900E+02    1.20605E+00    2.99377E-01
    6.50000E+02    1.20618E+00    2.99339E-01
    6.50100E+02    1.20584E+00    2.99440E-01
    6.50200E+02    1.20606E+00    2.99374E-01
    6.50300E+02    1.20665E+00    2.99197E-01
    6.50400E+02    1.20810E+00    2.98764E-01
    6.50500E+02    1.21212E+00    2.97564E-01
    6.50600E+02    1.21916E+00    2.95478E-01
    6.50700E+02    1.25791E+00    2.84247E-01
    6.50800E+02    1.23690E+00    2.90282E-01
    6.50900E+02    1.22157E+00    2.94768E-01
    6.51000E+02    1.22160E+00    2.94757E-01
    6.51100E+02    1.22754E+00    2.93012E-01
    6.51200E+02    1.24273E+00    2.88594E-01
    6.51300E+02    1.27986E+00    2.78075E-01
    6.51400E+02    1.40890E+00    2.44413E-01
    6.51500E+02    1.74225E+00    1.75125E-01
    6.51600E+02    1.43574E+00    2.37938E-01
    6.51700E+02    1.28259E+00    2.77318E-01
    6.51800E+02    1.24665E+00    2.87467E-01
    6.51900E+02    1.22448E+00    2.93910E-01
    6.52000E+02    1.21400E+00    2.97007E-01
    6.52100E+02    1.20887E+00    2.98534E-01
    6.52200E+02    1.20887E+00    2.98535E-01
    6.52300E+02    1.20625E+00    2.99316E-01
    6.52400E+02    1.20098E+00    3.00898E-01
    6.52500E+02    1.19937E+00    3.01384E-01
    6.52600E+02    1.19870E+00    3.01586E-01
    6.52700E+02    1.19856E+00    3.01628E-01
    6.52800E+02    1.19934E+00    3.01393E-01
    6.52900E+02    1.19955E+00    3.01330E-01
    6.53000E+02    1.20065E+00    3.00998E-01
    6.53100E+02    1.20265E+00    3.00397E-01
    6.53200E+02    1.20583E+00    2.99443E-01
    6.53300E+02    1.21111E+00    2.97867E-01
    6.53400E+02    1.22135E+00    2.94831E-01
    6.53500E+02    1.23821E+00    2.89904E-01
    6.53600E+02    1.27338E+00    2.79884E-01
    6.53700E+02    1.41941E+00    2.41857E-01
    6.53800E+02    1.53681E+00    2.15066E-01
    6.53900E+02    1.29850E+00    2.72941E-01
    6.54000E+02    1.25464E+00    2.85178E-01
    6.54100E+02    1.24294E+00    2.88535E-01
    6.54200E+02    1.24247E+00    2.88672E-01
    6.54300E+02    1.24963E+00    2.86611E-01
    6.54400E+02    1.26651E+00    2.81814E-01
    6.54500E+02    1.30090E+00    2.72285E-01
    6.54600E+02    1.38550E+00    2.50198E-01
    6.54700E+02    1.87676E+00    1.53085E-01
    6.54800E+02    1.68946E+00    1.84620E-01
    6.54900E+02    1.72945E+00    1.77382E-01
    6.55000E+02    2.15173E+00    1.16283E-01
    6.55100E+02    2.05228E+00    1.28442E-01
    6.55200E+02    2.44912E+00    8.63695E-02
    6.55300E+02    2.23338E+00    1.07166E-01
    6.55400E+02    1.53111E+00    2.16295E-01
    6.55500E+02    1.49867E+00    2.23428E-01
    6.55600E+02    2.08457E+00    1.24360E-01
    6.55700E+02    1.53162E+00    2.16185E-01
    6.55800E+02    1.60016E+00    2.01865E-01
    6.55900E+02    1.96662E+00    1.39929E-01
    6.56000E+02    2.27465E+00    1.02833E-01
    6.56100E+02    1.64147E+00    1.93695E-01
    6.56200E+02    1.95786E+00    1.41160E-01
    6.56300E+02    1.82707E+00    1.60884E-01
    6.56400E+02    2.08418E+00    1.24409E-01
    6.56500E+02    1.67408E+00    1.87481E-01
    6.56600E+02    1.38034E+00    2.51493E-01
    6.56700E+02    1.30360E+00    2.71552E-01
    6.56800E+02    1.26559E+00    2.82072E-01
    6.56900E+02    1.24441E+00    2.88111E-01
    6.57000E+02    1.23223E+00    2.91641E-01
    6.57100E+02    1.22507E+00    2.93737E-01
    6.57200E+02    1.21995E+00    2.95246E-01
    6.57300E+02    1.21862E+00    2.95636E-01
    6.57400E+02    1.22697E+00    2.93180E-01
    6.57500E+02    1.31057E+00    2.69668E-01
    6.57600E+02    1.23452E+00    2.90974E-01
    6.57700E+02    1.22109E+00    2.94909E-01
    6.57800E+02    1.22366E+00    2.94150E-01
    6.57900E+02    1.24782E+00    2.87131E-01
    6.58000E+02    1.38865E+00    2.49413E-01
    6.58100E+02    1.32234E+00    2.66511E-01
    6.58200E+02    1.23264E+00    2.91522E-01
    6.58300E+02    1.21025E+00    2.98124E-01
    6.58400E+02    1.20059E+00    3.01016E-01
    6.58500E+02    1.19609E+00    3.02375E-01
    6.58600E+02    1.19398E+00    3.03013E-01
    6.58700E+02    1.19686E+00    3.02141E-01
    6.58800E+02    1.24061E+00    2.89207E-01
    6.58900E+02    1.19710E+00    3.02070E-01
    6.59000E+02    1.18576E+00    3.05515E-01
    6.59100E+02    1.18982E+00    3.04277E-01
    6.59200E+02    1.17831E+00    3.07799E-01
    6.59300E+02    1.17466E+00    3.08925E-01
    6.59400E+02    1.17254E+00    3.09579E-01
    6.59500E+02    1.17089E+00    3.10092E-01
    6.59600E+02    1.16899E+00    3.10681E-01
    6.59700E+02    1.16753E+00    3.11133E-01
    6.59800E+02    1.16628E+00    3.11524E-01
    6.59900E+02    1.16525E+00    3.11846E-01
    6.60000E+02    1.16411E+00    3.12200E-01
    6.60100E+02    1.16335E+00    3.12437E-01
    6.60200E+02    1.16248E+00    3.12710E-01
    6.60300E+02    1.16155E+00    3.13001E-01
    6.60400E+02    1.16085E+00    3.13221E-01
    6.60500E+02    1.16032E+00    3.13385E-01
    6.60600E+02    1.15998E+00    3.13494E-01
    6.60700E+02    1.15986E+00    3.13529E-01
    6.60800E+02    1.16006E+00    3.13466E-01
    6.60900E+02    1.16088E+00    3.13210E-01
    6.61000E+02    1.16257E+00    3.12682E-01
    6.61100E+02    1.16536E+00    3.11809E-01
    6.61200E+02    1.17175E+00    3.09825E-01
    6.61300E+02    1.18941E+00    3.04400E-01
    6.61400E+02    1.26580E+00    2.82012E-01
    6.61500E+02    1.30338E+00    2.71612E-01
    6.61600E+02    1.19359E+00    3.03131E-01
    6.61700E+02    1.17085E+00    3.10103E-01
    6.61800E+02    1.16227E+00    3.12774E-01
    6.61900E+02    1.15794E+00    3.14132E-01
    6.62000E+02    1.15537E+00    3.14940E-01
    6.62100E+02    1.15365E+00    3.15482E-01
    6.62200E+02    1.15244E+00    3.15866E-01
    6.62300E+02    1.15153E+00    3.16154E-01
    6.62400E+02    1.15094E+00    3.16339E-01
    6.62500E+02    1.15025E+00    3.16557E-01
    6.62600E+02    1.14989E+00    3.16671E-01
    6.62700E+02    1.15010E+00    3.16604E-01
    6.62800E+02    1.15493E+00    3.15078E-01
    6.62900E+02    1.15016E+00    3.16586E-01
    6.63000E+02    1.14863E+00    3.17070E-01
    6.63100E+02    1.14807E+00    3.17248E-01
    6.63200E+02    1.14767E+00    3.17374E-01
    6.63300E+02    1.14736E+00    3.17474E-01
    6.63400E+02    1.14716E+00    3.17536E-01
    6.63500E+02    1.14702E+00    3.17583E-01
    6.63600E+02    1.14708E+00    3.17562E-01
    6.63700E+02    1.14709E+00    3.17558E-01
    6.63800E+02    1.14691E+00    3.17616E-01
    6.63900E+02    1.14692E+00    3.17615E-01
    6.64000E+02    1.14707E+00    3.17564E-01
    6.64100E+02    1.14700E+00    3.17589E-01
    6.64200E+02    1.14726E+00    3.17505E-01
    6.64300E+02    1.14790E+00    3.17301E-01
    6.64400E+02    1.14993E+00    3.16658E-01
    6.64500E+02    1.16199E+00    3.12864E-01
    6.64600E+02    1.15002E+00    3.16631E-01
    6.64700E+02    1.14943E+00    3.16817E-01
    6.64800E+02    1.14992E+00    3.16661E-01
    6.64900E+02    1.15110E+00    3.16289E-01
    6.65000E+02    1.15386E+00    3.15418E-01
    6.65100E+02    1.15693E+00    3.14451E-01
    6.65200E+02    1.16237E+00    3.12745E-01
    6.65300E+02    1.16460E+00    3.12048E-01
    6.65400E+02    1.17719E+00    3.08143E-01
    6.65500E+02    1.20246E+00    3.00456E-01
    6.65600E+02    1.29295E+00    2.74461E-01
    6.65700E+02    1.53542E+00    2.15365E-01
    6.65800E+02    1.24505E+00    2.87928E-01
    6.65900E+02    1.20007E+00    3.01173E-01
    6.66000E+02    1.17552E+00    3.08660E-01
    6.66100E+02    1.17106E+00    3.10038E-01
    6.66200E+02    1.17231E+00    3.09652E-01
    6.66300E+02    1.17510E+00    3.08788E-01
    6.66400E+02    1.17356E+00    3.09263E-01
    6.66500E+02    1.19476E+00    3.02777E-01
    6.66600E+02    1.31293E+00    2.69031E-01
    6.66700E+02    1.23765E+00    2.90065E-01
    6.66800E+02    1.19068E+00    3.04016E-01
    6.66900E+02    1.16605E+00    3.11595E-01
    6.67000E+02    1.16026E+00    3.13406E-01
    6.67100E+02    1.15812E+00    3.14077E-01
    6.67200E+02    1.15404E+00    3.15359E-01
    6.67300E+02    1.15627E+00    3.14658E-01
    6.67400E+02    1.15878E+00    3.13870E-01
    6.67500E+02    1.15889E+00    3.13835E-01
    6.67600E+02    1.15238E+00    3.15884E-01
    6.67700E+02    1.16282E+00    3.12602E-01
    6.67800E+02    1.15386E+00    3.15418E-01
    6.67900E+02    1.15927E+00    3.13716E-01
    6.68000E+02    1.15109E+00    3.16290E-01
    6.68100E+02    1.14891E+00    3.16982E-01
    6.68200E+02    1.14844E+00    3.17132E-01
    6.68300E+02    1.14837E+00    3.17152E-01
    6.68400E+02    1.14853E+00    3.17103E-01
    6.68500E+02    1.14882E+00    3.17011E-01
    6.68600E+02    1.14916E+00    3.16903E-01
    6.68700E+02    1.14967E+00    3.16741E-01
    6.68800E+02    1.15032E+00    3.16535E-01
    6.68900E+02    1.15118E+00    3.16262E-01
    6.69000E+02    1.15230E+00    3.15910E-01
    6.69100E+02    1.15378E+00    3.15443E-01
    6.69200E+02    1.15583E+00    3.14796E-01
    6.69300E+02    1.15882E+00    3.13856E-01
    6.69400E+02    1.16356E+00    3.12372E-01
    6.69500E+02    1.17216E+00    3.09699E-01
    6.69600E+02    1.19191E+00    3.03641E-01
    6.69700E+02    1.22564E+00    2.93571E-01
    6.69800E+02    1.38917E+00    2.49282E-01
    6.69900E+02    1.45640E+00    2.33074E-01
    6.70000E+02    1.23624E+00    2.90474E-01
    6.70100E+02    1.19349E+00    3.03162E-01
    6.70200E+02    1.17666E+00    3.08307E-01
    6.70300E+02    1.16825E+00    3.10910E-01
    6.70400E+02    1.16342E+00    3.12415E-01
    6.70500E+02    1.16115E+00    3.13127E-01
    6.70600E+02    1.15988E+00    3.13522E-01
    6.70700E+02    1.15945E+00    3.13660E-01
    6.70800E+02    1.15962E+00    3.13606E-01
    6.70900E+02    1.16067E+00    3.13275E-01
    6.71000E+02    1.16172E+00    3.12948E-01
    6.71100E+02    1.16398E+00    3.12239E-01
    6.71200E+02    1.16775E+00    3.11065E-01
    6.71300E+02    1.17428E+00    3.09041E-01
    6.71400E+02    1.18695E+00    3.05151E-01
    6.71500E+02    1.21695E+00    2.96133E-01
    6.71600E+02    1.32563E+00    2.65636E-01
    6.71700E+02    1.48552E+00    2.26384E-01
    6.71800E+02    1.36147E+00    2.56283E-01
    6.71900E+02    1.21701E+00    2.96115E-01
    6.72000E+02    1.18799E+00    3.04832E-01
    6.72100E+02    1.17545E+00    3.08679E-01
    6.72200E+02    1.16988E+00    3.10404E-01
    6.72300E+02    1.16713E+00    3.11258E-01
    6.72400E+02    1.16604E+00    3.11598E-01
    6.72500E+02    1.16661E+00    3.11422E-01
    6.72600E+02    1.16963E+00    3.10481E-01
    6.72700E+02    1.18194E+00    3.06683E-01
    6.72800E+02    1.29191E+00    2.74746E-01
    6.72900E+02    1.17937E+00    3.07473E-01
    6.73000E+02    1.16904E+00    3.10666E-01
    6.73100E+02    1.17244E+00    3.09611E-01
    6.73200E+02    1.16513E+00    3.11883E-01
    6.73300E+02    1.16444E+00    3.12098E-01
    6.73400E+02    1.16494E+00    3.11941E-01
    6.73500E+02    1.16635E+00    3.11502E-01
    6.73600E+02    1.16927E+00    3.10593E-01
    6.73700E+02    1.17581E+00    3.08570E-01
    6.73800E+02    1.19553E+00    3.02543E-01
    6.73900E+02    1.34940E+00    2.59396E-01
    6.74000E+02    1.20987E+00    2.98235E-01
    6.74100E+02    1.18010E+00    3.07247E-01
    6.74200E+02    1.17194E+00    3.09764E-01
    6.74300E+02    1.16872E+00    3.10763E-01
    6.74400E+02    1.16724E+00    3.11223E-01
    6.74500E+02    1.16661E+00    3.11422E-01
    6.74600E+02    1.16630E+00    3.11517E-01
    6.74700E+02    1.16621E+00    3.11545E-01
    6.74800E+02    1.16634E+00    3.11506E-01
    6.74900E+02    1.16673E+00    3.11382E-01
    6.75000E+02    1.16701E+00    3.11296E-01
    6.75100E+02    1.16867E+00    3.10779E-01
    6.75200E+02    1.16787E+00    3.11027E-01
    6.75300E+02    1.16827E+00    3.10906E-01
    6.75400E+02    1.16888E+00    3.10716E-01
    6.75500E+02    1.16968E+00    3.10466E-01
    6.75600E+02    1.17073E+00    3.10139E-01
    6.75700E+02    1.17228E+00    3.09661E-01
    6.75800E+02    1.17472E+00    3.08905E-01
    6.75900E+02    1.18026E+00    3.07198E-01
    6.76000E+02    1.20123E+00    3.00824E-01
    6.76100E+02    1.21715E+00    2.96073E-01
    6.76200E+02    1.18422E+00    3.05986E-01
    6.76300E+02    1.17812E+00    3.07858E-01
    6.76400E+02    1.17625E+00    3.08432E-01
    6.76500E+02    1.17574E+00    3.08590E-01
    6.76600E+02    1.17590E+00    3.08540E-01
    6.76700E+02    1.17658E+00    3.08331E-01
    6.76800E+02    1.17820E+00    3.07833E-01
    6.76900E+02    1.19178E+00    3.03679E-01
    6.77000E+02    1.18292E+00    3.06381E-01
    6.77100E+02    1.19728E+00    3.02015E-01
    6.77200E+02    1.19274E+00    3.03388E-01
    6.77300E+02    1.18233E+00    3.06562E-01
    6.77400E+02    1.18049E+00    3.07128E-01
    6.77500E+02    1.18012E+00    3.07243E-01
    6.77600E+02    1.18022E+00    3.07210E-01
    6.77700E+02    1.18056E+00    3.07105E-01
    6.77800E+02    1.18104E+00    3.06958E-01
    6.77900E+02    1.18168E+00    3.06763E-01
    6.78000E+02    1.18209E+00    3.06637E-01
    6.78100E+02    1.18270E+00    3.06451E-01
    6.78200E+02    1.18342E+00    3.06231E-01
    6.78300E+02    1.18445E+00    3.05913E-01
    6.78400E+02    1.18984E+00    3.04268E-01
    6.78500E+02    1.18596E+00    3.05452E-01
    6.78600E+02    1.18606E+00    3.05423E-01
    6.78700E+02    1.18668E+00    3.05234E-01
    6.78800E+02    1.18742E+00    3.05008E-01
    6.78900E+02    1.18837E+00    3.04718E-01
    6.79000E+02    1.19064E+00    3.04026E-01
    6.79100E+02    1.19304E+00    3.03297E-01
    6.79200E+02    1.19060E+00    3.04039E-01
    6.79300E+02    1.19083E+00    3.03968E-01
    6.79400E+02    1.19140E+00    3.03794E-01
    6.79500E+02    1.19207E+00    3.03591E-01
    6.79600E+02    1.19282E+00    3.03365E-01
    6.79700E+02    1.19373E+00    3.03088E-01
    6.79800E+02    1.19542E+00    3.02576E-01
    6.79900E+02    1.19505E+00    3.02688E-01
    6.80000E+02    1.19571E+00    3.02489E-01
    6.80100E+02    1.19646E+00    3.02263E-01
    6.80200E+02    1.19723E+00    3.02028E-01
    6.80300E+02    1.19815E+00    3.01753E-01
    6.80400E+02    1.19889E+00    3.01529E-01
    6.80500E+02    1.19962E+00    3.01308E-01
    6.80600E+02    1.20042E+00    3.01068E-01
    6.80700E+02    1.20123E+00    3.00824E-01
    6.80800E+02    1.20206E+00    3.00574E-01
    6.80900E+02    1.20290E+00    3.00323E-01
    6.81000E+02    1.20374E+00    3.00070E-01
    6.81100E+02    1.20461E+00    2.99810E-01
    6.81200E+02    1.20548E+00    2.99549E-01
    6.81300E+02    1.20636E+00    2.99285E-01
    6.81400E+02    1.20728E+00    2.99010E-01
    6.81500E+02    1.20822E+00    2.98728E-01
    6.81600E+02    1.20933E+00    2.98398E-01
    6.81700E+02    1.21009E+00    2.98170E-01
    6.81800E+02    1.21101E+00    2.97896E-01
    6.81900E+02    1.21229E+00    2.97515E-01
    6.82000E+02    1.21332E+00    2.97209E-01
    6.82100E+02    1.21408E+00    2.96982E-01
    6.82200E+02    1.21542E+00    2.96586E-01
    6.82300E+02    1.21654E+00    2.96255E-01
    6.82400E+02    1.21703E+00    2.96108E-01
    6.82500E+02    1.21800E+00    2.95822E-01
    6.82600E+02    1.21907E+00    2.95504E-01
    6.82700E+02    1.22023E+00    2.95164E-01
    6.82800E+02    1.22144E+00    2.94806E-01
    6.82900E+02    1.22275E+00    2.94419E-01
    6.83000E+02    1.22410E+00    2.94023E-01
    6.83100E+02    1.22581E+00    2.93519E-01
    6.83200E+02    1.22806E+00    2.92861E-01
    6.83300E+02    1.23095E+00    2.92015E-01
    6.83400E+02    1.23602E+00    2.90540E-01
    6.83500E+02    1.24814E+00    2.87039E-01
    6.83600E+02    1.30752E+00    2.70489E-01
    6.83700E+02    1.28344E+00    2.77082E-01
    6.83800E+02    1.24964E+00    2.86607E-01
    6.83900E+02    1.24253E+00    2.88654E-01
    6.84000E+02    1.24201E+00    2.88802E-01
    6.84100E+02    1.24619E+00    2.87598E-01
    6.84200E+02    1.27016E+00    2.80787E-01
    6.84300E+02    1.26436E+00    2.82419E-01
    6.84400E+02    1.24647E+00    2.87519E-01
    6.84500E+02    1.24297E+00    2.88525E-01
    6.84600E+02    1.24217E+00    2.88756E-01
    6.84700E+02    1.24229E+00    2.88721E-01
    6.84800E+02    1.24283E+00    2.88567E-01
    6.84900E+02    1.24355E+00    2.88358E-01
    6.85000E+02    1.24443E+00    2.88106E-01
    6.85100E+02    1.24537E+00    2.87834E-01
    6.85200E+02    1.24638E+00    2.87544E-01
    6.85300E+02    1.24745E+00    2.87236E-01
    6.85400E+02    1.24858E+00    2.86913E-01
    6.85500E+02    1.24982E+00    2.86557E-01
    6.85600E+02    1.25222E+00    2.85870E-01
    6.85700E+02    1.25233E+00    2.85838E-01
    6.85800E+02    1.25366E+00    2.85459E-01
    6.85900E+02    1.25743E+00    2.84385E-01
    6.86000E+02    1.25587E+00    2.84827E-01
    6.86100E+02    1.25690E+00    2.84536E-01
    6.86200E+02    1.25808E+00    2.84198E-01
    6.86300E+02    1.25927E+00    2.83862E-01
    6.86400E+02    1.26051E+00    2.83508E-01
    6.86500E+02    1.26186E+00    2.83127E-01
    6.86600E+02    1.26355E+00    2.82648E-01
    6.86700E+02    1.26480E+00    2.82297E-01
    6.86800E+02    1.26575E+00    2.82029E-01
    6.86900E+02    1.26702E+00    2.81670E-01
    6.87000E+02    1.26833E+00    2.81300E-01
    6.87100E+02    1.26969E+00    2.80918E-01
    6.87200E+02    1.27107E+00    2.80532E-01
    6.87300E+02    1.27250E+00    2.80131E-01
    6.87400E+02    1.27393E+00    2.79731E-01
    6.87500E+02    1.27529E+00    2.79350E-01
    6.87600E+02    1.27673E+00    2.78947E-01
    6.87700E+02    1.27839E+00    2.78485E-01
    6.87800E+02    1.27964E+00    2.78138E-01
    6.87900E+02    1.28112E+00    2.77726E-01
    6.88000E+02    1.28261E+00    2.77312E-01
    6.88100E+02    1.28414E+00    2.76889E-01
    6.88200E+02    1.28568E+00    2.76463E-01
    6.88300E+02    1.28725E+00    2.76029E-01
    6.88400E+02    1.28884E+00    2.75592E-01
    6.88500E+02    1.29044E+00    2.75149E-01
    6.88600E+02    1.29209E+00    2.74696E-01
    6.88700E+02    1.29374E+00    2.74243E-01
    6.88800E+02    1.29545E+00    2.73775E-01
    6.88900E+02    1.29722E+00    2.73291E-01
    6.89000E+02    1.29897E+00    2.72814E-01
    6.89100E+02    1.30074E+00    2.72329E-01
    6.89200E+02    1.30259E+00    2.71827E-01
    6.89300E+02    1.30465E+00    2.71268E-01
    6.89400E+02    1.30637E+00    2.70800E-01
    6.89500E+02    1.30832E+00    2.70274E-01
    6.89600E+02    1.31037E+00    2.69720E-01
    6.89700E+02    1.31271E+00    2.69089E-01
    6.89800E+02    1.31481E+00    2.68527E-01
    6.89900E+02    1.31673E+00    2.68010E-01
    6.90000E+02    1.31894E+00    2.67419E-01
    6.90100E+02    1.32125E+00    2.66802E-01
    6.90200E+02    1.32368E+00    2.66155E-01
    6.90300E+02    1.32623E+00    2.65476E-01
    6.90400E+02    1.32898E+00    2.64747E-01
    6.90500E+02    1.33177E+00    2.64010E-01
    6.90600E+02    1.33485E+00    2.63197E-01
    6.90700E+02    1.33876E+00    2.62172E-01
    6.90800E+02    1.34315E+00    2.61023E-01
    6.90900E+02    1.34495E+00    2.60552E-01
    6.91000E+02    1.34867E+00    2.59587E-01
    6.91100E+02    1.35364E+00    2.58300E-01
    6.91200E+02    1.35912E+00    2.56887E-01
    6.91300E+02    1.37181E+00    2.53647E-01
    6.91400E+02    1.38222E+00    2.51020E-01
    6.91500E+02    1.37855E+00    2.51944E-01
    6.91600E+02    1.38212E+00    2.51045E-01
    6.91700E+02    1.39163E+00    2.48670E-01
    6.91800E+02    1.38838E+00    2.49480E-01
    6.91900E+02    1.39508E+00    2.47814E-01
    6.92000E+02    1.41054E+00    2.44012E-01
    6.92100E+02    1.41557E+00    2.42788E-01
    6.92200E+02    1.44336E+00    2.36132E-01
    6.92300E+02    1.54993E+00    2.12263E-01
    6.92400E+02    1.69761E+00    1.83121E-01
    6.92500E+02    1.46684E+00    2.30653E-01
    6.92600E+02    1.42572E+00    2.40335E-01
    6.92700E+02    1.41128E+00    2.43832E-01
    6.92800E+02    1.40559E+00    2.45223E-01
    6.92900E+02    1.40388E+00    2.45641E-01
    6.93000E+02    1.40530E+00    2.45294E-01
    6.93100E+02    1.41040E+00    2.44047E-01
    6.93200E+02    1.42204E+00    2.41222E-01
    6.93300E+02    1.45131E+00    2.34264E-01
    6.93400E+02    1.55856E+00    2.10439E-01
    6.93500E+02    1.76483E+00    1.71216E-01
    6.93600E+02    1.48337E+00    2.26872E-01
    6.93700E+02    1.43435E+00    2.38270E-01
    6.93800E+02    1.41743E+00    2.42337E-01
    6.93900E+02    1.41032E+00    2.44065E-01
    6.94000E+02    1.40729E+00    2.44807E-01
    6.94100E+02    1.40644E+00    2.45015E-01
    6.94200E+02    1.40707E+00    2.44860E-01
    6.94300E+02    1.40911E+00    2.44362E-01
    6.94400E+02    1.41316E+00    2.43372E-01
    6.94500E+02    1.42094E+00    2.41488E-01
    6.94600E+02    1.43972E+00    2.36994E-01
    6.94700E+02    1.51497E+00    2.19816E-01
    6.94800E+02    1.56806E+00    2.08448E-01
    6.94900E+02    1.45159E+00    2.34197E-01
    6.95000E+02    1.43059E+00    2.39168E-01
    6.95100E+02    1.42502E+00    2.40504E-01
    6.95200E+02    1.42207E+00    2.41215E-01
    6.95300E+02    1.42221E+00    2.41180E-01
    6.95400E+02    1.42249E+00    2.41112E-01
    6.95500E+02    1.42364E+00    2.40836E-01
    6.95600E+02    1.42552E+00    2.40383E-01
    6.95700E+02    1.42811E+00    2.39762E-01
    6.95800E+02    1.43209E+00    2.38809E-01
    6.95900E+02    1.43917E+00    2.37124E-01
    6.96000E+02    1.45621E+00    2.33119E-01
    6.96100E+02    1.56589E+00    2.08901E-01
    6.96200E+02    1.45477E+00    2.33453E-01
    6.96300E+02    1.44466E+00    2.35826E-01
    6.96400E+02    1.44291E+00    2.36239E-01
    6.96500E+02    1.44334E+00    2.36138E-01
    6.96600E+02    1.44462E+00    2.35837E-01
    6.96700E+02    1.44641E+00    2.35415E-01
    6.96800E+02    1.44850E+00    2.34922E-01
    6.96900E+02    1.45103E+00    2.34328E-01
    6.97000E+02    1.45422E+00    2.33583E-01
    6.97100E+02    1.46484E+00    2.31114E-01
    6.97200E+02    1.45872E+00    2.32533E-01
    6.97300E+02    1.46052E+00    2.32116E-01
    6.97400E+02    1.46400E+00    2.31308E-01
    6.97500E+02    1.47641E+00    2.28457E-01
    6.97600E+02    1.46861E+00    2.30245E-01
    6.97700E+02    1.47076E+00    2.29750E-01
    6.97800E+02    1.47222E+00    2.29416E-01
    6.97900E+02    1.47449E+00    2.28896E-01
    6.98000E+02    1.47707E+00    2.28305E-01
    6.98100E+02    1.47986E+00    2.27669E-01
    6.98200E+02    1.48239E+00    2.27094E-01
    6.98300E+02    1.48528E+00    2.26439E-01
    6.98400E+02    1.48822E+00    2.25773E-01
    6.98500E+02    1.49137E+00    2.25064E-01
    6.98600E+02    1.49507E+00    2.24232E-01
    6.98700E+02    1.50005E+00    2.23118E-01
    6.98800E+02    1.50558E+00    2.21889E-01
    6.98900E+02    1.52122E+00    2.18446E-01
    6.99000E+02    1.56738E+00    2.08591E-01
    6.99100E+02    1.51945E+00    2.18833E-01
    6.99200E+02    1.51526E+00    2.19752E-01
    6.99300E+02    1.51613E+00    2.19559E-01
    6.99400E+02    1.51795E+00    2.19161E-01
    6.99500E+02    1.52051E+00    2.18600E-01
    6.99600E+02    1.52349E+00    2.17950E-01
    6.99700E+02    1.52661E+00    2.17272E-01
    6.99800E+02    1.53001E+00    2.16532E-01
    6.99900E+02    1.53366E+00    2.15744E-01
    7.00000E+02    1.53764E+00    2.14888E-01
    7.00100E+02    1.54201E+00    2.13951E-01
    7.00200E+02    1.54689E+00    2.12909E-01
    7.00300E+02    1.55290E+00    2.11633E-01
    7.00400E+02    1.56082E+00    2.09964E-01
    7.00500E+02    1.57152E+00    2.07728E-01
    7.00600E+02    1.59112E+00    2.03698E-01
    7.00700E+02    1.63959E+00    1.94060E-01
    7.00800E+02    1.81327E+00    1.63120E-01
    7.00900E+02    1.84441E+00    1.58118E-01
    7.01000E+02    1.64935E+00    1.92175E-01
    7.01100E+02    1.61293E+00    1.99302E-01
    7.01200E+02    1.60628E+00    2.00633E-01
    7.01300E+02    1.62375E+00    1.97157E-01
    7.01400E+02    1.65146E+00    1.91770E-01
    7.01500E+02    1.70908E+00    1.81032E-01
    7.01600E+02    1.61538E+00    1.98815E-01
    7.01700E+02    1.60225E+00    2.01443E-01
    7.01800E+02    1.59980E+00    2.01938E-01
    7.01900E+02    1.60024E+00    2.01847E-01
    7.02000E+02    1.60195E+00    2.01502E-01
    7.02100E+02    1.60470E+00    2.00950E-01
    7.02200E+02    1.60714E+00    2.00460E-01
    7.02300E+02    1.61011E+00    1.99865E-01
    7.02400E+02    1.61279E+00    1.99330E-01
    7.02500E+02    1.61601E+00    1.98689E-01
    7.02600E+02    1.61967E+00    1.97963E-01
    7.02700E+02    1.62576E+00    1.96762E-01
    7.02800E+02    1.62651E+00    1.96615E-01
    7.02900E+02    1.62993E+00    1.95943E-01
    7.03000E+02    1.63306E+00    1.95332E-01
    7.03100E+02    1.63637E+00    1.94685E-01
    7.03200E+02    1.63985E+00    1.94009E-01
    7.03300E+02    1.64349E+00    1.93305E-01
    7.03400E+02    1.64709E+00    1.92610E-01
    7.03500E+02    1.65072E+00    1.91911E-01
    7.03600E+02    1.65453E+00    1.91181E-01
    7.03700E+02    1.65842E+00    1.90440E-01
    7.03800E+02    1.66229E+00    1.89704E-01
    7.03900E+02    1.66614E+00    1.88975E-01
    7.04000E+02    1.67005E+00    1.88239E-01
    7.04100E+02    1.67412E+00    1.87473E-01
    7.04200E+02    1.67804E+00    1.86740E-01
    7.04300E+02    1.68222E+00    1.85961E-01
    7.04400E+02    1.68615E+00    1.85231E-01
    7.04500E+02    1.69021E+00    1.84480E-01
    7.04600E+02    1.69441E+00    1.83707E-01
    7.04700E+02    1.69862E+00    1.82936E-01
    7.04800E+02    1.70283E+00    1.82167E-01
    7.04900E+02    1.70706E+00    1.81398E-01
    7.05000E+02    1.71140E+00    1.80613E-01
    7.05100E+02    1.71583E+00    1.79815E-01
    7.05200E+02    1.72015E+00    1.79040E-01
    7.05300E+02    1.72461E+00    1.78243E-01
    7.05400E+02    1.72912E+00    1.77441E-01
    7.05500E+02    1.73381E+00    1.76610E-01
    7.05600E+02    1.73829E+00    1.75820E-01
    7.05700E+02    1.74293E+00    1.75006E-01
    7.05800E+02    1.74763E+00    1.74186E-01
    7.05900E+02    1.75240E+00    1.73357E-01
    7.06000E+02    1.75774E+00    1.72434E-01
    7.06100E+02    1.76173E+00    1.71747E-01
    7.06200E+02    1.76656E+00    1.70920E-01
    7.06300E+02    1.77146E+00    1.70085E-01
    7.06400E+02    1.77612E+00    1.69294E-01
    7.06500E+02    1.78104E+00    1.68463E-01
    7.06600E+02    1.78629E+00    1.67582E-01
    7.06700E+02    1.79128E+00    1.66746E-01
    7.06800E+02    1.79647E+00    1.65883E-01
    7.06900E+02    1.80157E+00    1.65040E-01
    7.07000E+02    1.80667E+00    1.64199E-01
    7.07100E+02    1.81249E+00    1.63246E-01
    7.07200E+02    1.81743E+00    1.62442E-01
    7.07300E+02    1.82322E+00    1.61504E-01
    7.07400E+02    1.82804E+00    1.60727E-01
    7.07500E+02    1.83380E+00    1.59805E-01
    7.07600E+02    1.83939E+00    1.58914E-01
    7.07700E+02    1.84536E+00    1.57969E-01
    7.07800E+02    1.85187E+00    1.56943E-01
    7.07900E+02    1.85929E+00    1.55782E-01
    7.08000E+02    1.87015E+00    1.54100E-01
    7.08100E+02    1.90197E+00    1.49274E-01
    7.08200E+02    1.90119E+00    1.49391E-01
    7.08300E+02    1.88714E+00    1.51505E-01
    7.08400E+02    1.88943E+00    1.51158E-01
    7.08500E+02    1.89305E+00    1.50612E-01
    7.08600E+02    1.89899E+00    1.49720E-01
    7.08700E+02    1.90446E+00    1.48903E-01
    7.08800E+02    1.91018E+00    1.48054E-01
    7.08900E+02    1.91645E+00    1.47128E-01
    7.09000E+02    1.92296E+00    1.46174E-01
    7.09100E+02    1.92968E+00    1.45194E-01
    7.09200E+02    1.93680E+00    1.44164E-01
    7.09300E+02    1.94446E+00    1.43064E-01
    7.09400E+02    1.95341E+00    1.41789E-01
    7.09500E+02    1.96607E+00    1.40006E-01
    7.09600E+02    2.00272E+00    1.34967E-01
    7.09700E+02    1.99665E+00    1.35789E-01
    7.09800E+02    1.98553E+00    1.37308E-01
    7.09900E+02    1.98842E+00    1.36911E-01
    7.10000E+02    1.99413E+00    1.36132E-01
    7.10100E+02    2.00092E+00    1.35210E-01
    7.10200E+02    2.00822E+00    1.34228E-01
    7.10300E+02    2.01581E+00    1.33212E-01
    7.10400E+02    2.02376E+00    1.32158E-01
    7.10500E+02    2.03200E+00    1.31073E-01
    7.10600E+02    2.04035E+00    1.29983E-01
    7.10700E+02    2.04911E+00    1.28850E-01
    7.10800E+02    2.05812E+00    1.27693E-01
    7.10900E+02    2.06743E+00    1.26510E-01
    7.11000E+02    2.07828E+00    1.25146E-01
    7.11100E+02    2.08733E+00    1.24018E-01
    7.11200E+02    2.09846E+00    1.22646E-01
    7.11300E+02    2.11174E+00    1.21027E-01
    7.11400E+02    2.13336E+00    1.18439E-01
    7.11500E+02    2.24822E+00    1.05587E-01
    7.11600E+02    2.15324E+00    1.16108E-01
    7.11700E+02    2.15518E+00    1.15883E-01
    7.11800E+02    2.16454E+00    1.14803E-01
    7.11900E+02    2.17529E+00    1.13575E-01
    7.12000E+02    2.18757E+00    1.12189E-01
    7.12100E+02    2.20069E+00    1.10726E-01
    7.12200E+02    2.21468E+00    1.09189E-01
    7.12300E+02    2.22952E+00    1.07581E-01
    7.12400E+02    2.24518E+00    1.05908E-01
    7.12500E+02    2.26180E+00    1.04162E-01
    7.12600E+02    2.27939E+00    1.02347E-01
    7.12700E+02    2.29820E+00    1.00439E-01
    7.12800E+02    2.31845E+00    9.84257E-02
    7.12900E+02    2.34053E+00    9.62769E-02
    7.13000E+02    2.36320E+00    9.41181E-02
    7.13100E+02    2.38847E+00    9.17700E-02
    7.13200E+02    2.41621E+00    8.92595E-02
    7.13300E+02    2.44644E+00    8.66010E-02
    7.13400E+02    2.47983E+00    8.37574E-02
    7.13500E+02    2.51555E+00    8.08184E-02
    7.13600E+02    2.55617E+00    7.76016E-02
    7.13700E+02    2.60183E+00    7.41379E-02
    7.13800E+02    2.65338E+00    7.04125E-02
    7.13900E+02    2.71209E+00    6.63981E-02
    7.14000E+02    2.77936E+00    6.20785E-02
    7.14100E+02    2.85729E+00    5.74242E-02
    7.14200E+02    2.94850E+00    5.24183E-02
    7.14300E+02    3.05807E+00    4.69785E-02
    7.14400E+02    3.18466E+00    4.13923E-02
    7.14500E+02    3.33593E+00    3.55815E-02
    7.14600E+02    3.52227E+00    2.95322E-02
    7.14700E+02    3.75350E+00    2.34356E-02
    7.14800E+02    4.04461E+00    1.75165E-02
    7.14900E+02    4.41972E+00    1.20376E-02
    7.15000E+02    4.91811E+00    7.31297E-03
    7.15100E+02    5.61145E+00    3.65577E-03
    7.15200E+02    6.65438E+00    1.28837E-03
    7.15300E+02    8.51953E+00    1.99533E-04
    7.15400E+02    1.43354E+01    5.94605E-07
    7.15500E+02    8.20122E+00    2.74320E-04
    7.15600E+02    6.52597E+00    1.46490E-03
    7.15700E+02    5.56401E+00    3.83338E-03
    7.15800E+02    4.92179E+00    7.28607E-03
    7.15900E+02    4.46135E+00    1.15468E-02
    7.16000E+02    4.11739E+00    1.62870E-02
    7.16100E+02    3.85351E+00    2.12053E-02
    7.16200E+02    3.64728E+00    2.60619E-02
    7.16300E+02    3.48363E+00    3.06959E-02
    7.16400E+02    3.35262E+00    3.49926E-02
    7.16500E+02    3.24709E+00    3.88873E-02
    7.16600E+02    3.16162E+00    4.23571E-02
    7.16700E+02    3.09410E+00    4.53157E-02
    7.16800E+02    3.05496E+00    4.71244E-02
    7.16900E+02    2.99445E+00    5.00641E-02
    7.17000E+02    2.94752E+00    5.24695E-02
    7.17100E+02    2.91337E+00    5.42923E-02
    7.17200E+02    2.88643E+00    5.57748E-02
    7.17300E+02    2.86471E+00    5.69994E-02
    7.17400E+02    2.84751E+00    5.79883E-02
    7.17500E+02    2.83419E+00    5.87658E-02
    7.17600E+02    2.82438E+00    5.93456E-02
    7.17700E+02    2.81780E+00    5.97372E-02
    7.17800E+02    2.81474E+00    5.99203E-02
    7.17900E+02    2.81608E+00    5.98402E-02
    7.18000E+02    2.82409E+00    5.93625E-02
    7.18100E+02    2.84727E+00    5.80022E-02
    7.18200E+02    2.92842E+00    5.34812E-02
    7.18300E+02    3.62964E+00    2.65257E-02
    7.18400E+02    2.93259E+00    5.32591E-02
    7.18500E+02    2.85378E+00    5.76260E-02
    7.18600E+02    2.83364E+00    5.87983E-02
    7.18700E+02    2.82808E+00    5.91264E-02
    7.18800E+02    2.82837E+00    5.91091E-02
    7.18900E+02    2.83240E+00    5.88714E-02
    7.19000E+02    2.83720E+00    5.85897E-02
    7.19100E+02    2.84407E+00    5.81884E-02
    7.19200E+02    2.85252E+00    5.76989E-02
    7.19300E+02    2.86272E+00    5.71131E-02
    7.19400E+02    2.87550E+00    5.63877E-02
    7.19500E+02    2.89326E+00    5.53951E-02
    7.19600E+02    2.92336E+00    5.37530E-02
    7.19700E+02    3.00307E+00    4.96345E-02
    7.19800E+02    3.47909E+00    3.08355E-02
    7.19900E+02    3.00413E+00    4.95819E-02
    7.20000E+02    2.95866E+00    5.18886E-02
    7.20100E+02    2.95132E+00    5.22705E-02
    7.20200E+02    2.95429E+00    5.21155E-02
    7.20300E+02    2.96148E+00    5.17425E-02
    7.20400E+02    2.97077E+00    5.12640E-02
    7.20500E+02    2.98203E+00    5.06900E-02
    7.20600E+02    2.99260E+00    5.01569E-02
    7.20700E+02    3.00423E+00    4.95770E-02
    7.20800E+02    3.01638E+00    4.89782E-02
    7.20900E+02    3.02861E+00    4.83827E-02
    7.21000E+02    3.04158E+00    4.77593E-02
    7.21100E+02    3.05495E+00    4.71250E-02
    7.21200E+02    3.06872E+00    4.64806E-02
    7.21300E+02    3.08227E+00    4.58551E-02
    7.21400E+02    3.09633E+00    4.52147E-02
    7.21500E+02    3.11082E+00    4.45643E-02
    7.21600E+02    3.12582E+00    4.39008E-02
    7.21700E+02    3.14135E+00    4.32245E-02
    7.21800E+02    3.15584E+00    4.26025E-02
    7.21900E+02    3.17099E+00    4.19619E-02
    7.22000E+02    3.18666E+00    4.13096E-02
    7.22100E+02    3.20279E+00    4.06485E-02
    7.22200E+02    3.21896E+00    3.99965E-02
    7.22300E+02    3.23561E+00    3.93364E-02
    7.22400E+02    3.25268E+00    3.86706E-02
    7.22500E+02    3.27024E+00    3.79974E-02
    7.22600E+02    3.28836E+00    3.73151E-02
    7.22700E+02    3.30716E+00    3.66200E-02
    7.22800E+02    3.32738E+00    3.58871E-02
    7.22900E+02    3.34997E+00    3.50856E-02
    7.23000E+02    3.38666E+00    3.38213E-02
    7.23100E+02    3.40586E+00    3.31783E-02
    7.23200E+02    3.45280E+00    3.16568E-02
    7.23300E+02    3.57932E+00    2.78946E-02
    7.23400E+02    3.86488E+00    2.09654E-02
    7.23500E+02    3.54646E+00    2.88264E-02
    7.23600E+02    3.50879E+00    2.99330E-02
    7.23700E+02    3.50785E+00    2.99613E-02
    7.23800E+02    3.51768E+00    2.96681E-02
    7.23900E+02    3.53223E+00    2.92397E-02
    7.24000E+02    3.54879E+00    2.87595E-02
    7.24100E+02    3.56673E+00    2.82481E-02
    7.24200E+02    3.58569E+00    2.77177E-02
    7.24300E+02    3.60529E+00    2.71796E-02
    7.24400E+02    3.62599E+00    2.66226E-02
    7.24500E+02    3.64600E+00    2.60953E-02
    7.24600E+02    3.66683E+00    2.55574E-02
    7.24700E+02    3.68776E+00    2.50279E-02
    7.24800E+02    3.70939E+00    2.44924E-02
    7.24900E+02    3.73117E+00    2.39648E-02
    7.25000E+02    3.75337E+00    2.34387E-02
    7.25100E+02    3.77584E+00    2.29177E-02
    7.25200E+02    3.79869E+00    2.24002E-02
    7.25300E+02    3.82177E+00    2.18891E-02
    7.25400E+02    3.84536E+00    2.13786E-02
    7.25500E+02    3.87058E+00    2.08463E-02
    7.25600E+02    3.89312E+00    2.03817E-02
    7.25700E+02    3.91734E+00    1.98940E-02
    7.25800E+02    3.94200E+00    1.94094E-02
    7.25900E+02    3.96704E+00    1.89293E-02
    7.26000E+02    3.99247E+00    1.84540E-02
    7.26100E+02    4.01837E+00    1.79822E-02
    7.26200E+02    4.04482E+00    1.75128E-02
    7.26300E+02    4.07207E+00    1.70422E-02
    7.26400E+02    4.10080E+00    1.65594E-02
    7.26500E+02    4.13341E+00    1.60281E-02
    7.26600E+02    4.18723E+00    1.51883E-02
    7.26700E+02    4.20798E+00    1.48763E-02
    7.26800E+02    4.21514E+00    1.47702E-02
    7.26900E+02    4.23896E+00    1.44226E-02
    7.27000E+02    4.26794E+00    1.40106E-02
    7.27100E+02    4.30972E+00    1.34373E-02
    7.27200E+02    4.32430E+00    1.32428E-02
    7.27300E+02    4.35136E+00    1.28892E-02
    7.27400E+02    4.38038E+00    1.25205E-02
    7.27500E+02    4.41058E+00    1.21482E-02
    7.27600E+02    4.44166E+00    1.17764E-02
    7.27700E+02    4.47205E+00    1.14239E-02
    7.27800E+02    4.50322E+00    1.10732E-02
    7.27900E+02    4.53517E+00    1.07251E-02
    7.28000E+02    4.56781E+00    1.03807E-02
    7.28100E+02    4.60035E+00    1.00483E-02
    7.28200E+02    4.63419E+00    9.71399E-03
    7.28300E+02    4.66814E+00    9.38975E-03
    7.28400E+02    4.70118E+00    9.08454E-03
    7.28500E+02    4.73559E+00    8.77726E-03
    7.28600E+02    4.77061E+00    8.47523E-03
    7.28700E+02    4.80620E+00    8.17890E-03
    7.28800E+02    4.84220E+00    7.88971E-03
    7.28900E+02    4.87873E+00    7.60667E-03
    7.29000E+02    4.91575E+00    7.33019E-03
    7.29100E+02    4.95358E+00    7.05808E-03
    7.29200E+02    4.99162E+00    6.79462E-03
    7.29300E+02    5.03050E+00    6.53556E-03
    7.29400E+02    5.07030E+00    6.28052E-03
    7.29500E+02    5.11035E+00    6.03396E-03
    7.29600E+02    5.15090E+00    5.79419E-03
    7.29700E+02    5.19280E+00    5.55644E-03
    7.29800E+02    5.23661E+00    5.31828E-03
    7.29900E+02    5.28538E+00    5.06511E-03
    7.30000E+02    5.38726E+00    4.57448E-03
    7.30100E+02    5.37595E+00    4.62654E-03
    7.30200E+02    5.41343E+00    4.45632E-03
    7.30300E+02    5.45528E+00    4.27369E-03
    7.30400E+02    5.50021E+00    4.08592E-03
    7.30500E+02    5.54801E+00    3.89520E-03
    7.30600E+02    5.60587E+00    3.67623E-03
    7.30700E+02    5.64583E+00    3.53222E-03
    7.30800E+02    5.69661E+00    3.35734E-03
    7.30900E+02    5.75033E+00    3.18174E-03
    7.31000E+02    5.80778E+00    3.00408E-03
    7.31100E+02    5.87287E+00    2.81477E-03
    7.31200E+02    5.95551E+00    2.59152E-03
    7.31300E+02    5.96716E+00    2.56150E-03
    7.31400E+02    6.00489E+00    2.46666E-03
    7.31500E+02    6.04850E+00    2.36140E-03
    7.31600E+02    6.09534E+00    2.25334E-03
    7.31700E+02    6.14431E+00    2.14565E-03
    7.31800E+02    6.19515E+00    2.03930E-03
    7.31900E+02    6.24747E+00    1.93535E-03
    7.32000E+02    6.30099E+00    1.83448E-03
    7.32100E+02    6.35591E+00    1.73645E-03
    7.32200E+02    6.41186E+00    1.64196E-03
    7.32300E+02    6.46907E+00    1.55066E-03
    7.32400E+02    6.52732E+00    1.46292E-03
    7.32500E+02    6.58695E+00    1.37824E-03
    7.32600E+02    6.64793E+00    1.29670E-03
    7.32700E+02    6.70875E+00    1.22018E-03
    7.32800E+02    6.77122E+00    1.14629E-03
    7.32900E+02    6.83487E+00    1.07560E-03
    7.33000E+02    6.89958E+00    1.00821E-03
    7.33100E+02    6.96551E+00    9.43886E-04
    7.33200E+02    7.03265E+00    8.82592E-04
    7.33300E+02    7.10091E+00    8.24357E-04
    7.33400E+02    7.17035E+00    7.69052E-04
    7.33500E+02    7.24129E+00    7.16390E-04
    7.33600E+02    7.31342E+00    6.66533E-04
    7.33700E+02    7.38687E+00    6.19330E-04
    7.33800E+02    7.46201E+00    5.74498E-04
    7.33900E+02    7.53923E+00    5.31808E-04
    7.34000E+02    7.61929E+00    4.90891E-04
    7.34100E+02    7.70245E+00    4.51720E-04
    7.34200E+02    7.79466E+00    4.11930E-04
    7.34300E+02    7.91844E+00    3.63969E-04
    7.34400E+02    8.22685E+00    2.67378E-04
    7.34500E+02    8.06947E+00    3.12949E-04
    7.34600E+02    8.12291E+00    2.96664E-04
    7.34700E+02    8.19985E+00    2.74695E-04
    7.34800E+02    8.28578E+00    2.52077E-04
    7.34900E+02    8.38216E+00    2.28915E-04
    7.35000E+02    8.56384E+00    1.90885E-04
    7.35100E+02    8.56469E+00    1.90723E-04
    7.35200E+02    8.64698E+00    1.75657E-04
    7.35300E+02    8.73896E+00    1.60221E-04
    7.35400E+02    8.83478E+00    1.45581E-04
    7.35500E+02    8.93361E+00    1.31880E-04
    7.35600E+02    9.03377E+00    1.19312E-04
    7.35700E+02    9.13620E+00    1.07696E-04
    7.35800E+02    9.24105E+00    9.69754E-05
    7.35900E+02    9.34765E+00    8.71698E-05
    7.36000E+02    9.45648E+00    7.81815E-05
    7.36100E+02    9.56761E+00    6.99586E-05
    7.36200E+02    9.68106E+00    6.24550E-05
    7.36300E+02    9.79757E+00    5.55863E-05
    7.36400E+02    9.91981E+00    4.91904E-05
    7.36500E+02    1.00594E+01    4.27824E-05
    7.36600E+02    1.01591E+01    3.87216E-05
    7.36700E+02    1.02807E+01    3.42876E-05
    7.36800E+02    1.04067E+01    3.02292E-05
    7.36900E+02    1.05354E+01    2.65800E-05
    7.37000E+02    1.06677E+01    2.32854E-05
    7.37100E+02    1.08023E+01    2.03531E-05
    7.37200E+02    1.09409E+01    1.77183E-05
    7.37300E+02    1.10804E+01    1.54114E-05
    7.37400E+02    1.12230E+01    1.33637E-05
    7.37500E+02    1.13687E+01    1.15514E-05
    7.37600E+02    1.15185E+01    9.94393E-06
    7.37700E+02    1.16705E+01    8.54228E-06
    7.37800E+02    1.18255E+01    7.31553E-06
    7.37900E+02    1.19847E+01    6.23922E-06
    7.38000E+02    1.21469E+01    5.30454E-06
    7.38100E+02    1.23121E+01    4.49689E-06
    7.38200E+02    1.24816E+01    3.79600E-06
    7.38300E+02    1.26550E+01    3.19169E-06
    7.38400E+02    1.28315E+01    2.67504E-06
    7.38500E+02    1.30123E+01    2.23270E-06
    7.38600E+02    1.31971E+01    1.85590E-06
    7.38700E+02    1.33861E+01    1.53631E-06
    7.38800E+02    1.35803E+01    1.26522E-06
    7.38900E+02    1.37776E+01    1.03868E-06
    7.39000E+02    1.39801E+01    8.48281E-07
    7.39100E+02    1.41878E+01    6.89167E-07
    7.39200E+02    1.43999E+01    5.57442E-07
    7.39300E+02    1.46174E+01    4.48479E-07
    7.39400E+02    1.48401E+01    3.58936E-07
    7.39500E+02    1.50675E+01    2.85926E-07
    7.39600E+02    1.53018E+01    2.26220E-07
    7.39700E+02    1.55409E+01    1.78103E-07
    7.39800E+02    1.57882E+01    1.39076E-07
    7.39900E+02    1.60427E+01    1.07829E-07
    7.40000E+02    1.63105E+01    8.25002E-08
    7.40100E+02    1.65852E+01    6.26813E-08
    7.40200E+02    1.68897E+01    4.62260E-08
    7.40300E+02    1.73001E+01    3.06678E-08
    7.40400E+02    1.77484E+01    1.95863E-08
    7.40500E+02    1.77651E+01    1.92625E-08
    7.40600E+02    1.80111E+01    1.50626E-08
    7.40700E+02    1.82988E+01    1.12966E-08
    7.40800E+02    1.86035E+01    8.32931E-09
    7.40900E+02    1.89220E+01    6.05758E-09
    7.41000E+02    1.92509E+01    4.35953E-09
    7.41100E+02    1.95894E+01    3.10764E-09
    7.41200E+02    1.99392E+01    2.19045E-09
    7.41300E+02    2.02993E+01    1.52800E-09
    7.41400E+02    2.06697E+01    1.05503E-09
    7.41500E+02    2.10506E+01    7.20816E-10
    7.41600E+02    2.14419E+01    4.87439E-10
    7.41700E+02    2.18445E+01    3.25880E-10
    7.41800E+02    2.22603E+01    2.15010E-10
    7.41900E+02    2.26893E+01    1.40006E-10
    7.42000E+02    2.31308E+01    9.00391E-11
    7.42100E+02    2.35876E+01    5.70207E-11
    7.42200E+02    2.40655E+01    3.53581E-11
    7.42300E+02    2.45627E+01    2.15068E-11
    7.42400E+02    2.50401E+01    1.33420E-11
    7.42500E+02    2.55512E+01    8.00340E-12
    7.42600E+02    2.60823E+01    4.70544E-12
    7.42700E+02    2.66310E+01    2.71824E-12
    7.42800E+02    2.72041E+01    1.53252E-12
    7.42900E+02    2.77859E+01    8.56507E-13
    7.43000E+02    2.83922E+01    4.67093E-13
    7.43100E+02    2.90286E+01    2.47204E-13
    7.43200E+02    2.96891E+01    1.27695E-13
    7.43300E+02    3.03382E+01    6.67277E-14
    7.43400E+02    3.10316E+01    3.33531E-14
    7.43500E+02    3.17478E+01    1.62975E-14
    7.43600E+02    3.24920E+01    7.74269E-15
    7.43700E+02    3.32648E+01    3.57488E-15
    7.43800E+02    3.40651E+01    1.60595E-15
    7.43900E+02    3.48956E+01    6.99875E-16
    7.44000E+02    3.57575E+01    2.95596E-16
    7.44100E+02    3.66518E+01    1.20877E-16
    7.44200E+02    3.75791E+01    4.78191E-17
    7.44300E+02    3.85414E+01    1.82681E-17
    7.44400E+02    3.95389E+01    6.73679E-18
    7.44500E+02    4.05734E+01    2.39436E-18
    7.44600E+02    4.16447E+01    8.20255E-19
    7.44700E+02    4.27558E+01    2.70028E-19
    7.44800E+02    4.39040E+01    8.56506E-20
    7.44900E+02    4.50929E+01    2.60865E-20
    7.45000E+02    4.63191E+01    7.65398E-21
    7.45100E+02    4.75842E+01    2.15988E-21
    7.45200E+02    4.88862E+01    5.87472E-22
    7.45300E+02    5.02238E+01    1.54198E-22
    7.45400E+02    5.15921E+01    3.92497E-23
    7.45500E+02    5.29976E+01    9.62603E-24
    7.45600E+02    5.44532E+01    2.24524E-24
    7.45700E+02    5.59653E+01    4.94963E-25
    7.45800E+02    5.75446E+01    1.02024E-25
    7.45900E+02    5.92045E+01    1.94005E-26
    7.46000E+02    6.08880E+01    3.60303E-27
    7.46100E+02    6.26776E+01    6.01793E-28
    7.46200E+02    6.45592E+01    9.16860E-29
    7.46300E+02    6.65375E+01    1.26806E-29
    7.46400E+02    6.86231E+01    1.57525E-30
    7.46500E+02    7.09094E+01    1.60112E-31
    7.46600E+02    7.31219E+01    1.75205E-32
    7.46700E+02    7.55476E+01    1.54918E-33
    7.46800E+02    7.81952E+01    1.09713E-34
    7.46900E+02    8.11066E+01    5.96806E-36
    7.47000E+02    8.36230E+01    4.81916E-37
    7.47100E+02    8.65538E+01    2.57141E-38
    7.47200E+02    8.96836E+01    1.12435E-39
    7.47300E+02    9.30041E+01    4.06281E-41
    7.47400E+02    9.65052E+01    1.22555E-42
    7.47500E+02    1.00214E+02    3.00227E-44
    7.47600E+02    1.04140E+02    5.92297E-46
    7.47700E+02    1.08303E+02    9.21500E-48
    7.47800E+02    1.12709E+02    1.12451E-49
    7.47900E+02    1.17378E+02    1.05569E-51
    7.48000E+02    1.22337E+02    7.40471E-54
    7.48100E+02    1.27609E+02    3.80459E-56
    7.48200E+02    1.33202E+02    1.41646E-58
    7.48300E+02    1.39154E+02    3.68176E-61
    7.48400E+02    1.45491E+02    6.51679E-64
    7.48500E+02    1.52274E+02    7.38419E-67
    7.48600E+02    1.59494E+02    5.40326E-70
    7.48700E+02    1.67580E+02    1.66333E-73
    7.48800E+02    1.75383E+02    6.79077E-77
    7.48900E+02    1.84072E+02    1.14430E-80
    7.49000E+02    1.93427E+02    9.89703E-85
    7.49100E+02    2.03466E+02    4.32408E-89
    7.49200E+02    2.14229E+02    9.15661E-94
    7.49300E+02    2.25784E+02    8.77602E-99
    7.49400E+02    2.38181E+02    3.62456E-100
    7.49500E+02    2.51510E+02    5.89702E-100
    7.49600E+02    2.65830E+02    3.55917E-100
    7.49700E+02    2.81231E+02    7.29134E-100
    7.49800E+02    2.97804E+02    4.62770E-100
    7.49900E+02    3.15618E+02    8.48883E-100

