#	Freq	Err	Trans
    2.99900E+02    3.58075E-01    6.99021E-01
    3.00000E+02    3.58546E-01    6.98692E-01
    3.00100E+02    3.59190E-01    6.98242E-01
    3.00200E+02    3.59822E-01    6.97800E-01
    3.00300E+02    3.60630E-01    6.97237E-01
    3.00400E+02    3.61849E-01    6.96387E-01
    3.00500E+02    3.64062E-01    6.94848E-01
    3.00600E+02    3.70285E-01    6.90538E-01
    3.00700E+02    3.93804E-01    6.74486E-01
    3.00800E+02    3.69045E-01    6.91394E-01
    3.00900E+02    3.66254E-01    6.93327E-01
    3.01000E+02    3.65919E-01    6.93559E-01
    3.01100E+02    3.66338E-01    6.93269E-01
    3.01200E+02    3.67279E-01    6.92616E-01
    3.01300E+02    3.68824E-01    6.91547E-01
    3.01400E+02    3.71238E-01    6.89880E-01
    3.01500E+02    3.75369E-01    6.87036E-01
    3.01600E+02    3.83819E-01    6.81255E-01
    3.01700E+02    4.07696E-01    6.65181E-01
    3.01800E+02    5.73892E-01    5.63329E-01
    3.01900E+02    4.22979E-01    6.55092E-01
    3.02000E+02    3.89784E-01    6.77203E-01
    3.02100E+02    3.80317E-01    6.83645E-01
    3.02200E+02    3.76608E-01    6.86185E-01
    3.02300E+02    3.75040E-01    6.87262E-01
    3.02400E+02    3.74497E-01    6.87635E-01
    3.02500E+02    3.74625E-01    6.87547E-01
    3.02600E+02    3.75107E-01    6.87216E-01
    3.02700E+02    3.76013E-01    6.86593E-01
    3.02800E+02    3.77661E-01    6.85463E-01
    3.02900E+02    3.80778E-01    6.83330E-01
    3.03000E+02    3.88006E-01    6.78409E-01
    3.03100E+02    4.13723E-01    6.61184E-01
    3.03200E+02    4.39185E-01    6.44562E-01
    3.03300E+02    3.93339E-01    6.74800E-01
    3.03400E+02    3.84650E-01    6.80689E-01
    3.03500E+02    3.81892E-01    6.82569E-01
    3.03600E+02    3.81103E-01    6.83108E-01
    3.03700E+02    3.80416E-01    6.83577E-01
    3.03800E+02    3.80436E-01    6.83563E-01
    3.03900E+02    3.80736E-01    6.83358E-01
    3.04000E+02    3.81134E-01    6.83086E-01
    3.04100E+02    3.81647E-01    6.82736E-01
    3.04200E+02    3.82245E-01    6.82328E-01
    3.04300E+02    3.82914E-01    6.81872E-01
    3.04400E+02    3.83655E-01    6.81367E-01
    3.04500E+02    3.84477E-01    6.80806E-01
    3.04600E+02    3.85417E-01    6.80167E-01
    3.04700E+02    3.86574E-01    6.79380E-01
    3.04800E+02    3.88652E-01    6.77970E-01
    3.04900E+02    3.88260E-01    6.78236E-01
    3.05000E+02    3.88237E-01    6.78251E-01
    3.05100E+02    3.88574E-01    6.78023E-01
    3.05200E+02    3.88971E-01    6.77754E-01
    3.05300E+02    3.89472E-01    6.77415E-01
    3.05400E+02    3.90029E-01    6.77037E-01
    3.05500E+02    3.90628E-01    6.76632E-01
    3.05600E+02    3.91262E-01    6.76203E-01
    3.05700E+02    3.91919E-01    6.75759E-01
    3.05800E+02    3.92601E-01    6.75298E-01
    3.05900E+02    3.93318E-01    6.74814E-01
    3.06000E+02    3.94061E-01    6.74313E-01
    3.06100E+02    3.94766E-01    6.73838E-01
    3.06200E+02    3.95518E-01    6.73331E-01
    3.06300E+02    3.96283E-01    6.72817E-01
    3.06400E+02    3.97071E-01    6.72286E-01
    3.06500E+02    3.97854E-01    6.71760E-01
    3.06600E+02    3.98663E-01    6.71217E-01
    3.06700E+02    3.99487E-01    6.70664E-01
    3.06800E+02    4.00334E-01    6.70096E-01
    3.06900E+02    4.01266E-01    6.69472E-01
    3.07000E+02    4.02077E-01    6.68929E-01
    3.07100E+02    4.02915E-01    6.68369E-01
    3.07200E+02    4.03811E-01    6.67770E-01
    3.07300E+02    4.04984E-01    6.66988E-01
    3.07400E+02    4.05984E-01    6.66321E-01
    3.07500E+02    4.07087E-01    6.65586E-01
    3.07600E+02    4.07811E-01    6.65104E-01
    3.07700E+02    4.08706E-01    6.64509E-01
    3.07800E+02    4.09657E-01    6.63878E-01
    3.07900E+02    4.10638E-01    6.63227E-01
    3.08000E+02    4.11629E-01    6.62570E-01
    3.08100E+02    4.12642E-01    6.61899E-01
    3.08200E+02    4.13683E-01    6.61211E-01
    3.08300E+02    4.14752E-01    6.60504E-01
    3.08400E+02    4.15883E-01    6.59757E-01
    3.08500E+02    4.17287E-01    6.58832E-01
    3.08600E+02    4.18801E-01    6.57835E-01
    3.08700E+02    4.19270E-01    6.57527E-01
    3.08800E+02    4.20434E-01    6.56762E-01
    3.08900E+02    4.21630E-01    6.55977E-01
    3.09000E+02    4.22615E-01    6.55331E-01
    3.09100E+02    4.23798E-01    6.54556E-01
    3.09200E+02    4.25076E-01    6.53720E-01
    3.09300E+02    4.26371E-01    6.52874E-01
    3.09400E+02    4.27820E-01    6.51929E-01
    3.09500E+02    4.28990E-01    6.51166E-01
    3.09600E+02    4.30426E-01    6.50232E-01
    3.09700E+02    4.32040E-01    6.49183E-01
    3.09800E+02    4.34033E-01    6.47891E-01
    3.09900E+02    4.36928E-01    6.46018E-01
    3.10000E+02    4.44454E-01    6.41174E-01
    3.10100E+02    4.51368E-01    6.36756E-01
    3.10200E+02    4.41871E-01    6.42832E-01
    3.10300E+02    4.41228E-01    6.43246E-01
    3.10400E+02    4.41753E-01    6.42908E-01
    3.10500E+02    4.42780E-01    6.42249E-01
    3.10600E+02    4.43968E-01    6.41486E-01
    3.10700E+02    4.45251E-01    6.40663E-01
    3.10800E+02    4.46592E-01    6.39805E-01
    3.10900E+02    4.47976E-01    6.38920E-01
    3.11000E+02    4.49405E-01    6.38008E-01
    3.11100E+02    4.50924E-01    6.37039E-01
    3.11200E+02    4.52376E-01    6.36115E-01
    3.11300E+02    4.53855E-01    6.35175E-01
    3.11400E+02    4.55397E-01    6.34196E-01
    3.11500E+02    4.56994E-01    6.33184E-01
    3.11600E+02    4.58711E-01    6.32098E-01
    3.11700E+02    4.60362E-01    6.31055E-01
    3.11800E+02    4.61993E-01    6.30027E-01
    3.11900E+02    4.63696E-01    6.28955E-01
    3.12000E+02    4.65476E-01    6.27836E-01
    3.12100E+02    4.67304E-01    6.26690E-01
    3.12200E+02    4.69178E-01    6.25516E-01
    3.12300E+02    4.71104E-01    6.24313E-01
    3.12400E+02    4.73082E-01    6.23079E-01
    3.12500E+02    4.75161E-01    6.21785E-01
    3.12600E+02    4.77252E-01    6.20486E-01
    3.12700E+02    4.79293E-01    6.19221E-01
    3.12800E+02    4.81464E-01    6.17878E-01
    3.12900E+02    4.83956E-01    6.16340E-01
    3.13000E+02    4.85951E-01    6.15112E-01
    3.13100E+02    4.88234E-01    6.13709E-01
    3.13200E+02    4.90524E-01    6.12306E-01
    3.13300E+02    4.92920E-01    6.10840E-01
    3.13400E+02    4.95388E-01    6.09335E-01
    3.13500E+02    4.97951E-01    6.07775E-01
    3.13600E+02    5.00694E-01    6.06110E-01
    3.13700E+02    5.02978E-01    6.04727E-01
    3.13800E+02    5.05567E-01    6.03164E-01
    3.13900E+02    5.08266E-01    6.01538E-01
    3.14000E+02    5.11551E-01    5.99565E-01
    3.14100E+02    5.13610E-01    5.98332E-01
    3.14200E+02    5.16328E-01    5.96708E-01
    3.14300E+02    5.19160E-01    5.95020E-01
    3.14400E+02    5.22081E-01    5.93285E-01
    3.14500E+02    5.25089E-01    5.91503E-01
    3.14600E+02    5.28196E-01    5.89668E-01
    3.14700E+02    5.31408E-01    5.87777E-01
    3.14800E+02    5.34739E-01    5.85822E-01
    3.14900E+02    5.38199E-01    5.83799E-01
    3.15000E+02    5.41814E-01    5.81692E-01
    3.15100E+02    5.45638E-01    5.79472E-01
    3.15200E+02    5.49607E-01    5.77177E-01
    3.15300E+02    5.53882E-01    5.74714E-01
    3.15400E+02    5.58579E-01    5.72021E-01
    3.15500E+02    5.63968E-01    5.68947E-01
    3.15600E+02    5.70723E-01    5.65117E-01
    3.15700E+02    5.81095E-01    5.59286E-01
    3.15800E+02    6.07320E-01    5.44809E-01
    3.15900E+02    6.61240E-01    5.16211E-01
    3.16000E+02    6.05318E-01    5.45901E-01
    3.16100E+02    6.04441E-01    5.46380E-01
    3.16200E+02    6.18460E-01    5.38774E-01
    3.16300E+02    6.91967E-01    5.00590E-01
    3.16400E+02    6.46514E-01    5.23869E-01
    3.16500E+02    6.24472E-01    5.35544E-01
    3.16600E+02    6.24104E-01    5.35741E-01
    3.16700E+02    6.34156E-01    5.30383E-01
    3.16800E+02    6.29534E-01    5.32840E-01
    3.16900E+02    6.33656E-01    5.30648E-01
    3.17000E+02    6.39617E-01    5.27494E-01
    3.17100E+02    6.47901E-01    5.23143E-01
    3.17200E+02    6.71490E-01    5.10947E-01
    3.17300E+02    6.60452E-01    5.16618E-01
    3.17400E+02    6.65336E-01    5.14101E-01
    3.17500E+02    6.71978E-01    5.10697E-01
    3.17600E+02    6.79357E-01    5.06943E-01
    3.17700E+02    6.87243E-01    5.02961E-01
    3.17800E+02    6.95528E-01    4.98811E-01
    3.17900E+02    7.04197E-01    4.94506E-01
    3.18000E+02    7.13281E-01    4.90034E-01
    3.18100E+02    7.22851E-01    4.85367E-01
    3.18200E+02    7.32755E-01    4.80583E-01
    3.18300E+02    7.43177E-01    4.75601E-01
    3.18400E+02    7.54091E-01    4.70438E-01
    3.18500E+02    7.65575E-01    4.65066E-01
    3.18600E+02    7.77490E-01    4.59558E-01
    3.18700E+02    7.90073E-01    4.53812E-01
    3.18800E+02    8.03286E-01    4.47855E-01
    3.18900E+02    8.17189E-01    4.41672E-01
    3.19000E+02    8.31807E-01    4.35262E-01
    3.19100E+02    8.47225E-01    4.28602E-01
    3.19200E+02    8.63620E-01    4.21633E-01
    3.19300E+02    8.80845E-01    4.14433E-01
    3.19400E+02    8.99262E-01    4.06870E-01
    3.19500E+02    9.18666E-01    3.99051E-01
    3.19600E+02    9.39728E-01    3.90734E-01
    3.19700E+02    9.63032E-01    3.81734E-01
    3.19800E+02    9.90425E-01    3.71419E-01
    3.19900E+02    1.03048E+00    3.56835E-01
    3.20000E+02    1.19167E+00    3.03713E-01
    3.20100E+02    1.07982E+00    3.39656E-01
    3.20200E+02    1.09272E+00    3.35304E-01
    3.20300E+02    1.11738E+00    3.27136E-01
    3.20400E+02    1.14632E+00    3.17804E-01
    3.20500E+02    1.17773E+00    3.07977E-01
    3.20600E+02    1.21126E+00    2.97820E-01
    3.20700E+02    1.24644E+00    2.87527E-01
    3.20800E+02    1.28314E+00    2.77167E-01
    3.20900E+02    1.32105E+00    2.66854E-01
    3.21000E+02    1.35999E+00    2.56664E-01
    3.21100E+02    1.39975E+00    2.46659E-01
    3.21200E+02    1.43996E+00    2.36938E-01
    3.21300E+02    1.48069E+00    2.27482E-01
    3.21400E+02    1.52245E+00    2.18176E-01
    3.21500E+02    1.56585E+00    2.08911E-01
    3.21600E+02    1.61122E+00    1.99645E-01
    3.21700E+02    1.65943E+00    1.90247E-01
    3.21800E+02    1.71103E+00    1.80680E-01
    3.21900E+02    1.76676E+00    1.70886E-01
    3.22000E+02    1.82937E+00    1.60515E-01
    3.22100E+02    1.89231E+00    1.50724E-01
    3.22200E+02    1.96213E+00    1.40558E-01
    3.22300E+02    2.03810E+00    1.30276E-01
    3.22400E+02    2.12086E+00    1.19929E-01
    3.22500E+02    2.21072E+00    1.09621E-01
    3.22600E+02    2.30825E+00    9.94354E-02
    3.22700E+02    2.41432E+00    8.94280E-02
    3.22800E+02    2.52909E+00    7.97318E-02
    3.22900E+02    2.65397E+00    7.03710E-02
    3.23000E+02    2.78962E+00    6.14448E-02
    3.23100E+02    2.93692E+00    5.30289E-02
    3.23200E+02    3.09685E+00    4.51912E-02
    3.23300E+02    3.27034E+00    3.79933E-02
    3.23400E+02    3.45846E+00    3.14781E-02
    3.23500E+02    3.66222E+00    2.56755E-02
    3.23600E+02    3.88264E+00    2.05963E-02
    3.23700E+02    4.12560E+00    1.61538E-02
    3.23800E+02    4.37529E+00    1.25844E-02
    3.23900E+02    4.64814E+00    9.57945E-03
    3.24000E+02    4.93920E+00    7.16032E-03
    3.24100E+02    5.24754E+00    5.26042E-03
    3.24200E+02    5.57210E+00    3.80250E-03
    3.24300E+02    5.90929E+00    2.71413E-03
    3.24400E+02    6.25572E+00    1.91944E-03
    3.24500E+02    6.60546E+00    1.35296E-03
    3.24600E+02    6.95104E+00    9.57638E-04
    3.24700E+02    7.28231E+00    6.87594E-04
    3.24800E+02    7.58671E+00    5.07145E-04
    3.24900E+02    7.84979E+00    3.89835E-04
    3.25000E+02    8.05366E+00    3.17937E-04
    3.25100E+02    8.17816E+00    2.80717E-04
    3.25200E+02    8.18651E+00    2.78383E-04
    3.25300E+02    8.07590E+00    3.10944E-04
    3.25400E+02    7.88453E+00    3.76524E-04
    3.25500E+02    7.63182E+00    4.84780E-04
    3.25600E+02    7.33616E+00    6.51549E-04
    3.25700E+02    7.01151E+00    9.01450E-04
    3.25800E+02    6.67153E+00    1.26646E-03
    3.25900E+02    6.32572E+00    1.78968E-03
    3.26000E+02    5.98219E+00    2.52329E-03
    3.26100E+02    5.64668E+00    3.52921E-03
    3.26200E+02    5.32323E+00    4.87697E-03
    3.26300E+02    5.01532E+00    6.63552E-03
    3.26400E+02    4.72547E+00    8.86651E-03
    3.26500E+02    4.45458E+00    1.16252E-02
    3.26600E+02    4.19916E+00    1.50081E-02
    3.26700E+02    3.96895E+00    1.88932E-02
    3.26800E+02    3.77627E+00    2.29080E-02
    3.26900E+02    3.84067E+00    2.14792E-02
    3.27000E+02    3.37920E+00    3.40746E-02
    3.27100E+02    3.17128E+00    4.19500E-02
    3.27200E+02    2.99770E+00    4.99017E-02
    3.27300E+02    2.84205E+00    5.83062E-02
    3.27400E+02    2.69999E+00    6.72062E-02
    3.27500E+02    2.56964E+00    7.65634E-02
    3.27600E+02    2.45009E+00    8.62862E-02
    3.27700E+02    2.34213E+00    9.61227E-02
    3.27800E+02    2.25164E+00    1.05227E-01
    3.27900E+02    2.15289E+00    1.16148E-01
    3.28000E+02    2.05352E+00    1.28282E-01
    3.28100E+02    1.96863E+00    1.39649E-01
    3.28200E+02    1.89118E+00    1.50894E-01
    3.28300E+02    1.81952E+00    1.62103E-01
    3.28400E+02    1.75295E+00    1.73262E-01
    3.28500E+02    1.69109E+00    1.84319E-01
    3.28600E+02    1.63323E+00    1.95299E-01
    3.28700E+02    1.57922E+00    2.06136E-01
    3.28800E+02    1.52880E+00    2.16795E-01
    3.28900E+02    1.48158E+00    2.27279E-01
    3.29000E+02    1.43737E+00    2.37552E-01
    3.29100E+02    1.39596E+00    2.47595E-01
    3.29200E+02    1.35696E+00    2.57443E-01
    3.29300E+02    1.32046E+00    2.67014E-01
    3.29400E+02    1.28587E+00    2.76409E-01
    3.29500E+02    1.25346E+00    2.85516E-01
    3.29600E+02    1.22303E+00    2.94337E-01
    3.29700E+02    1.19427E+00    3.02924E-01
    3.29800E+02    1.16794E+00    3.11006E-01
    3.29900E+02    1.14125E+00    3.19421E-01
    3.30000E+02    1.11680E+00    3.27326E-01
    3.30100E+02    1.09377E+00    3.34950E-01
    3.30200E+02    1.07200E+00    3.42324E-01
    3.30300E+02    1.05135E+00    3.49466E-01
    3.30400E+02    1.03179E+00    3.56367E-01
    3.30500E+02    1.01319E+00    3.63057E-01
    3.30600E+02    9.95587E-01    3.69506E-01
    3.30700E+02    9.78852E-01    3.75742E-01
    3.30800E+02    9.62906E-01    3.81782E-01
    3.30900E+02    9.47778E-01    3.87601E-01
    3.31000E+02    9.33424E-01    3.93205E-01
    3.31100E+02    9.19717E-01    3.98632E-01
    3.31200E+02    9.06638E-01    4.03880E-01
    3.31300E+02    8.94211E-01    4.08930E-01
    3.31400E+02    8.82377E-01    4.13798E-01
    3.31500E+02    8.71151E-01    4.18470E-01
    3.31600E+02    8.60464E-01    4.22966E-01
    3.31700E+02    8.50370E-01    4.27257E-01
    3.31800E+02    8.41443E-01    4.31088E-01
    3.31900E+02    8.31565E-01    4.35368E-01
    3.32000E+02    8.22915E-01    4.39150E-01
    3.32100E+02    8.15097E-01    4.42596E-01
    3.32200E+02    8.07739E-01    4.45865E-01
    3.32300E+02    8.01577E-01    4.48621E-01
    3.32400E+02    7.97291E-01    4.50548E-01
    3.32500E+02    7.97205E-01    4.50587E-01
    3.32600E+02    8.11302E-01    4.44279E-01
    3.32700E+02    9.76706E-01    3.76550E-01
    3.32800E+02    8.17033E-01    4.41740E-01
    3.32900E+02    8.25014E-01    4.38229E-01
    3.33000E+02    7.68761E-01    4.63587E-01
    3.33100E+02    7.53033E-01    4.70936E-01
    3.33200E+02    7.43430E-01    4.75480E-01
    3.33300E+02    7.35989E-01    4.79032E-01
    3.33400E+02    7.29659E-01    4.82073E-01
    3.33500E+02    7.23916E-01    4.84850E-01
    3.33600E+02    7.18688E-01    4.87391E-01
    3.33700E+02    7.13773E-01    4.89793E-01
    3.33800E+02    7.09188E-01    4.92043E-01
    3.33900E+02    7.04907E-01    4.94155E-01
    3.34000E+02    7.00806E-01    4.96185E-01
    3.34100E+02    6.96663E-01    4.98245E-01
    3.34200E+02    6.92836E-01    5.00156E-01
    3.34300E+02    6.89244E-01    5.01956E-01
    3.34400E+02    6.85761E-01    5.03707E-01
    3.34500E+02    6.82492E-01    5.05356E-01
    3.34600E+02    6.79370E-01    5.06936E-01
    3.34700E+02    6.76442E-01    5.08423E-01
    3.34800E+02    6.73668E-01    5.09835E-01
    3.34900E+02    6.71195E-01    5.11098E-01
    3.35000E+02    6.69186E-01    5.12125E-01
    3.35100E+02    6.68365E-01    5.12546E-01
    3.35200E+02    6.72373E-01    5.10496E-01
    3.35300E+02    6.81069E-01    5.06076E-01
    3.35400E+02    6.62492E-01    5.15565E-01
    3.35500E+02    6.57348E-01    5.18224E-01
    3.35600E+02    6.54183E-01    5.19866E-01
    3.35700E+02    6.51916E-01    5.21047E-01
    3.35800E+02    6.49043E-01    5.22545E-01
    3.35900E+02    6.47214E-01    5.23502E-01
    3.36000E+02    6.44645E-01    5.24849E-01
    3.36100E+02    6.42575E-01    5.25937E-01
    3.36200E+02    6.41024E-01    5.26753E-01
    3.36300E+02    6.38742E-01    5.27956E-01
    3.36400E+02    6.36911E-01    5.28924E-01
    3.36500E+02    6.35176E-01    5.29842E-01
    3.36600E+02    6.33531E-01    5.30714E-01
    3.36700E+02    6.31937E-01    5.31561E-01
    3.36800E+02    6.30423E-01    5.32367E-01
    3.36900E+02    6.28991E-01    5.33130E-01
    3.37000E+02    6.27597E-01    5.33873E-01
    3.37100E+02    6.26401E-01    5.34512E-01
    3.37200E+02    6.25125E-01    5.35194E-01
    3.37300E+02    6.23871E-01    5.35866E-01
    3.37400E+02    6.22705E-01    5.36491E-01
    3.37500E+02    6.21725E-01    5.37018E-01
    3.37600E+02    6.20988E-01    5.37413E-01
    3.37700E+02    6.19720E-01    5.38095E-01
    3.37800E+02    6.18511E-01    5.38746E-01
    3.37900E+02    6.17520E-01    5.39280E-01
    3.38000E+02    6.16612E-01    5.39770E-01
    3.38100E+02    6.15785E-01    5.40216E-01
    3.38200E+02    6.14978E-01    5.40653E-01
    3.38300E+02    6.14299E-01    5.41020E-01
    3.38400E+02    6.13578E-01    5.41410E-01
    3.38500E+02    6.12899E-01    5.41778E-01
    3.38600E+02    6.12416E-01    5.42040E-01
    3.38700E+02    6.13176E-01    5.41628E-01
    3.38800E+02    6.11450E-01    5.42563E-01
    3.38900E+02    6.10587E-01    5.43032E-01
    3.39000E+02    6.09947E-01    5.43379E-01
    3.39100E+02    6.09418E-01    5.43667E-01
    3.39200E+02    6.08949E-01    5.43922E-01
    3.39300E+02    6.08513E-01    5.44160E-01
    3.39400E+02    6.08115E-01    5.44376E-01
    3.39500E+02    6.07747E-01    5.44576E-01
    3.39600E+02    6.07411E-01    5.44760E-01
    3.39700E+02    6.07103E-01    5.44927E-01
    3.39800E+02    6.06838E-01    5.45071E-01
    3.39900E+02    6.06610E-01    5.45196E-01
    3.40000E+02    6.06349E-01    5.45338E-01
    3.40100E+02    6.06141E-01    5.45452E-01
    3.40200E+02    6.05965E-01    5.45547E-01
    3.40300E+02    6.05813E-01    5.45631E-01
    3.40400E+02    6.05692E-01    5.45697E-01
    3.40500E+02    6.05607E-01    5.45743E-01
    3.40600E+02    6.05625E-01    5.45733E-01
    3.40700E+02    6.05880E-01    5.45594E-01
    3.40800E+02    6.05460E-01    5.45823E-01
    3.40900E+02    6.05398E-01    5.45857E-01
    3.41000E+02    6.05388E-01    5.45863E-01
    3.41100E+02    6.05408E-01    5.45851E-01
    3.41200E+02    6.05456E-01    5.45826E-01
    3.41300E+02    6.05525E-01    5.45788E-01
    3.41400E+02    6.05618E-01    5.45737E-01
    3.41500E+02    6.05735E-01    5.45673E-01
    3.41600E+02    6.05874E-01    5.45597E-01
    3.41700E+02    6.06044E-01    5.45505E-01
    3.41800E+02    6.06270E-01    5.45381E-01
    3.41900E+02    6.06678E-01    5.45159E-01
    3.42000E+02    6.06756E-01    5.45116E-01
    3.42100E+02    6.07477E-01    5.44723E-01
    3.42200E+02    6.07276E-01    5.44833E-01
    3.42300E+02    6.07574E-01    5.44671E-01
    3.42400E+02    6.07936E-01    5.44473E-01
    3.42500E+02    6.08396E-01    5.44223E-01
    3.42600E+02    6.08844E-01    5.43979E-01
    3.42700E+02    6.09471E-01    5.43639E-01
    3.42800E+02    6.10331E-01    5.43171E-01
    3.42900E+02    6.11606E-01    5.42479E-01
    3.43000E+02    6.14033E-01    5.41164E-01
    3.43100E+02    6.20719E-01    5.37558E-01
    3.43200E+02    6.48074E-01    5.23052E-01
    3.43300E+02    6.29593E-01    5.32809E-01
    3.43400E+02    6.19701E-01    5.38105E-01
    3.43500E+02    6.29709E-01    5.32747E-01
    3.43600E+02    6.16632E-01    5.39759E-01
    3.43700E+02    6.14659E-01    5.40825E-01
    3.43800E+02    6.14202E-01    5.41073E-01
    3.43900E+02    6.14226E-01    5.41059E-01
    3.44000E+02    6.14405E-01    5.40963E-01
    3.44100E+02    6.14713E-01    5.40796E-01
    3.44200E+02    6.15094E-01    5.40590E-01
    3.44300E+02    6.15523E-01    5.40358E-01
    3.44400E+02    6.15998E-01    5.40101E-01
    3.44500E+02    6.16508E-01    5.39826E-01
    3.44600E+02    6.17071E-01    5.39523E-01
    3.44700E+02    6.17622E-01    5.39225E-01
    3.44800E+02    6.18248E-01    5.38888E-01
    3.44900E+02    6.18851E-01    5.38563E-01
    3.45000E+02    6.19395E-01    5.38270E-01
    3.45100E+02    6.20006E-01    5.37941E-01
    3.45200E+02    6.20648E-01    5.37596E-01
    3.45300E+02    6.21301E-01    5.37245E-01
    3.45400E+02    6.21976E-01    5.36882E-01
    3.45500E+02    6.22664E-01    5.36513E-01
    3.45600E+02    6.23371E-01    5.36134E-01
    3.45700E+02    6.24089E-01    5.35749E-01
    3.45800E+02    6.24821E-01    5.35357E-01
    3.45900E+02    6.25572E-01    5.34955E-01
    3.46000E+02    6.26333E-01    5.34549E-01
    3.46100E+02    6.27119E-01    5.34129E-01
    3.46200E+02    6.27913E-01    5.33704E-01
    3.46300E+02    6.28696E-01    5.33287E-01
    3.46400E+02    6.29530E-01    5.32842E-01
    3.46500E+02    6.30329E-01    5.32417E-01
    3.46600E+02    6.31208E-01    5.31949E-01
    3.46700E+02    6.32048E-01    5.31502E-01
    3.46800E+02    6.32962E-01    5.31017E-01
    3.46900E+02    6.33906E-01    5.30516E-01
    3.47000E+02    6.34729E-01    5.30079E-01
    3.47100E+02    6.35667E-01    5.29582E-01
    3.47200E+02    6.36818E-01    5.28973E-01
    3.47300E+02    6.37583E-01    5.28568E-01
    3.47400E+02    6.38427E-01    5.28122E-01
    3.47500E+02    6.39357E-01    5.27632E-01
    3.47600E+02    6.40349E-01    5.27109E-01
    3.47700E+02    6.41385E-01    5.26563E-01
    3.47800E+02    6.42770E-01    5.25834E-01
    3.47900E+02    6.43411E-01    5.25497E-01
    3.48000E+02    6.44486E-01    5.24933E-01
    3.48100E+02    6.45436E-01    5.24434E-01
    3.48200E+02    6.46482E-01    5.23886E-01
    3.48300E+02    6.47529E-01    5.23337E-01
    3.48400E+02    6.48627E-01    5.22763E-01
    3.48500E+02    6.49748E-01    5.22177E-01
    3.48600E+02    6.50956E-01    5.21547E-01
    3.48700E+02    6.51969E-01    5.21019E-01
    3.48800E+02    6.53133E-01    5.20413E-01
    3.48900E+02    6.54288E-01    5.19812E-01
    3.49000E+02    6.55739E-01    5.19058E-01
    3.49100E+02    6.56661E-01    5.18580E-01
    3.49200E+02    6.57875E-01    5.17951E-01
    3.49300E+02    6.59132E-01    5.17300E-01
    3.49400E+02    6.60484E-01    5.16601E-01
    3.49500E+02    6.62048E-01    5.15794E-01
    3.49600E+02    6.63684E-01    5.14951E-01
    3.49700E+02    6.66697E-01    5.13402E-01
    3.49800E+02    6.67520E-01    5.12979E-01
    3.49900E+02    6.67351E-01    5.13066E-01
    3.50000E+02    6.68329E-01    5.12564E-01
    3.50100E+02    6.69507E-01    5.11961E-01
    3.50200E+02    6.70801E-01    5.11299E-01
    3.50300E+02    6.72155E-01    5.10607E-01
    3.50400E+02    6.73508E-01    5.09916E-01
    3.50500E+02    6.74927E-01    5.09194E-01
    3.50600E+02    6.76396E-01    5.08446E-01
    3.50700E+02    6.77848E-01    5.07708E-01
    3.50800E+02    6.79389E-01    5.06927E-01
    3.50900E+02    6.80939E-01    5.06141E-01
    3.51000E+02    6.82495E-01    5.05355E-01
    3.51100E+02    6.84139E-01    5.04524E-01
    3.51200E+02    6.85827E-01    5.03674E-01
    3.51300E+02    6.87572E-01    5.02795E-01
    3.51400E+02    6.89446E-01    5.01854E-01
    3.51500E+02    6.91491E-01    5.00829E-01
    3.51600E+02    6.93497E-01    4.99825E-01
    3.51700E+02    6.95875E-01    4.98638E-01
    3.51800E+02    6.98624E-01    4.97269E-01
    3.51900E+02    7.02208E-01    4.95490E-01
    3.52000E+02    7.07089E-01    4.93078E-01
    3.52100E+02    7.15412E-01    4.88991E-01
    3.52200E+02    7.34462E-01    4.79764E-01
    3.52300E+02    8.36297E-01    4.33312E-01
    3.52400E+02    7.64229E-01    4.65693E-01
    3.52500E+02    7.40097E-01    4.77067E-01
    3.52600E+02    7.75581E-01    4.60436E-01
    3.52700E+02    7.42906E-01    4.75730E-01
    3.52800E+02    8.16116E-01    4.42145E-01
    3.52900E+02    7.44450E-01    4.74996E-01
    3.53000E+02    7.28193E-01    4.82780E-01
    3.53100E+02    7.24509E-01    4.84562E-01
    3.53200E+02    7.24191E-01    4.84716E-01
    3.53300E+02    7.25685E-01    4.83993E-01
    3.53400E+02    7.25309E-01    4.84175E-01
    3.53500E+02    7.26497E-01    4.83600E-01
    3.53600E+02    7.27843E-01    4.82950E-01
    3.53700E+02    7.29535E-01    4.82133E-01
    3.53800E+02    7.31197E-01    4.81333E-01
    3.53900E+02    7.33022E-01    4.80455E-01
    3.54000E+02    7.34907E-01    4.79550E-01
    3.54100E+02    7.36974E-01    4.78560E-01
    3.54200E+02    7.39069E-01    4.77558E-01
    3.54300E+02    7.41247E-01    4.76519E-01
    3.54400E+02    7.43623E-01    4.75389E-01
    3.54500E+02    7.46340E-01    4.74098E-01
    3.54600E+02    7.49117E-01    4.72784E-01
    3.54700E+02    7.52663E-01    4.71110E-01
    3.54800E+02    7.57853E-01    4.68671E-01
    3.54900E+02    7.68718E-01    4.63607E-01
    3.55000E+02    8.25730E-01    4.37915E-01
    3.55100E+02    7.81182E-01    4.57865E-01
    3.55200E+02    7.69226E-01    4.63372E-01
    3.55300E+02    7.67082E-01    4.64366E-01
    3.55400E+02    7.67653E-01    4.64101E-01
    3.55500E+02    7.69061E-01    4.63448E-01
    3.55600E+02    7.70879E-01    4.62606E-01
    3.55700E+02    7.72974E-01    4.61638E-01
    3.55800E+02    7.75252E-01    4.60588E-01
    3.55900E+02    7.77693E-01    4.59465E-01
    3.56000E+02    7.80384E-01    4.58230E-01
    3.56100E+02    7.84284E-01    4.56446E-01
    3.56200E+02    7.85582E-01    4.55854E-01
    3.56300E+02    7.88478E-01    4.54536E-01
    3.56400E+02    7.93768E-01    4.52138E-01
    3.56500E+02    7.94407E-01    4.51849E-01
    3.56600E+02    7.96780E-01    4.50778E-01
    3.56700E+02    7.99506E-01    4.49551E-01
    3.56800E+02    8.02400E-01    4.48252E-01
    3.56900E+02    8.05531E-01    4.46850E-01
    3.57000E+02    8.08921E-01    4.45338E-01
    3.57100E+02    8.12610E-01    4.43698E-01
    3.57200E+02    8.16773E-01    4.41855E-01
    3.57300E+02    8.22159E-01    4.39482E-01
    3.57400E+02    8.29237E-01    4.36382E-01
    3.57500E+02    8.43623E-01    4.30149E-01
    3.57600E+02    9.07956E-01    4.03348E-01
    3.57700E+02    8.71145E-01    4.18472E-01
    3.57800E+02    8.49339E-01    4.27698E-01
    3.57900E+02    8.47617E-01    4.28435E-01
    3.58000E+02    8.52199E-01    4.26476E-01
    3.58100E+02    8.66697E-01    4.20337E-01
    3.58200E+02    9.96548E-01    3.69152E-01
    3.58300E+02    8.74542E-01    4.17053E-01
    3.58400E+02    8.68319E-01    4.19656E-01
    3.58500E+02    8.72199E-01    4.18031E-01
    3.58600E+02    8.82403E-01    4.13787E-01
    3.58700E+02    9.06812E-01    4.03809E-01
    3.58800E+02    9.99367E-01    3.68112E-01
    3.58900E+02    1.01755E+00    3.61479E-01
    3.59000E+02    9.18827E-01    3.98987E-01
    3.59100E+02    9.00135E-01    4.06515E-01
    3.59200E+02    8.95742E-01    4.08305E-01
    3.59300E+02    8.96619E-01    4.07947E-01
    3.59400E+02    9.00966E-01    4.06177E-01
    3.59500E+02    9.11343E-01    4.01984E-01
    3.59600E+02    9.52095E-01    3.85932E-01
    3.59700E+02    9.53390E-01    3.85432E-01
    3.59800E+02    9.20994E-01    3.98123E-01
    3.59900E+02    9.17295E-01    3.99599E-01
    3.60000E+02    9.18218E-01    3.99230E-01
    3.60100E+02    9.20415E-01    3.98354E-01
    3.60200E+02    9.23606E-01    3.97084E-01
    3.60300E+02    9.27350E-01    3.95601E-01
    3.60400E+02    9.31358E-01    3.94018E-01
    3.60500E+02    9.35613E-01    3.92345E-01
    3.60600E+02    9.40068E-01    3.90601E-01
    3.60700E+02    9.44536E-01    3.88860E-01
    3.60800E+02    9.49245E-01    3.87033E-01
    3.60900E+02    9.54206E-01    3.85118E-01
    3.61000E+02    9.59032E-01    3.83264E-01
    3.61100E+02    9.64244E-01    3.81271E-01
    3.61200E+02    9.69475E-01    3.79282E-01
    3.61300E+02    9.75053E-01    3.77172E-01
    3.61400E+02    9.81126E-01    3.74889E-01
    3.61500E+02    9.88597E-01    3.72098E-01
    3.61600E+02    1.00226E+00    3.67050E-01
    3.61700E+02    1.01989E+00    3.60636E-01
    3.61800E+02    1.00738E+00    3.65175E-01
    3.61900E+02    1.00955E+00    3.64383E-01
    3.62000E+02    1.01419E+00    3.62697E-01
    3.62100E+02    1.01968E+00    3.60711E-01
    3.62200E+02    1.02568E+00    3.58554E-01
    3.62300E+02    1.03209E+00    3.56260E-01
    3.62400E+02    1.03782E+00    3.54227E-01
    3.62500E+02    1.04425E+00    3.51954E-01
    3.62600E+02    1.05147E+00    3.49425E-01
    3.62700E+02    1.05770E+00    3.47254E-01
    3.62800E+02    1.06473E+00    3.44822E-01
    3.62900E+02    1.07220E+00    3.42254E-01
    3.63000E+02    1.07965E+00    3.39713E-01
    3.63100E+02    1.08818E+00    3.36827E-01
    3.63200E+02    1.09681E+00    3.33936E-01
    3.63300E+02    1.10841E+00    3.30083E-01
    3.63400E+02    1.13186E+00    3.22432E-01
    3.63500E+02    1.16461E+00    3.12045E-01
    3.63600E+02    1.13891E+00    3.20168E-01
    3.63700E+02    1.14223E+00    3.19107E-01
    3.63800E+02    1.14708E+00    3.17561E-01
    3.63900E+02    1.15551E+00    3.14896E-01
    3.64000E+02    1.16602E+00    3.11605E-01
    3.64100E+02    1.17900E+00    3.07587E-01
    3.64200E+02    1.19698E+00    3.02104E-01
    3.64300E+02    1.22989E+00    2.92324E-01
    3.64400E+02    1.35185E+00    2.58760E-01
    3.64500E+02    1.34714E+00    2.59983E-01
    3.64600E+02    1.25771E+00    2.84306E-01
    3.64700E+02    1.24522E+00    2.87878E-01
    3.64800E+02    1.24691E+00    2.87393E-01
    3.64900E+02    1.25338E+00    2.85538E-01
    3.65000E+02    1.26214E+00    2.83049E-01
    3.65100E+02    1.27221E+00    2.80212E-01
    3.65200E+02    1.28320E+00    2.77148E-01
    3.65300E+02    1.29555E+00    2.73748E-01
    3.65400E+02    1.30730E+00    2.70549E-01
    3.65500E+02    1.32021E+00    2.67078E-01
    3.65600E+02    1.33380E+00    2.63473E-01
    3.65700E+02    1.34814E+00    2.59723E-01
    3.65800E+02    1.36381E+00    2.55686E-01
    3.65900E+02    1.37909E+00    2.51807E-01
    3.66000E+02    1.39532E+00    2.47755E-01
    3.66100E+02    1.41279E+00    2.43464E-01
    3.66200E+02    1.43147E+00    2.38957E-01
    3.66300E+02    1.45142E+00    2.34237E-01
    3.66400E+02    1.47326E+00    2.29178E-01
    3.66500E+02    1.49792E+00    2.23594E-01
    3.66600E+02    1.52843E+00    2.16875E-01
    3.66700E+02    1.58042E+00    2.05888E-01
    3.66800E+02    1.67681E+00    1.86969E-01
    3.66900E+02    1.61893E+00    1.98111E-01
    3.67000E+02    1.63730E+00    1.94505E-01
    3.67100E+02    1.66801E+00    1.88623E-01
    3.67200E+02    1.70527E+00    1.81723E-01
    3.67300E+02    1.74877E+00    1.73988E-01
    3.67400E+02    1.79820E+00    1.65596E-01
    3.67500E+02    1.85506E+00    1.56443E-01
    3.67600E+02    1.92174E+00    1.46353E-01
    3.67700E+02    2.00055E+00    1.35261E-01
    3.67800E+02    2.09454E+00    1.23126E-01
    3.67900E+02    2.21000E+00    1.09701E-01
    3.68000E+02    2.35369E+00    9.50179E-02
    3.68100E+02    2.53988E+00    7.88757E-02
    3.68200E+02    2.79198E+00    6.12997E-02
    3.68300E+02    3.16317E+00    4.22915E-02
    3.68400E+02    3.79574E+00    2.24663E-02
    3.68500E+02    6.39787E+00    1.66510E-03
    3.68600E+02    3.80900E+00    2.21703E-02
    3.68700E+02    3.22870E+00    3.96091E-02
    3.68800E+02    2.90658E+00    5.46621E-02
    3.68900E+02    2.70352E+00    6.69695E-02
    3.69000E+02    2.55890E+00    7.73897E-02
    3.69100E+02    2.44914E+00    8.63681E-02
    3.69200E+02    2.37325E+00    9.31777E-02
    3.69300E+02    2.31902E+00    9.83702E-02
    3.69400E+02    2.28063E+00    1.02220E-01
    3.69500E+02    2.25452E+00    1.04924E-01
    3.69600E+02    2.23808E+00    1.06663E-01
    3.69700E+02    2.22934E+00    1.07599E-01
    3.69800E+02    2.22699E+00    1.07852E-01
    3.69900E+02    2.23002E+00    1.07526E-01
    3.70000E+02    2.23793E+00    1.06679E-01
    3.70100E+02    2.24920E+00    1.05484E-01
    3.70200E+02    2.26356E+00    1.03979E-01
    3.70300E+02    2.28133E+00    1.02149E-01
    3.70400E+02    2.30191E+00    1.00068E-01
    3.70500E+02    2.32520E+00    9.77636E-02
    3.70600E+02    2.35117E+00    9.52572E-02
    3.70700E+02    2.38019E+00    9.25326E-02
    3.70800E+02    2.41332E+00    8.95174E-02
    3.70900E+02    2.45622E+00    8.57589E-02
    3.71000E+02    2.56323E+00    7.70556E-02
    3.71100E+02    2.53867E+00    7.89715E-02
    3.71200E+02    2.55177E+00    7.79436E-02
    3.71300E+02    2.58353E+00    7.55067E-02
    3.71400E+02    2.62081E+00    7.27443E-02
    3.71500E+02    2.66123E+00    6.98623E-02
    3.71600E+02    2.70401E+00    6.69367E-02
    3.71700E+02    2.74901E+00    6.39915E-02
    3.71800E+02    2.79607E+00    6.10495E-02
    3.71900E+02    2.84517E+00    5.81246E-02
    3.72000E+02    2.89650E+00    5.52163E-02
    3.72100E+02    2.94971E+00    5.23551E-02
    3.72200E+02    3.00519E+00    4.95294E-02
    3.72300E+02    3.06298E+00    4.67483E-02
    3.72400E+02    3.12310E+00    4.40207E-02
    3.72500E+02    3.18567E+00    4.13506E-02
    3.72600E+02    3.25091E+00    3.87390E-02
    3.72700E+02    3.31869E+00    3.62003E-02
    3.72800E+02    3.38903E+00    3.37414E-02
    3.72900E+02    3.46259E+00    3.13485E-02
    3.73000E+02    3.54108E+00    2.89819E-02
    3.73100E+02    3.61851E+00    2.68227E-02
    3.73200E+02    3.70135E+00    2.46901E-02
    3.73300E+02    3.78736E+00    2.26553E-02
    3.73400E+02    3.87728E+00    2.07071E-02
    3.73500E+02    3.97128E+00    1.88493E-02
    3.73600E+02    4.06930E+00    1.70894E-02
    3.73700E+02    4.17135E+00    1.54314E-02
    3.73800E+02    4.27839E+00    1.38650E-02
    3.73900E+02    4.39009E+00    1.23996E-02
    3.74000E+02    4.50668E+00    1.10351E-02
    3.74100E+02    4.62903E+00    9.76427E-03
    3.74200E+02    4.75704E+00    8.59097E-03
    3.74300E+02    4.89156E+00    7.50969E-03
    3.74400E+02    5.03164E+00    6.52808E-03
    3.74500E+02    5.17901E+00    5.63356E-03
    3.74600E+02    5.33393E+00    4.82507E-03
    3.74700E+02    5.49699E+00    4.09910E-03
    3.74800E+02    5.66907E+00    3.45107E-03
    3.74900E+02    5.85191E+00    2.87441E-03
    3.75000E+02    6.04969E+00    2.35858E-03
    3.75100E+02    6.28162E+00    1.87037E-03
    3.75200E+02    6.58585E+00    1.37975E-03
    3.75300E+02    6.68982E+00    1.24351E-03
    3.75400E+02    6.90357E+00    1.00419E-03
    3.75500E+02    7.14254E+00    7.90742E-04
    3.75600E+02    7.39857E+00    6.12128E-04
    3.75700E+02    7.67155E+00    4.65895E-04
    3.75800E+02    7.96136E+00    3.48678E-04
    3.75900E+02    8.27033E+00    2.56000E-04
    3.76000E+02    8.60194E+00    1.83748E-04
    3.76100E+02    8.94759E+00    1.30051E-04
    3.76200E+02    9.33789E+00    8.80246E-05
    3.76300E+02    9.71880E+00    6.01421E-05
    3.76400E+02    1.01219E+01    4.01899E-05
    3.76500E+02    1.05634E+01    2.58460E-05
    3.76600E+02    1.10366E+01    1.61011E-05
    3.76700E+02    1.15429E+01    9.70495E-06
    3.76800E+02    1.20846E+01    5.64587E-06
    3.76900E+02    1.26644E+01    3.16176E-06
    3.77000E+02    1.32861E+01    1.69792E-06
    3.77100E+02    1.39527E+01    8.71774E-07
    3.77200E+02    1.46689E+01    4.25955E-07
    3.77300E+02    1.54388E+01    1.97252E-07
    3.77400E+02    1.62669E+01    8.61778E-08
    3.77500E+02    1.71594E+01    3.53008E-08
    3.77600E+02    1.81208E+01    1.34975E-08
    3.77700E+02    1.91586E+01    4.78090E-09
    3.77800E+02    2.02793E+01    1.55890E-09
    3.77900E+02    2.14912E+01    4.63993E-10
    3.78000E+02    2.28024E+01    1.25035E-10
    3.78100E+02    2.42254E+01    3.01325E-11
    3.78200E+02    2.57860E+01    6.32807E-12
    3.78300E+02    2.75445E+01    1.09037E-12
    3.78400E+02    2.92129E+01    2.05591E-13
    3.78500E+02    3.11305E+01    3.02117E-14
    3.78600E+02    3.32151E+01    3.75716E-15
    3.78700E+02    3.55055E+01    3.80323E-16
    3.78800E+02    3.78730E+01    3.56439E-17
    3.78900E+02    4.04533E+01    2.69986E-18
    3.79000E+02    4.32125E+01    1.71020E-19
    3.79100E+02    4.61479E+01    9.08256E-21
    3.79200E+02    4.92414E+01    4.11861E-22
    3.79300E+02    5.24750E+01    1.62322E-23
    3.79400E+02    5.58209E+01    5.71867E-25
    3.79500E+02    5.92334E+01    1.88482E-26
    3.79600E+02    6.26494E+01    6.19051E-28
    3.79700E+02    6.59850E+01    2.20331E-29
    3.79800E+02    6.91353E+01    9.43894E-31
    3.79900E+02    7.19668E+01    5.56185E-32
    3.80000E+02    7.43189E+01    5.29320E-33
    3.80100E+02    7.59955E+01    9.89880E-34
    3.80200E+02    7.66957E+01    4.91467E-34
    3.80300E+02    7.60134E+01    9.72297E-34
    3.80400E+02    7.43756E+01    5.00116E-33
    3.80500E+02    7.20694E+01    5.01949E-32
    3.80600E+02    6.92802E+01    8.16588E-31
    3.80700E+02    6.61760E+01    1.82022E-29
    3.80800E+02    6.28828E+01    4.90192E-28
    3.80900E+02    5.95056E+01    1.43569E-26
    3.81000E+02    5.61319E+01    4.19015E-25
    3.81100E+02    5.28177E+01    1.15227E-23
    3.81200E+02    4.96086E+01    2.85280E-22
    3.81300E+02    4.65394E+01    6.14013E-21
    3.81400E+02    4.36278E+01    1.12895E-19
    3.81500E+02    4.08808E+01    1.76078E-18
    3.81600E+02    3.83087E+01    2.30547E-17
    3.81700E+02    3.59046E+01    2.55177E-16
    3.81800E+02    3.36650E+01    2.39584E-15
    3.81900E+02    3.15862E+01    1.91543E-14
    3.82000E+02    2.96586E+01    1.31648E-13
    3.82100E+02    2.78752E+01    7.83365E-13
    3.82200E+02    2.62225E+01    4.08981E-12
    3.82300E+02    2.46907E+01    1.89222E-11
    3.82400E+02    2.32755E+01    7.79092E-11
    3.82500E+02    2.19661E+01    2.88563E-10
    3.82600E+02    2.07541E+01    9.69597E-10
    3.82700E+02    1.96319E+01    2.97837E-09
    3.82800E+02    1.85917E+01    8.42804E-09
    3.82900E+02    1.76263E+01    2.21313E-08
    3.83000E+02    1.67308E+01    5.41889E-08
    3.83100E+02    1.58987E+01    1.24528E-07
    3.83200E+02    1.51249E+01    2.69983E-07
    3.83300E+02    1.44053E+01    5.54434E-07
    3.83400E+02    1.37335E+01    1.08542E-06
    3.83500E+02    1.31074E+01    2.03018E-06
    3.83600E+02    1.25229E+01    3.64231E-06
    3.83700E+02    1.19763E+01    6.29159E-06
    3.83800E+02    1.14655E+01    1.04858E-05
    3.83900E+02    1.09869E+01    1.69222E-05
    3.84000E+02    1.05381E+01    2.65076E-05
    3.84100E+02    1.01170E+01    4.03869E-05
    3.84200E+02    9.72155E+00    5.99772E-05
    3.84300E+02    9.34961E+00    8.69990E-05
    3.84400E+02    8.99982E+00    1.23432E-04
    3.84500E+02    8.67048E+00    1.71576E-04
    3.84600E+02    8.36082E+00    2.33852E-04
    3.84700E+02    8.06729E+00    3.13632E-04
    3.84800E+02    7.79006E+00    4.13829E-04
    3.84900E+02    7.52810E+00    5.37757E-04
    3.85000E+02    7.28031E+00    6.88972E-04
    3.85100E+02    7.04601E+00    8.70876E-04
    3.85200E+02    6.82391E+00    1.08746E-03
    3.85300E+02    6.61412E+00    1.34130E-03
    3.85400E+02    6.41284E+00    1.64036E-03
    3.85500E+02    6.22272E+00    1.98384E-03
    3.85600E+02    6.04203E+00    2.37674E-03
    3.85700E+02    5.86962E+00    2.82395E-03
    3.85800E+02    5.70557E+00    3.32739E-03
    3.85900E+02    5.54861E+00    3.89286E-03
    3.86000E+02    5.39874E+00    4.52226E-03
    3.86100E+02    5.25586E+00    5.21688E-03
    3.86200E+02    5.11950E+00    5.97902E-03
    3.86300E+02    4.98937E+00    6.80992E-03
    3.86400E+02    4.86436E+00    7.71680E-03
    3.86500E+02    4.74499E+00    8.69511E-03
    3.86600E+02    4.63161E+00    9.73908E-03
    3.86700E+02    4.52275E+00    1.08591E-02
    3.86800E+02    4.41997E+00    1.20346E-02
    3.86900E+02    4.32205E+00    1.32727E-02
    3.87000E+02    4.23385E+00    1.44965E-02
    3.87100E+02    4.20160E+00    1.49716E-02
    3.87200E+02    4.07440E+00    1.70024E-02
    3.87300E+02    4.06001E+00    1.72489E-02
    3.87400E+02    3.89415E+00    2.03606E-02
    3.87500E+02    3.80396E+00    2.22823E-02
    3.87600E+02    3.72409E+00    2.41350E-02
    3.87700E+02    3.64998E+00    2.59915E-02
    3.87800E+02    3.57974E+00    2.78830E-02
    3.87900E+02    3.51277E+00    2.98143E-02
    3.88000E+02    3.44894E+00    3.17793E-02
    3.88100E+02    3.38706E+00    3.38080E-02
    3.88200E+02    3.32807E+00    3.58621E-02
    3.88300E+02    3.27152E+00    3.79487E-02
    3.88400E+02    3.21730E+00    4.00630E-02
    3.88500E+02    3.16529E+00    4.22019E-02
    3.88600E+02    3.11542E+00    4.43599E-02
    3.88700E+02    3.06759E+00    4.65330E-02
    3.88800E+02    3.02186E+00    4.87105E-02
    3.88900E+02    2.97839E+00    5.08744E-02
    3.89000E+02    2.93610E+00    5.30722E-02
    3.89100E+02    2.89575E+00    5.52573E-02
    3.89200E+02    2.85729E+00    5.74241E-02
    3.89300E+02    2.82060E+00    5.95699E-02
    3.89400E+02    2.78546E+00    6.17005E-02
    3.89500E+02    2.75178E+00    6.38139E-02
    3.89600E+02    2.71965E+00    6.58980E-02
    3.89700E+02    2.68882E+00    6.79608E-02
    3.89800E+02    2.65922E+00    7.00030E-02
    3.89900E+02    2.63065E+00    7.20315E-02
    3.90000E+02    2.60302E+00    7.40495E-02
    3.90100E+02    2.57593E+00    7.60829E-02
    3.90200E+02    2.54921E+00    7.81431E-02
    3.90300E+02    2.52277E+00    8.02374E-02
    3.90400E+02    2.49614E+00    8.24023E-02
    3.90500E+02    2.46932E+00    8.46423E-02
    3.90600E+02    2.44174E+00    8.70089E-02
    3.90700E+02    2.41282E+00    8.95627E-02
    3.90800E+02    2.38320E+00    9.22549E-02
    3.90900E+02    2.35327E+00    9.50580E-02
    3.91000E+02    2.32326E+00    9.79539E-02
    3.91100E+02    2.29340E+00    1.00923E-01
    3.91200E+02    2.26397E+00    1.03937E-01
    3.91300E+02    2.23562E+00    1.06926E-01
    3.91400E+02    2.20661E+00    1.10074E-01
    3.91500E+02    2.17918E+00    1.13135E-01
    3.91600E+02    2.15152E+00    1.16307E-01
    3.91700E+02    2.12517E+00    1.19413E-01
    3.91800E+02    2.09986E+00    1.22474E-01
    3.91900E+02    2.07648E+00    1.25371E-01
    3.92000E+02    2.05200E+00    1.28478E-01
    3.92100E+02    2.02936E+00    1.31419E-01
    3.92200E+02    2.00815E+00    1.34237E-01
    3.92300E+02    1.98894E+00    1.36840E-01
    3.92400E+02    1.97342E+00    1.38981E-01
    3.92500E+02    1.96685E+00    1.39896E-01
    3.92600E+02    2.00793E+00    1.34266E-01
    3.92700E+02    2.00167E+00    1.35110E-01
    3.92800E+02    1.91135E+00    1.47880E-01
    3.92900E+02    1.87757E+00    1.52962E-01
    3.93000E+02    1.85413E+00    1.56589E-01
    3.93100E+02    1.83429E+00    1.59727E-01
    3.93200E+02    1.81637E+00    1.62615E-01
    3.93300E+02    1.79921E+00    1.65430E-01
    3.93400E+02    1.78307E+00    1.68121E-01
    3.93500E+02    1.76737E+00    1.70782E-01
    3.93600E+02    1.75231E+00    1.73374E-01
    3.93700E+02    1.73780E+00    1.75908E-01
    3.93800E+02    1.72378E+00    1.78390E-01
    3.93900E+02    1.71020E+00    1.80830E-01
    3.94000E+02    1.69707E+00    1.83220E-01
    3.94100E+02    1.68440E+00    1.85556E-01
    3.94200E+02    1.67177E+00    1.87914E-01
    3.94300E+02    1.65956E+00    1.90223E-01
    3.94400E+02    1.64773E+00    1.92486E-01
    3.94500E+02    1.63634E+00    1.94692E-01
    3.94600E+02    1.62527E+00    1.96858E-01
    3.94700E+02    1.61461E+00    1.98969E-01
    3.94800E+02    1.60455E+00    2.00979E-01
    3.94900E+02    1.59564E+00    2.02780E-01
    3.95000E+02    1.59156E+00    2.03607E-01
    3.95100E+02    1.58699E+00    2.04540E-01
    3.95200E+02    1.56676E+00    2.08720E-01
    3.95300E+02    1.55536E+00    2.11113E-01
    3.95400E+02    1.54556E+00    2.13192E-01
    3.95500E+02    1.53623E+00    2.15191E-01
    3.95600E+02    1.52734E+00    2.17111E-01
    3.95700E+02    1.51882E+00    2.18970E-01
    3.95800E+02    1.51056E+00    2.20785E-01
    3.95900E+02    1.50263E+00    2.22544E-01
    3.96000E+02    1.49503E+00    2.24242E-01
    3.96100E+02    1.48796E+00    2.25832E-01
    3.96200E+02    1.48163E+00    2.27268E-01
    3.96300E+02    1.47699E+00    2.28325E-01
    3.96400E+02    1.47768E+00    2.28166E-01
    3.96500E+02    1.51703E+00    2.19363E-01
    3.96600E+02    1.47882E+00    2.27906E-01
    3.96700E+02    1.45339E+00    2.33776E-01
    3.96800E+02    1.44308E+00    2.36199E-01
    3.96900E+02    1.43833E+00    2.37324E-01
    3.97000E+02    1.45492E+00    2.33419E-01
    3.97100E+02    1.43091E+00    2.39092E-01
    3.97200E+02    1.41536E+00    2.42839E-01
    3.97300E+02    1.40682E+00    2.44921E-01
    3.97400E+02    1.39989E+00    2.46624E-01
    3.97500E+02    1.39353E+00    2.48197E-01
    3.97600E+02    1.38755E+00    2.49685E-01
    3.97700E+02    1.38181E+00    2.51122E-01
    3.97800E+02    1.37631E+00    2.52508E-01
    3.97900E+02    1.37099E+00    2.53857E-01
    3.98000E+02    1.36575E+00    2.55189E-01
    3.98100E+02    1.36061E+00    2.56505E-01
    3.98200E+02    1.35564E+00    2.57781E-01
    3.98300E+02    1.35082E+00    2.59027E-01
    3.98400E+02    1.34614E+00    2.60244E-01
    3.98500E+02    1.34155E+00    2.61439E-01
    3.98600E+02    1.33711E+00    2.62603E-01
    3.98700E+02    1.33277E+00    2.63746E-01
    3.98800E+02    1.32858E+00    2.64854E-01
    3.98900E+02    1.32454E+00    2.65925E-01
    3.99000E+02    1.32065E+00    2.66961E-01
    3.99100E+02    1.31699E+00    2.67940E-01
    3.99200E+02    1.31409E+00    2.68719E-01
    3.99300E+02    1.31101E+00    2.69548E-01
    3.99400E+02    1.30685E+00    2.70672E-01
    3.99500E+02    1.30416E+00    2.71399E-01
    3.99600E+02    1.30100E+00    2.72259E-01
    3.99700E+02    1.29917E+00    2.72759E-01
    3.99800E+02    1.29887E+00    2.72839E-01
    3.99900E+02    1.30269E+00    2.71800E-01

