#	Freq	Err	Trans
    5.49900E+02    5.44314E+01    2.29479E-24
    5.50000E+02    5.58761E+01    5.41163E-25
    5.50100E+02    5.73838E+01    1.19819E-25
    5.50200E+02    5.89575E+01    2.48349E-26
    5.50300E+02    6.06002E+01    4.80458E-27
    5.50400E+02    6.23165E+01    8.63555E-28
    5.50500E+02    6.41101E+01    1.43661E-28
    5.50600E+02    6.59848E+01    2.20376E-29
    5.50700E+02    6.79478E+01    3.09497E-30
    5.50800E+02    7.00102E+01    3.93527E-31
    5.50900E+02    7.22058E+01    4.37964E-32
    5.51000E+02    7.47350E+01    3.49129E-33
    5.51100E+02    7.67712E+01    4.55691E-34
    5.51200E+02    7.91838E+01    4.08227E-35
    5.51300E+02    8.17585E+01    3.10994E-36
    5.51400E+02    8.44970E+01    2.01100E-37
    5.51500E+02    8.72930E+01    1.22782E-38
    5.51600E+02    9.02325E+01    6.49400E-40
    5.51700E+02    9.33364E+01    2.91421E-41
    5.51800E+02    9.66087E+01    1.10499E-42
    5.51900E+02    1.00046E+02    3.55360E-44
    5.52000E+02    1.03661E+02    9.56679E-46
    5.52100E+02    1.07466E+02    2.12802E-47
    5.52200E+02    1.11471E+02    3.87871E-49
    5.52300E+02    1.15692E+02    5.69799E-51
    5.52400E+02    1.20150E+02    6.59999E-53
    5.52500E+02    1.24855E+02    5.97292E-55
    5.52600E+02    1.29830E+02    4.12786E-57
    5.52700E+02    1.35090E+02    2.14431E-59
    5.52800E+02    1.40665E+02    8.12487E-62
    5.52900E+02    1.46568E+02    2.21950E-64
    5.53000E+02    1.52833E+02    4.22094E-67
    5.53100E+02    1.59482E+02    5.47089E-70
    5.53200E+02    1.66543E+02    4.68976E-73
    5.53300E+02    1.74057E+02    2.55839E-76
    5.53400E+02    1.82051E+02    8.63877E-80
    5.53500E+02    1.90561E+02    1.73936E-83
    5.53600E+02    1.99635E+02    1.99333E-87
    5.53700E+02    2.09303E+02    1.26125E-91
    5.53800E+02    2.19632E+02    4.12097E-96
    5.53900E+02    2.30667E+02    6.64768E-100
    5.54000E+02    2.42460E+02    5.02384E-100
    5.54100E+02    2.55079E+02    1.66264E-100
    5.54200E+02    2.68575E+02    2.28644E-100
    5.54300E+02    2.83041E+02    1.19398E-100
    5.54400E+02    2.98534E+02    2.23077E-100
    5.54500E+02    3.15137E+02    1.37269E-100
    5.54600E+02    3.32934E+02    2.56230E-100
    5.54700E+02    3.52021E+02    1.31570E-100
    5.54800E+02    3.72481E+02    1.71235E-100
    5.54900E+02    3.94411E+02    5.12116E-100
    5.55000E+02    4.17902E+02    3.21713E-100
    5.55100E+02    4.43043E+02    3.87996E-100
    5.55200E+02    4.69925E+02    8.21013E-100
    5.55300E+02    4.98621E+02    2.82771E-100
    5.55400E+02    5.29194E+02    1.49232E-100
    5.55500E+02    5.61678E+02    1.16458E-100
    5.55600E+02    5.96076E+02    1.34161E-100
    5.55700E+02    6.32348E+02    2.36907E-100
    5.55800E+02    6.70399E+02    7.06991E-100
    5.55900E+02    7.10062E+02    4.20591E-100
    5.56000E+02    7.51061E+02    0.00000E+00
    5.56100E+02    7.93057E+02    0.00000E+00
    5.56200E+02    8.35504E+02    0.00000E+00
    5.56300E+02    8.77652E+02    0.00000E+00
    5.56400E+02    9.18748E+02    0.00000E+00
    5.56500E+02    9.57671E+02    0.00000E+00
    5.56600E+02    9.93072E+02    0.00000E+00
    5.56700E+02    1.02325E+03    0.00000E+00
    5.56800E+02    1.04632E+03    0.00000E+00
    5.56900E+02    1.05959E+03    0.00000E+00
    5.57000E+02    1.05756E+03    0.00000E+00
    5.57100E+02    1.04195E+03    0.00000E+00
    5.57200E+02    1.01735E+03    0.00000E+00
    5.57300E+02    9.86223E+02    0.00000E+00
    5.57400E+02    9.50296E+02    0.00000E+00
    5.57500E+02    9.11144E+02    0.00000E+00
    5.57600E+02    8.70118E+02    0.00000E+00
    5.57700E+02    8.28193E+02    0.00000E+00
    5.57800E+02    7.86119E+02    0.00000E+00
    5.57900E+02    7.44662E+02    4.94066E-100
    5.58000E+02    7.04226E+02    1.44076E-100
    5.58100E+02    6.65127E+02    1.37755E-100
    5.58200E+02    6.27681E+02    2.52202E-100
    5.58300E+02    5.92014E+02    7.78746E-100
    5.58400E+02    5.58210E+02    3.73815E-100
    5.58500E+02    5.26288E+02    2.72971E-100
    5.58600E+02    4.96256E+02    3.01047E-100
    5.58700E+02    4.68062E+02    5.28506E-100
    5.58800E+02    4.41639E+02    1.58011E-100
    5.58900E+02    4.16925E+02    8.54255E-100
    5.59000E+02    3.93825E+02    9.20095E-100
    5.59100E+02    3.72254E+02    2.14817E-100
    5.59200E+02    3.52117E+02    1.19513E-100
    5.59300E+02    3.33322E+02    1.73797E-100
    5.59400E+02    3.15783E+02    7.19968E-100
    5.59500E+02    2.99420E+02    9.19035E-100
    5.59600E+02    2.84131E+02    4.01460E-100
    5.59700E+02    2.69873E+02    6.24566E-100
    5.59800E+02    2.56623E+02    3.54834E-100
    5.59900E+02    2.44096E+02    9.78272E-100
    5.60000E+02    2.32377E+02    1.20229E-100
    5.60100E+02    2.21436E+02    6.78257E-97
    5.60200E+02    2.11193E+02    1.90536E-92
    5.60300E+02    2.01590E+02    2.82232E-88
    5.60400E+02    1.92581E+02    2.30839E-84
    5.60500E+02    1.84119E+02    1.09153E-80
    5.60600E+02    1.76167E+02    3.10153E-77
    5.60700E+02    1.68688E+02    5.48994E-74
    5.60800E+02    1.61652E+02    6.24147E-71
    5.60900E+02    1.55021E+02    4.73235E-68
    5.61000E+02    1.48765E+02    2.46589E-65
    5.61100E+02    1.42862E+02    9.03114E-63
    5.61200E+02    1.37289E+02    2.37776E-60
    5.61300E+02    1.32023E+02    4.60282E-58
    5.61400E+02    1.27035E+02    6.75045E-56
    5.61500E+02    1.22317E+02    7.55529E-54
    5.61600E+02    1.17847E+02    6.60491E-52
    5.61700E+02    1.13609E+02    4.57383E-50
    5.61800E+02    1.09588E+02    2.54975E-48
    5.61900E+02    1.05770E+02    1.16033E-46
    5.62000E+02    1.02139E+02    4.37957E-45
    5.62100E+02    9.86891E+01    1.38002E-43
    5.62200E+02    9.54034E+01    3.68823E-42
    5.62300E+02    9.22755E+01    8.41877E-41
    5.62400E+02    8.92977E+01    1.65395E-39
    5.62500E+02    8.64548E+01    2.83897E-38
    5.62600E+02    8.37471E+01    4.25696E-37
    5.62700E+02    8.11600E+01    5.65806E-36
    5.62800E+02    7.86858E+01    6.71740E-35
    5.62900E+02    7.63215E+01    7.14497E-34
    5.63000E+02    7.40654E+01    6.82040E-33
    5.63100E+02    7.19033E+01    5.92625E-32
    5.63200E+02    6.98322E+01    4.70165E-31
    5.63300E+02    6.78504E+01    3.41167E-30
    5.63400E+02    6.59560E+01    2.26824E-29
    5.63500E+02    6.41305E+01    1.40753E-28
    5.63600E+02    6.23751E+01    8.14414E-28
    5.63700E+02    6.06939E+01    4.37490E-27
    5.63800E+02    5.90801E+01    2.19703E-26
    5.63900E+02    5.75287E+01    1.03654E-25
    5.64000E+02    5.60384E+01    4.60091E-25
    5.64100E+02    5.46043E+01    1.93051E-24
    5.64200E+02    5.32243E+01    7.67326E-24
    5.64300E+02    5.18956E+01    2.89740E-23
    5.64400E+02    5.06166E+01    1.04110E-22
    5.64500E+02    4.93832E+01    3.57401E-22
    5.64600E+02    4.81946E+01    1.17311E-21
    5.64700E+02    4.70482E+01    3.69170E-21
    5.64800E+02    4.59424E+01    1.11547E-20
    5.64900E+02    4.48759E+01    3.24090E-20
    5.65000E+02    4.38453E+01    9.08285E-20
    5.65100E+02    4.28510E+01    2.45497E-19
    5.65200E+02    4.18900E+01    6.41776E-19
    5.65300E+02    4.09619E+01    1.62363E-18
    5.65400E+02    4.00655E+01    3.97906E-18
    5.65500E+02    3.91998E+01    9.45637E-18
    5.65600E+02    3.83682E+01    2.17228E-17
    5.65700E+02    3.76298E+01    4.54551E-17
    5.65800E+02    3.67738E+01    1.06987E-16
    5.65900E+02    3.60087E+01    2.29946E-16
    5.66000E+02    3.52799E+01    4.76559E-16
    5.66100E+02    3.45917E+01    9.48411E-16
    5.66200E+02    3.39915E+01    1.72858E-15
    5.66300E+02    3.39771E+01    1.75363E-15
    5.66400E+02    3.26508E+01    6.60572E-15
    5.66500E+02    3.19495E+01    1.33204E-14
    5.66600E+02    3.13334E+01    2.46643E-14
    5.66700E+02    3.08451E+01    4.01940E-14
    5.66800E+02    3.02060E+01    7.61554E-14
    5.66900E+02    2.96174E+01    1.37186E-13
    5.67000E+02    2.90084E+01    2.52242E-13
    5.67100E+02    2.84547E+01    4.38793E-13
    5.67200E+02    2.79242E+01    7.45876E-13
    5.67300E+02    2.74117E+01    1.24526E-12
    5.67400E+02    2.69155E+01    2.04518E-12
    5.67500E+02    2.64335E+01    3.31177E-12
    5.67600E+02    2.59655E+01    5.28852E-12
    5.67700E+02    2.55111E+01    8.33031E-12
    5.67800E+02    2.50754E+01    1.28795E-11
    5.67900E+02    2.46375E+01    1.99556E-11
    5.68000E+02    2.42167E+01    3.03958E-11
    5.68100E+02    2.38077E+01    4.57540E-11
    5.68200E+02    2.34097E+01    6.81248E-11
    5.68300E+02    2.30216E+01    1.00425E-10
    5.68400E+02    2.26435E+01    1.46576E-10
    5.68500E+02    2.22752E+01    2.11828E-10
    5.68600E+02    2.19154E+01    3.03568E-10
    5.68700E+02    2.15655E+01    4.30746E-10
    5.68800E+02    2.12235E+01    6.06367E-10
    5.68900E+02    2.08902E+01    8.46253E-10
    5.69000E+02    2.05647E+01    1.17180E-09
    5.69100E+02    2.02477E+01    1.60887E-09
    5.69200E+02    1.99374E+01    2.19435E-09
    5.69300E+02    1.96356E+01    2.96730E-09
    5.69400E+02    1.93405E+01    3.98594E-09
    5.69500E+02    1.90515E+01    5.32154E-09
    5.69600E+02    1.87711E+01    7.04402E-09
    5.69700E+02    1.84977E+01    9.25886E-09
    5.69800E+02    1.82339E+01    1.20537E-08
    5.69900E+02    1.79839E+01    1.54769E-08
    5.70000E+02    1.77696E+01    1.91752E-08
    5.70100E+02    1.78632E+01    1.74619E-08
    5.70200E+02    1.72682E+01    3.16594E-08
    5.70300E+02    1.69875E+01    4.19202E-08
    5.70400E+02    1.67404E+01    5.36723E-08
    5.70500E+02    1.65072E+01    6.77641E-08
    5.70600E+02    1.62834E+01    8.47593E-08
    5.70700E+02    1.60702E+01    1.04908E-07
    5.70800E+02    1.58775E+01    1.27205E-07
    5.70900E+02    1.57455E+01    1.45144E-07
    5.71000E+02    1.63123E+01    8.23494E-08
    5.71100E+02    1.53303E+01    2.19857E-07
    5.71200E+02    1.50500E+01    2.90980E-07
    5.71300E+02    1.48289E+01    3.62987E-07
    5.71400E+02    1.46261E+01    4.44593E-07
    5.71500E+02    1.44316E+01    5.40034E-07
    5.71600E+02    1.42441E+01    6.51401E-07
    5.71700E+02    1.40610E+01    7.82348E-07
    5.71800E+02    1.38823E+01    9.35349E-07
    5.71900E+02    1.37072E+01    1.11435E-06
    5.72000E+02    1.35362E+01    1.32218E-06
    5.72100E+02    1.33693E+01    1.56240E-06
    5.72200E+02    1.32049E+01    1.84159E-06
    5.72300E+02    1.30446E+01    2.16177E-06
    5.72400E+02    1.28878E+01    2.52873E-06
    5.72500E+02    1.27349E+01    2.94655E-06
    5.72600E+02    1.25862E+01    3.41900E-06
    5.72700E+02    1.24461E+01    3.93313E-06
    5.72800E+02    1.23295E+01    4.41944E-06
    5.72900E+02    1.22688E+01    4.69615E-06
    5.73000E+02    1.20257E+01    5.98840E-06
    5.73100E+02    1.18723E+01    6.98108E-06
    5.73200E+02    1.17321E+01    8.03173E-06
    5.73300E+02    1.15985E+01    9.17969E-06
    5.73400E+02    1.14715E+01    1.04227E-05
    5.73500E+02    1.13597E+01    1.16559E-05
    5.73600E+02    1.14130E+01    1.10511E-05
    5.73700E+02    1.11095E+01    1.49689E-05
    5.73800E+02    1.09675E+01    1.72527E-05
    5.73900E+02    1.08415E+01    1.95702E-05
    5.74000E+02    1.07213E+01    2.20701E-05
    5.74100E+02    1.06041E+01    2.48149E-05
    5.74200E+02    1.04900E+01    2.78137E-05
    5.74300E+02    1.03789E+01    3.10818E-05
    5.74400E+02    1.02736E+01    3.45323E-05
    5.74500E+02    1.01917E+01    3.74793E-05
    5.74600E+02    1.00744E+01    4.21427E-05
    5.74700E+02    9.95098E+00    4.76810E-05
    5.74800E+02    9.84293E+00    5.31212E-05
    5.74900E+02    9.73979E+00    5.88927E-05
    5.75000E+02    9.63912E+00    6.51302E-05
    5.75100E+02    9.54037E+00    7.18900E-05
    5.75200E+02    9.44330E+00    7.92189E-05
    5.75300E+02    9.34791E+00    8.71478E-05
    5.75400E+02    9.25417E+00    9.57117E-05
    5.75500E+02    9.16198E+00    1.04955E-04
    5.75600E+02    9.07148E+00    1.14897E-04
    5.75700E+02    8.98276E+00    1.25556E-04
    5.75800E+02    8.89535E+00    1.37025E-04
    5.75900E+02    8.80917E+00    1.49357E-04
    5.76000E+02    8.72502E+00    1.62469E-04
    5.76100E+02    8.64330E+00    1.76303E-04
    5.76200E+02    8.56504E+00    1.90657E-04
    5.76300E+02    8.49317E+00    2.04863E-04
    5.76400E+02    8.43963E+00    2.16130E-04
    5.76500E+02    8.54139E+00    1.95219E-04
    5.76600E+02    8.30206E+00    2.48006E-04
    5.76700E+02    8.18397E+00    2.79091E-04
    5.76800E+02    8.09837E+00    3.04035E-04
    5.76900E+02    8.01650E+00    3.29972E-04
    5.77000E+02    7.94086E+00    3.55899E-04
    5.77100E+02    7.86649E+00    3.83378E-04
    5.77200E+02    7.79424E+00    4.12103E-04
    5.77300E+02    7.72362E+00    4.42255E-04
    5.77400E+02    7.65352E+00    4.74374E-04
    5.77500E+02    7.58488E+00    5.08077E-04
    5.77600E+02    7.51736E+00    5.43568E-04
    5.77700E+02    7.45096E+00    5.80887E-04
    5.77800E+02    7.38590E+00    6.19932E-04
    5.77900E+02    7.32676E+00    6.57703E-04
    5.78000E+02    7.25772E+00    7.04710E-04
    5.78100E+02    7.19442E+00    7.50760E-04
    5.78200E+02    7.13242E+00    7.98782E-04
    5.78300E+02    7.07135E+00    8.49084E-04
    5.78400E+02    7.01118E+00    9.01748E-04
    5.78500E+02    6.95192E+00    9.56800E-04
    5.78600E+02    6.89454E+00    1.01331E-03
    5.78700E+02    6.83579E+00    1.07461E-03
    5.78800E+02    6.77873E+00    1.13771E-03
    5.78900E+02    6.72245E+00    1.20359E-03
    5.79000E+02    6.66702E+00    1.27219E-03
    5.79100E+02    6.61236E+00    1.34366E-03
    5.79200E+02    6.55841E+00    1.41814E-03
    5.79300E+02    6.50521E+00    1.49563E-03
    5.79400E+02    6.45270E+00    1.57626E-03
    5.79500E+02    6.40088E+00    1.66010E-03
    5.79600E+02    6.34974E+00    1.74721E-03
    5.79700E+02    6.29930E+00    1.83760E-03
    5.79800E+02    6.24950E+00    1.93142E-03
    5.79900E+02    6.20053E+00    2.02835E-03
    5.80000E+02    6.15373E+00    2.12554E-03
    5.80100E+02    6.10415E+00    2.23358E-03
    5.80200E+02    6.05725E+00    2.34082E-03
    5.80300E+02    6.01036E+00    2.45321E-03
    5.80400E+02    5.96494E+00    2.56719E-03
    5.80500E+02    5.91878E+00    2.68848E-03
    5.80600E+02    5.87389E+00    2.81190E-03
    5.80700E+02    5.82963E+00    2.93915E-03
    5.80800E+02    5.78600E+00    3.07023E-03
    5.80900E+02    5.74311E+00    3.20480E-03
    5.81000E+02    5.70115E+00    3.34211E-03
    5.81100E+02    5.65915E+00    3.48547E-03
    5.81200E+02    5.61821E+00    3.63115E-03
    5.81300E+02    5.58027E+00    3.77154E-03
    5.81400E+02    5.53873E+00    3.93153E-03
    5.81500E+02    5.50009E+00    4.08641E-03
    5.81600E+02    5.46232E+00    4.24372E-03
    5.81700E+02    5.42673E+00    4.39745E-03
    5.81800E+02    5.39538E+00    4.53747E-03
    5.81900E+02    5.36902E+00    4.65872E-03
    5.82000E+02    5.36319E+00    4.68593E-03
    5.82100E+02    5.47120E+00    4.20620E-03
    5.82200E+02    5.40386E+00    4.49917E-03
    5.82300E+02    5.30385E+00    4.97242E-03
    5.82400E+02    5.19635E+00    5.53673E-03
    5.82500E+02    5.14073E+00    5.85339E-03
    5.82600E+02    5.09699E+00    6.11515E-03
    5.82700E+02    5.05726E+00    6.36294E-03
    5.82800E+02    5.01998E+00    6.60465E-03
    5.82900E+02    4.98447E+00    6.84342E-03
    5.83000E+02    4.95037E+00    7.08077E-03
    5.83100E+02    4.91728E+00    7.31904E-03
    5.83200E+02    4.88701E+00    7.54392E-03
    5.83300E+02    4.86265E+00    7.72998E-03
    5.83400E+02    4.86399E+00    7.71966E-03
    5.83500E+02    4.90995E+00    7.37287E-03
    5.83600E+02    4.77581E+00    8.43128E-03
    5.83700E+02    4.72802E+00    8.84393E-03
    5.83800E+02    4.69178E+00    9.17034E-03
    5.83900E+02    4.66671E+00    9.40318E-03
    5.84000E+02    4.62681E+00    9.78588E-03
    5.84100E+02    4.59492E+00    1.01030E-02
    5.84200E+02    4.56416E+00    1.04186E-02
    5.84300E+02    4.53421E+00    1.07354E-02
    5.84400E+02    4.50478E+00    1.10560E-02
    5.84500E+02    4.47587E+00    1.13804E-02
    5.84600E+02    4.44824E+00    1.16992E-02
    5.84700E+02    4.41917E+00    1.20443E-02
    5.84800E+02    4.39080E+00    1.23908E-02
    5.84900E+02    4.36306E+00    1.27393E-02
    5.85000E+02    4.33567E+00    1.30930E-02
    5.85100E+02    4.30869E+00    1.34511E-02
    5.85200E+02    4.28199E+00    1.38152E-02
    5.85300E+02    4.25573E+00    1.41827E-02
    5.85400E+02    4.22942E+00    1.45609E-02
    5.85500E+02    4.20352E+00    1.49429E-02
    5.85600E+02    4.17805E+00    1.53284E-02
    5.85700E+02    4.15307E+00    1.57161E-02
    5.85800E+02    4.12787E+00    1.61171E-02
    5.85900E+02    4.10281E+00    1.65262E-02
    5.86000E+02    4.07840E+00    1.69346E-02
    5.86100E+02    4.05418E+00    1.73497E-02
    5.86200E+02    4.02998E+00    1.77748E-02
    5.86300E+02    4.00614E+00    1.82036E-02
    5.86400E+02    3.98274E+00    1.86345E-02
    5.86500E+02    3.95950E+00    1.90726E-02
    5.86600E+02    3.93649E+00    1.95167E-02
    5.86700E+02    3.91378E+00    1.99649E-02
    5.86800E+02    3.89229E+00    2.03987E-02
    5.86900E+02    3.86871E+00    2.08852E-02
    5.87000E+02    3.84715E+00    2.13404E-02
    5.87100E+02    3.82447E+00    2.18301E-02
    5.87200E+02    3.80262E+00    2.23123E-02
    5.87300E+02    3.78109E+00    2.27978E-02
    5.87400E+02    3.75975E+00    2.32897E-02
    5.87500E+02    3.73863E+00    2.37866E-02
    5.87600E+02    3.71777E+00    2.42880E-02
    5.87700E+02    3.69722E+00    2.47924E-02
    5.87800E+02    3.67691E+00    2.53010E-02
    5.87900E+02    3.65644E+00    2.58244E-02
    5.88000E+02    3.63635E+00    2.63485E-02
    5.88100E+02    3.61659E+00    2.68743E-02
    5.88200E+02    3.59685E+00    2.74099E-02
    5.88300E+02    3.57750E+00    2.79455E-02
    5.88400E+02    3.55863E+00    2.84779E-02
    5.88500E+02    3.53917E+00    2.90374E-02
    5.88600E+02    3.52019E+00    2.95937E-02
    5.88700E+02    3.50157E+00    3.01500E-02
    5.88800E+02    3.48324E+00    3.07079E-02
    5.88900E+02    3.46543E+00    3.12595E-02
    5.89000E+02    3.44888E+00    3.17811E-02
    5.89100E+02    3.44845E+00    3.17949E-02
    5.89200E+02    3.41362E+00    3.29219E-02
    5.89300E+02    3.39390E+00    3.35776E-02
    5.89400E+02    3.37590E+00    3.41872E-02
    5.89500E+02    3.35852E+00    3.47868E-02
    5.89600E+02    3.34125E+00    3.53927E-02
    5.89700E+02    3.32451E+00    3.59903E-02
    5.89800E+02    3.30783E+00    3.65954E-02
    5.89900E+02    3.29178E+00    3.71875E-02
    5.90000E+02    3.27633E+00    3.77666E-02
    5.90100E+02    3.26227E+00    3.83012E-02
    5.90200E+02    3.25257E+00    3.86747E-02
    5.90300E+02    3.26919E+00    3.80372E-02
    5.90400E+02    3.23752E+00    3.92612E-02
    5.90500E+02    3.20313E+00    4.06347E-02
    5.90600E+02    3.18379E+00    4.14285E-02
    5.90700E+02    3.16787E+00    4.20933E-02
    5.90800E+02    3.15466E+00    4.26529E-02
    5.90900E+02    3.14738E+00    4.29645E-02
    5.91000E+02    3.19823E+00    4.08344E-02
    5.91100E+02    3.12766E+00    4.38203E-02
    5.91200E+02    3.13688E+00    4.34180E-02
    5.91300E+02    3.11761E+00    4.42627E-02
    5.91400E+02    3.07106E+00    4.63720E-02
    5.91500E+02    3.04929E+00    4.73926E-02
    5.91600E+02    3.03222E+00    4.82085E-02
    5.91700E+02    3.01656E+00    4.89692E-02
    5.91800E+02    3.00186E+00    4.96948E-02
    5.91900E+02    2.98778E+00    5.03990E-02
    5.92000E+02    2.97419E+00    5.10890E-02
    5.92100E+02    2.96123E+00    5.17553E-02
    5.92200E+02    2.94914E+00    5.23849E-02
    5.92300E+02    2.93878E+00    5.29302E-02
    5.92400E+02    2.93276E+00    5.32501E-02
    5.92500E+02    2.93722E+00    5.30126E-02
    5.92600E+02    3.03142E+00    4.82471E-02
    5.92700E+02    2.94736E+00    5.24779E-02
    5.92800E+02    2.88755E+00    5.57124E-02
    5.92900E+02    2.86281E+00    5.71082E-02
    5.93000E+02    2.84519E+00    5.81234E-02
    5.93100E+02    2.83013E+00    5.90051E-02
    5.93200E+02    2.81629E+00    5.98273E-02
    5.93300E+02    2.80299E+00    6.06286E-02
    5.93400E+02    2.79027E+00    6.14048E-02
    5.93500E+02    2.77792E+00    6.21675E-02
    5.93600E+02    2.76547E+00    6.29464E-02
    5.93700E+02    2.75340E+00    6.37110E-02
    5.93800E+02    2.74149E+00    6.44743E-02
    5.93900E+02    2.73002E+00    6.52181E-02
    5.94000E+02    2.71867E+00    6.59623E-02
    5.94100E+02    2.70757E+00    6.66989E-02
    5.94200E+02    2.69788E+00    6.73483E-02
    5.94300E+02    2.68824E+00    6.80006E-02
    5.94400E+02    2.67641E+00    6.88097E-02
    5.94500E+02    2.66664E+00    6.94853E-02
    5.94600E+02    2.65749E+00    7.01238E-02
    5.94700E+02    2.65045E+00    7.06192E-02
    5.94800E+02    2.64741E+00    7.08345E-02
    5.94900E+02    2.65499E+00    7.02993E-02
    5.95000E+02    2.70780E+00    6.66834E-02
    5.95100E+02    2.88954E+00    5.56016E-02
    5.95200E+02    2.65064E+00    7.06063E-02
    5.95300E+02    2.60364E+00    7.40041E-02
    5.95400E+02    2.58051E+00    7.57355E-02
    5.95500E+02    2.56450E+00    7.69577E-02
    5.95600E+02    2.55087E+00    7.80140E-02
    5.95700E+02    2.53878E+00    7.89626E-02
    5.95800E+02    2.52767E+00    7.98447E-02
    5.95900E+02    2.51689E+00    8.07103E-02
    5.96000E+02    2.50655E+00    8.15491E-02
    5.96100E+02    2.49648E+00    8.23745E-02
    5.96200E+02    2.48664E+00    8.31892E-02
    5.96300E+02    2.47698E+00    8.39969E-02
    5.96400E+02    2.46748E+00    8.47981E-02
    5.96500E+02    2.45815E+00    8.55932E-02
    5.96600E+02    2.44896E+00    8.63836E-02
    5.96700E+02    2.43992E+00    8.71677E-02
    5.96800E+02    2.43109E+00    8.79409E-02
    5.96900E+02    2.42231E+00    8.87160E-02
    5.97000E+02    2.41371E+00    8.94825E-02
    5.97100E+02    2.40519E+00    9.02488E-02
    5.97200E+02    2.39686E+00    9.10033E-02
    5.97300E+02    2.38860E+00    9.17578E-02
    5.97400E+02    2.38053E+00    9.25014E-02
    5.97500E+02    2.37270E+00    9.32288E-02
    5.97600E+02    2.36487E+00    9.39614E-02
    5.97700E+02    2.35729E+00    9.46766E-02
    5.97800E+02    2.34989E+00    9.53792E-02
    5.97900E+02    2.34276E+00    9.60625E-02
    5.98000E+02    2.33574E+00    9.67385E-02
    5.98100E+02    2.32926E+00    9.73674E-02
    5.98200E+02    2.32242E+00    9.80362E-02
    5.98300E+02    2.31557E+00    9.87102E-02
    5.98400E+02    2.30915E+00    9.93461E-02
    5.98500E+02    2.30299E+00    9.99594E-02
    5.98600E+02    2.29708E+00    1.00552E-01
    5.98700E+02    2.29140E+00    1.01125E-01
    5.98800E+02    2.28587E+00    1.01686E-01
    5.98900E+02    2.28062E+00    1.02221E-01
    5.99000E+02    2.27551E+00    1.02745E-01
    5.99100E+02    2.27059E+00    1.03251E-01
    5.99200E+02    2.26583E+00    1.03744E-01
    5.99300E+02    2.26123E+00    1.04222E-01
    5.99400E+02    2.25676E+00    1.04689E-01
    5.99500E+02    2.25237E+00    1.05149E-01
    5.99600E+02    2.24882E+00    1.05524E-01
    5.99700E+02    2.24457E+00    1.05973E-01
    5.99800E+02    2.24275E+00    1.06166E-01
    5.99900E+02    2.25038E+00    1.05359E-01
    6.00000E+02    2.28268E+00    1.02010E-01
    6.00100E+02    2.22694E+00    1.07858E-01
    6.00200E+02    2.21031E+00    1.09666E-01
    6.00300E+02    2.19828E+00    1.10994E-01
    6.00400E+02    2.18695E+00    1.12259E-01
    6.00500E+02    2.17631E+00    1.13460E-01
    6.00600E+02    2.16620E+00    1.14613E-01
    6.00700E+02    2.15676E+00    1.15699E-01
    6.00800E+02    2.14671E+00    1.16868E-01
    6.00900E+02    2.13754E+00    1.17945E-01
    6.01000E+02    2.12955E+00    1.18891E-01
    6.01100E+02    2.11940E+00    1.20103E-01
    6.01200E+02    2.10941E+00    1.21310E-01
    6.01300E+02    2.10044E+00    1.22403E-01
    6.01400E+02    2.09231E+00    1.23402E-01
    6.01500E+02    2.08366E+00    1.24474E-01
    6.01600E+02    2.07543E+00    1.25502E-01
    6.01700E+02    2.06741E+00    1.26513E-01
    6.01800E+02    2.05901E+00    1.27580E-01
    6.01900E+02    2.05106E+00    1.28599E-01
    6.02000E+02    2.04343E+00    1.29583E-01
    6.02100E+02    2.03568E+00    1.30591E-01
    6.02200E+02    2.02880E+00    1.31493E-01
    6.02300E+02    2.02136E+00    1.32475E-01
    6.02400E+02    2.01485E+00    1.33340E-01
    6.02500E+02    2.00964E+00    1.34037E-01
    6.02600E+02    2.00199E+00    1.35066E-01
    6.02700E+02    1.99523E+00    1.35983E-01
    6.02800E+02    1.99094E+00    1.36566E-01
    6.02900E+02    1.98179E+00    1.37822E-01
    6.03000E+02    1.97558E+00    1.38681E-01
    6.03100E+02    1.96970E+00    1.39499E-01
    6.03200E+02    1.96256E+00    1.40498E-01
    6.03300E+02    1.95614E+00    1.41403E-01
    6.03400E+02    1.95013E+00    1.42255E-01
    6.03500E+02    1.94451E+00    1.43058E-01
    6.03600E+02    1.93845E+00    1.43926E-01
    6.03700E+02    1.93273E+00    1.44753E-01
    6.03800E+02    1.92706E+00    1.45576E-01
    6.03900E+02    1.92150E+00    1.46387E-01
    6.04000E+02    1.91614E+00    1.47174E-01
    6.04100E+02    1.91063E+00    1.47987E-01
    6.04200E+02    1.90531E+00    1.48776E-01
    6.04300E+02    1.89998E+00    1.49572E-01
    6.04400E+02    1.89483E+00    1.50344E-01
    6.04500E+02    1.88970E+00    1.51117E-01
    6.04600E+02    1.88471E+00    1.51874E-01
    6.04700E+02    1.87983E+00    1.52616E-01
    6.04800E+02    1.87472E+00    1.53398E-01
    6.04900E+02    1.86750E+00    1.54509E-01
    6.05000E+02    1.86270E+00    1.55253E-01
    6.05100E+02    1.85787E+00    1.56005E-01
    6.05200E+02    1.85321E+00    1.56734E-01
    6.05300E+02    1.84859E+00    1.57459E-01
    6.05400E+02    1.84428E+00    1.58139E-01
    6.05500E+02    1.84011E+00    1.58801E-01
    6.05600E+02    1.83529E+00    1.59568E-01
    6.05700E+02    1.83145E+00    1.60181E-01
    6.05800E+02    1.82726E+00    1.60854E-01
    6.05900E+02    1.82263E+00    1.61600E-01
    6.06000E+02    1.81896E+00    1.62195E-01
    6.06100E+02    1.81423E+00    1.62964E-01
    6.06200E+02    1.81022E+00    1.63618E-01
    6.06300E+02    1.80640E+00    1.64244E-01
    6.06400E+02    1.80219E+00    1.64937E-01
    6.06500E+02    1.79833E+00    1.65575E-01
    6.06600E+02    1.79472E+00    1.66174E-01
    6.06700E+02    1.79117E+00    1.66765E-01
    6.06800E+02    1.78726E+00    1.67418E-01
    6.06900E+02    1.78364E+00    1.68026E-01
    6.07000E+02    1.78041E+00    1.68569E-01
    6.07100E+02    1.77791E+00    1.68990E-01
    6.07200E+02    1.78813E+00    1.67273E-01
    6.07300E+02    1.77248E+00    1.69911E-01
    6.07400E+02    1.76808E+00    1.70661E-01
    6.07500E+02    1.76479E+00    1.71222E-01
    6.07600E+02    1.76273E+00    1.71576E-01
    6.07700E+02    1.76275E+00    1.71572E-01
    6.07800E+02    1.77446E+00    1.69576E-01
    6.07900E+02    1.77104E+00    1.70155E-01
    6.08000E+02    1.75393E+00    1.73093E-01
    6.08100E+02    1.74810E+00    1.74105E-01
    6.08200E+02    1.74433E+00    1.74761E-01
    6.08300E+02    1.74126E+00    1.75299E-01
    6.08400E+02    1.73923E+00    1.75656E-01
    6.08500E+02    1.73621E+00    1.76188E-01
    6.08600E+02    1.73383E+00    1.76606E-01
    6.08700E+02    1.73174E+00    1.76976E-01
    6.08800E+02    1.72999E+00    1.77287E-01
    6.08900E+02    1.72846E+00    1.77557E-01
    6.09000E+02    1.72733E+00    1.77758E-01
    6.09100E+02    1.72765E+00    1.77702E-01
    6.09200E+02    1.72663E+00    1.77883E-01
    6.09300E+02    1.72764E+00    1.77704E-01
    6.09400E+02    1.73098E+00    1.77111E-01
    6.09500E+02    1.73910E+00    1.75678E-01
    6.09600E+02    1.76361E+00    1.71425E-01
    6.09700E+02    1.90349E+00    1.49047E-01
    6.09800E+02    1.81503E+00    1.62833E-01
    6.09900E+02    1.75912E+00    1.72196E-01
    6.10000E+02    1.75361E+00    1.73148E-01
    6.10100E+02    1.77033E+00    1.70278E-01
    6.10200E+02    1.84015E+00    1.58793E-01
    6.10300E+02    2.01917E+00    1.32765E-01
    6.10400E+02    2.11449E+00    1.20695E-01
    6.10500E+02    1.81677E+00    1.62550E-01
    6.10600E+02    1.75827E+00    1.72343E-01
    6.10700E+02    1.73743E+00    1.75972E-01
    6.10800E+02    1.72985E+00    1.77311E-01
    6.10900E+02    1.72761E+00    1.77709E-01
    6.11000E+02    1.73330E+00    1.76700E-01
    6.11100E+02    1.75413E+00    1.73057E-01
    6.11200E+02    1.83679E+00    1.59328E-01
    6.11300E+02    2.03919E+00    1.30134E-01
    6.11400E+02    1.77930E+00    1.68757E-01
    6.11500E+02    1.73581E+00    1.76257E-01
    6.11600E+02    1.72062E+00    1.78956E-01
    6.11700E+02    1.71378E+00    1.80183E-01
    6.11800E+02    1.70985E+00    1.80893E-01
    6.11900E+02    1.70806E+00    1.81217E-01
    6.12000E+02    1.70758E+00    1.81305E-01
    6.12100E+02    1.70755E+00    1.81310E-01
    6.12200E+02    1.70834E+00    1.81167E-01
    6.12300E+02    1.71031E+00    1.80811E-01
    6.12400E+02    1.71678E+00    1.79644E-01
    6.12500E+02    1.71300E+00    1.80324E-01
    6.12600E+02    1.71451E+00    1.80052E-01
    6.12700E+02    1.71675E+00    1.79649E-01
    6.12800E+02    1.71939E+00    1.79175E-01
    6.12900E+02    1.72248E+00    1.78622E-01
    6.13000E+02    1.72614E+00    1.77969E-01
    6.13100E+02    1.72943E+00    1.77385E-01
    6.13200E+02    1.73328E+00    1.76703E-01
    6.13300E+02    1.73758E+00    1.75945E-01
    6.13400E+02    1.74220E+00    1.75134E-01
    6.13500E+02    1.74722E+00    1.74257E-01
    6.13600E+02    1.75266E+00    1.73312E-01
    6.13700E+02    1.75854E+00    1.72297E-01
    6.13800E+02    1.76483E+00    1.71215E-01
    6.13900E+02    1.77164E+00    1.70054E-01
    6.14000E+02    1.77902E+00    1.68804E-01
    6.14100E+02    1.78719E+00    1.67430E-01
    6.14200E+02    1.79554E+00    1.66038E-01
    6.14300E+02    1.80483E+00    1.64502E-01
    6.14400E+02    1.81545E+00    1.62765E-01
    6.14500E+02    1.82810E+00    1.60719E-01
    6.14600E+02    1.84581E+00    1.57898E-01
    6.14700E+02    1.88637E+00    1.51621E-01
    6.14800E+02    1.97764E+00    1.38396E-01
    6.14900E+02    1.89046E+00    1.51002E-01
    6.15000E+02    1.88985E+00    1.51094E-01
    6.15100E+02    1.89902E+00    1.49716E-01
    6.15200E+02    1.91185E+00    1.47806E-01
    6.15300E+02    1.92742E+00    1.45523E-01
    6.15400E+02    1.94272E+00    1.43313E-01
    6.15500E+02    1.96020E+00    1.40831E-01
    6.15600E+02    1.97900E+00    1.38207E-01
    6.15700E+02    1.99925E+00    1.35437E-01
    6.15800E+02    2.02106E+00    1.32515E-01
    6.15900E+02    2.04462E+00    1.29429E-01
    6.16000E+02    2.07037E+00    1.26140E-01
    6.16100E+02    2.09950E+00    1.22518E-01
    6.16200E+02    2.13773E+00    1.17922E-01
    6.16300E+02    2.20384E+00    1.10378E-01
    6.16400E+02    2.19351E+00    1.11524E-01
    6.16500E+02    2.22143E+00    1.08454E-01
    6.16600E+02    2.25578E+00    1.04792E-01
    6.16700E+02    2.29400E+00    1.00863E-01
    6.16800E+02    2.33548E+00    9.67639E-02
    6.16900E+02    2.38044E+00    9.25097E-02
    6.17000E+02    2.42914E+00    8.81127E-02
    6.17100E+02    2.48251E+00    8.35334E-02
    6.17200E+02    2.54398E+00    7.85533E-02
    6.17300E+02    2.66694E+00    6.94643E-02
    6.17400E+02    2.68221E+00    6.84117E-02
    6.17500E+02    2.73394E+00    6.49626E-02
    6.17600E+02    2.80682E+00    6.03966E-02
    6.17700E+02    2.88797E+00    5.56890E-02
    6.17800E+02    2.97470E+00    5.10628E-02
    6.17900E+02    3.06998E+00    4.64222E-02
    6.18000E+02    3.17373E+00    4.18470E-02
    6.18100E+02    3.28671E+00    3.73766E-02
    6.18200E+02    3.41009E+00    3.30383E-02
    6.18300E+02    3.54362E+00    2.89084E-02
    6.18400E+02    3.68961E+00    2.49818E-02
    6.18500E+02    3.84913E+00    2.12983E-02
    6.18600E+02    4.02340E+00    1.78920E-02
    6.18700E+02    4.21410E+00    1.47856E-02
    6.18800E+02    4.42272E+00    1.20015E-02
    6.18900E+02    4.65146E+00    9.54763E-03
    6.19000E+02    4.90066E+00    7.44171E-03
    6.19100E+02    5.17367E+00    5.66373E-03
    6.19200E+02    5.47175E+00    4.20386E-03
    6.19300E+02    5.79708E+00    3.03640E-03
    6.19400E+02    6.15116E+00    2.13100E-03
    6.19500E+02    6.53528E+00    1.45133E-03
    6.19600E+02    6.94946E+00    9.59151E-04
    6.19700E+02    7.39321E+00    6.15419E-04
    6.19800E+02    7.86512E+00    3.83904E-04
    6.19900E+02    8.36211E+00    2.33552E-04
    6.20000E+02    8.87753E+00    1.39488E-04
    6.20100E+02    9.39919E+00    8.27911E-05
    6.20200E+02    9.91541E+00    4.94072E-05
    6.20300E+02    1.04098E+01    3.01360E-05
    6.20400E+02    1.08615E+01    1.91819E-05
    6.20500E+02    1.12507E+01    1.29988E-05
    6.20600E+02    1.15862E+01    9.29321E-06
    6.20700E+02    1.20305E+01    5.95970E-06
    6.20800E+02    1.19726E+01    6.31510E-06
    6.20900E+02    1.14209E+01    1.09636E-05
    6.21000E+02    1.09254E+01    1.79948E-05
    6.21100E+02    1.04490E+01    2.89762E-05
    6.21200E+02    9.94554E+00    4.79409E-05
    6.21300E+02    9.42322E+00    8.08253E-05
    6.21400E+02    8.89724E+00    1.36766E-04
    6.21500E+02    8.37928E+00    2.29575E-04
    6.21600E+02    7.87918E+00    3.78543E-04
    6.21700E+02    7.40577E+00    6.07734E-04
    6.21800E+02    6.95370E+00    9.55095E-04
    6.21900E+02    6.53435E+00    1.45268E-03
    6.22000E+02    6.14539E+00    2.14333E-03
    6.22100E+02    5.78654E+00    3.06857E-03
    6.22200E+02    5.45666E+00    4.26777E-03
    6.22300E+02    5.15175E+00    5.78926E-03
    6.22400E+02    4.87310E+00    7.64962E-03
    6.22500E+02    4.61797E+00    9.87277E-03
    6.22600E+02    4.38434E+00    1.24711E-02
    6.22700E+02    4.17049E+00    1.54447E-02
    6.22800E+02    3.97464E+00    1.87860E-02
    6.22900E+02    3.79535E+00    2.24750E-02
    6.23000E+02    3.63102E+00    2.64892E-02
    6.23100E+02    3.48050E+00    3.07919E-02
    6.23200E+02    3.34299E+00    3.53310E-02
    6.23300E+02    3.21803E+00    4.00339E-02
    6.23400E+02    3.10639E+00    4.47623E-02
    6.23500E+02    3.01309E+00    4.91397E-02
    6.23600E+02    2.96744E+00    5.14350E-02
    6.23700E+02    3.15263E+00    4.27398E-02
    6.23800E+02    2.76422E+00    6.30254E-02
    6.23900E+02    2.64480E+00    7.10194E-02
    6.24000E+02    2.55718E+00    7.75233E-02
    6.24100E+02    2.48099E+00    8.36604E-02
    6.24200E+02    2.41252E+00    8.95891E-02
    6.24300E+02    2.34986E+00    9.53823E-02
    6.24400E+02    2.29154E+00    1.01111E-01
    6.24500E+02    2.23732E+00    1.06744E-01
    6.24600E+02    2.18678E+00    1.12277E-01
    6.24700E+02    2.13958E+00    1.17705E-01
    6.24800E+02    2.09545E+00    1.23015E-01
    6.24900E+02    2.05413E+00    1.28204E-01
    6.25000E+02    2.01595E+00    1.33194E-01
    6.25100E+02    1.98096E+00    1.37936E-01
    6.25200E+02    1.94995E+00    1.42281E-01
    6.25300E+02    1.93361E+00    1.44626E-01
    6.25400E+02    1.93074E+00    1.45040E-01
    6.25500E+02    1.86030E+00    1.55626E-01
    6.25600E+02    1.82527E+00    1.61175E-01
    6.25700E+02    1.79571E+00    1.66010E-01
    6.25800E+02    1.76947E+00    1.70424E-01
    6.25900E+02    1.74599E+00    1.74472E-01
    6.26000E+02    1.72126E+00    1.78841E-01
    6.26100E+02    1.69912E+00    1.82844E-01
    6.26200E+02    1.67806E+00    1.86735E-01
    6.26300E+02    1.65825E+00    1.90471E-01
    6.26400E+02    1.63932E+00    1.94113E-01
    6.26500E+02    1.62148E+00    1.97607E-01
    6.26600E+02    1.60454E+00    2.00983E-01
    6.26700E+02    1.58853E+00    2.04225E-01
    6.26800E+02    1.57226E+00    2.07575E-01
    6.26900E+02    1.55736E+00    2.10692E-01
    6.27000E+02    1.54328E+00    2.13679E-01
    6.27100E+02    1.52974E+00    2.16591E-01
    6.27200E+02    1.51715E+00    2.19335E-01
    6.27300E+02    1.50520E+00    2.21973E-01
    6.27400E+02    1.49428E+00    2.24411E-01
    6.27500E+02    1.48410E+00    2.26707E-01
    6.27600E+02    1.47567E+00    2.28625E-01
    6.27700E+02    1.47083E+00    2.29736E-01
    6.27800E+02    1.46148E+00    2.31892E-01
    6.27900E+02    1.44359E+00    2.36078E-01
    6.28000E+02    1.43006E+00    2.39294E-01
    6.28100E+02    1.41831E+00    2.42123E-01
    6.28200E+02    1.41003E+00    2.44135E-01
    6.28300E+02    1.40226E+00    2.46039E-01
    6.28400E+02    1.38697E+00    2.49832E-01
    6.28500E+02    1.37676E+00    2.52396E-01
    6.28600E+02    1.36748E+00    2.54749E-01
    6.28700E+02    1.35871E+00    2.56991E-01
    6.28800E+02    1.35037E+00    2.59144E-01
    6.28900E+02    1.34281E+00    2.61110E-01
    6.29000E+02    1.33451E+00    2.63286E-01
    6.29100E+02    1.32681E+00    2.65322E-01
    6.29200E+02    1.31947E+00    2.67278E-01
    6.29300E+02    1.31247E+00    2.69154E-01
    6.29400E+02    1.30589E+00    2.70932E-01
    6.29500E+02    1.29906E+00    2.72788E-01
    6.29600E+02    1.29270E+00    2.74530E-01
    6.29700E+02    1.28698E+00    2.76104E-01
    6.29800E+02    1.28025E+00    2.77967E-01
    6.29900E+02    1.27433E+00    2.79619E-01
    6.30000E+02    1.26921E+00    2.81053E-01
    6.30100E+02    1.26434E+00    2.82425E-01
    6.30200E+02    1.25749E+00    2.84367E-01
    6.30300E+02    1.25212E+00    2.85897E-01
    6.30400E+02    1.24707E+00    2.87346E-01
    6.30500E+02    1.24185E+00    2.88850E-01
    6.30600E+02    1.23709E+00    2.90227E-01
    6.30700E+02    1.23228E+00    2.91626E-01
    6.30800E+02    1.22752E+00    2.93019E-01
    6.30900E+02    1.22300E+00    2.94345E-01
    6.31000E+02    1.21871E+00    2.95612E-01
    6.31100E+02    1.21466E+00    2.96810E-01
    6.31200E+02    1.21083E+00    2.97949E-01
    6.31300E+02    1.20668E+00    2.99190E-01
    6.31400E+02    1.20312E+00    3.00257E-01
    6.31500E+02    1.19989E+00    3.01228E-01
    6.31600E+02    1.19711E+00    3.02067E-01
    6.31700E+02    1.19529E+00    3.02616E-01
    6.31800E+02    1.19525E+00    3.02628E-01
    6.31900E+02    1.19830E+00    3.01708E-01
    6.32000E+02    1.20817E+00    2.98742E-01
    6.32100E+02    1.25807E+00    2.84202E-01
    6.32200E+02    1.39347E+00    2.48212E-01
    6.32300E+02    1.21581E+00    2.96469E-01
    6.32400E+02    1.18530E+00    3.05654E-01
    6.32500E+02    1.17266E+00    3.09542E-01
    6.32600E+02    1.16518E+00    3.11865E-01
    6.32700E+02    1.15976E+00    3.13561E-01
    6.32800E+02    1.15559E+00    3.14871E-01
    6.32900E+02    1.15220E+00    3.15940E-01
    6.33000E+02    1.14931E+00    3.16857E-01
    6.33100E+02    1.14734E+00    3.17480E-01
    6.33200E+02    1.14832E+00    3.17169E-01
    6.33300E+02    1.16017E+00    3.13433E-01
    6.33400E+02    1.16039E+00    3.13365E-01
    6.33500E+02    1.13999E+00    3.19821E-01
    6.33600E+02    1.13580E+00    3.21165E-01
    6.33700E+02    1.13063E+00    3.22829E-01
    6.33800E+02    1.12868E+00    3.23460E-01
    6.33900E+02    1.12749E+00    3.23847E-01
    6.34000E+02    1.12758E+00    3.23816E-01
    6.34100E+02    1.12970E+00    3.23130E-01
    6.34200E+02    1.13758E+00    3.20593E-01
    6.34300E+02    1.16327E+00    3.12462E-01
    6.34400E+02    1.26535E+00    2.82141E-01
    6.34500E+02    1.34983E+00    2.59283E-01
    6.34600E+02    1.16788E+00    3.11024E-01
    6.34700E+02    1.12914E+00    3.23310E-01
    6.34800E+02    1.11343E+00    3.28431E-01
    6.34900E+02    1.10476E+00    3.31291E-01
    6.35000E+02    1.09887E+00    3.33246E-01
    6.35100E+02    1.09442E+00    3.34732E-01
    6.35200E+02    1.09078E+00    3.35955E-01
    6.35300E+02    1.08832E+00    3.36781E-01
    6.35400E+02    1.08462E+00    3.38030E-01
    6.35500E+02    1.08183E+00    3.38973E-01
    6.35600E+02    1.07924E+00    3.39853E-01
    6.35700E+02    1.07677E+00    3.40696E-01
    6.35800E+02    1.07442E+00    3.41497E-01
    6.35900E+02    1.07212E+00    3.42281E-01
    6.36000E+02    1.07001E+00    3.43006E-01
    6.36100E+02    1.06852E+00    3.43515E-01
    6.36200E+02    1.06592E+00    3.44412E-01
    6.36300E+02    1.06371E+00    3.45173E-01
    6.36400E+02    1.06186E+00    3.45810E-01
    6.36500E+02    1.05973E+00    3.46551E-01
    6.36600E+02    1.05792E+00    3.47178E-01
    6.36700E+02    1.05628E+00    3.47747E-01
    6.36800E+02    1.05409E+00    3.48509E-01
    6.36900E+02    1.05229E+00    3.49136E-01
    6.37000E+02    1.05065E+00    3.49712E-01
    6.37100E+02    1.04882E+00    3.50351E-01
    6.37200E+02    1.04712E+00    3.50947E-01
    6.37300E+02    1.04554E+00    3.51503E-01
    6.37400E+02    1.04400E+00    3.52042E-01
    6.37500E+02    1.04257E+00    3.52549E-01
    6.37600E+02    1.04128E+00    3.53002E-01
    6.37700E+02    1.03978E+00    3.53531E-01
    6.37800E+02    1.03863E+00    3.53940E-01
    6.37900E+02    1.03761E+00    3.54302E-01
    6.38000E+02    1.03665E+00    3.54640E-01
    6.38100E+02    1.03599E+00    3.54874E-01
    6.38200E+02    1.03585E+00    3.54924E-01
    6.38300E+02    1.03655E+00    3.54676E-01
    6.38400E+02    1.03855E+00    3.53967E-01
    6.38500E+02    1.04483E+00    3.51750E-01
    6.38600E+02    1.05081E+00    3.49653E-01
    6.38700E+02    1.06631E+00    3.44278E-01
    6.38800E+02    1.12438E+00    3.24855E-01
    6.38900E+02    1.68280E+00    1.85854E-01
    6.39000E+02    1.12900E+00    3.23356E-01
    6.39100E+02    1.06232E+00    3.45653E-01
    6.39200E+02    1.04100E+00    3.53103E-01
    6.39300E+02    1.03287E+00    3.55985E-01
    6.39400E+02    1.02671E+00    3.58184E-01
    6.39500E+02    1.02207E+00    3.59850E-01
    6.39600E+02    1.01956E+00    3.60754E-01
    6.39700E+02    1.01698E+00    3.61684E-01
    6.39800E+02    1.01675E+00    3.61768E-01
    6.39900E+02    1.01969E+00    3.60708E-01
    6.40000E+02    1.03521E+00    3.55151E-01
    6.40100E+02    1.15934E+00    3.13692E-01
    6.40200E+02    1.03053E+00    3.56819E-01
    6.40300E+02    1.03586E+00    3.54920E-01
    6.40400E+02    1.01123E+00    3.63771E-01
    6.40500E+02    1.00480E+00    3.66117E-01
    6.40600E+02    1.00267E+00    3.66899E-01
    6.40700E+02    9.99324E-01    3.68128E-01
    6.40800E+02    9.97692E-01    3.68729E-01
    6.40900E+02    9.96263E-01    3.69257E-01
    6.41000E+02    9.95137E-01    3.69673E-01
    6.41100E+02    9.94291E-01    3.69986E-01
    6.41200E+02    9.94029E-01    3.70083E-01
    6.41300E+02    9.94216E-01    3.70013E-01
    6.41400E+02    9.96753E-01    3.69076E-01
    6.41500E+02    1.01315E+00    3.63073E-01
    6.41600E+02    1.00362E+00    3.66551E-01
    6.41700E+02    9.95586E-01    3.69507E-01
    6.41800E+02    9.94309E-01    3.69979E-01
    6.41900E+02    9.96507E-01    3.69167E-01
    6.42000E+02    1.00079E+00    3.67590E-01
    6.42100E+02    1.01290E+00    3.63166E-01
    6.42200E+02    1.04631E+00    3.51230E-01
    6.42300E+02    1.19696E+00    3.02110E-01
    6.42400E+02    1.19321E+00    3.03245E-01
    6.42500E+02    1.04214E+00    3.52701E-01
    6.42600E+02    1.00751E+00    3.65128E-01
    6.42700E+02    9.93395E-01    3.70317E-01
    6.42800E+02    9.85957E-01    3.73082E-01
    6.42900E+02    9.81498E-01    3.74749E-01
    6.43000E+02    9.78551E-01    3.75855E-01
    6.43100E+02    9.76530E-01    3.76616E-01
    6.43200E+02    9.75265E-01    3.77092E-01
    6.43300E+02    9.75244E-01    3.77100E-01
    6.43400E+02    9.73276E-01    3.77843E-01
    6.43500E+02    9.72492E-01    3.78140E-01
    6.43600E+02    9.69989E-01    3.79087E-01
    6.43700E+02    9.68089E-01    3.79808E-01
    6.43800E+02    9.67062E-01    3.80199E-01
    6.43900E+02    9.66430E-01    3.80439E-01
    6.44000E+02    9.66281E-01    3.80496E-01
    6.44100E+02    9.66337E-01    3.80474E-01
    6.44200E+02    9.66730E-01    3.80325E-01
    6.44300E+02    9.68422E-01    3.79682E-01
    6.44400E+02    9.72398E-01    3.78175E-01
    6.44500E+02    9.80243E-01    3.75220E-01
    6.44600E+02    9.97797E-01    3.68691E-01
    6.44700E+02    1.05145E+00    3.49430E-01
    6.44800E+02    1.51483E+00    2.19846E-01
    6.44900E+02    1.06046E+00    3.46297E-01
    6.45000E+02    9.96404E-01    3.69205E-01
    6.45100E+02    9.76880E-01    3.76484E-01
    6.45200E+02    9.67822E-01    3.79910E-01
    6.45300E+02    9.64847E-01    3.81042E-01
    6.45400E+02    9.66905E-01    3.80258E-01
    6.45500E+02    9.63885E-01    3.81408E-01
    6.45600E+02    9.80511E-01    3.75119E-01
    6.45700E+02    1.00839E+00    3.64804E-01
    6.45800E+02    9.62608E-01    3.81896E-01
    6.45900E+02    9.57508E-01    3.83848E-01
    6.46000E+02    9.56130E-01    3.84377E-01
    6.46100E+02    9.49854E-01    3.86797E-01
    6.46200E+02    9.48163E-01    3.87452E-01
    6.46300E+02    9.50651E-01    3.86489E-01
    6.46400E+02    9.47409E-01    3.87744E-01
    6.46500E+02    9.47711E-01    3.87627E-01
    6.46600E+02    9.44151E-01    3.89010E-01
    6.46700E+02    9.43119E-01    3.89411E-01
    6.46800E+02    9.42326E-01    3.89720E-01
    6.46900E+02    9.42474E-01    3.89663E-01
    6.47000E+02    9.42608E-01    3.89611E-01
    6.47100E+02    9.43790E-01    3.89150E-01
    6.47200E+02    9.45578E-01    3.88455E-01
    6.47300E+02    9.48846E-01    3.87188E-01
    6.47400E+02    9.51609E-01    3.86119E-01
    6.47500E+02    9.59323E-01    3.83152E-01
    6.47600E+02    9.74573E-01    3.77353E-01
    6.47700E+02    1.01450E+00    3.62585E-01
    6.47800E+02    1.22213E+00    2.94602E-01
    6.47900E+02    1.13688E+00    3.20817E-01
    6.48000E+02    9.97609E-01    3.68760E-01
    6.48100E+02    9.62656E-01    3.81877E-01
    6.48200E+02    9.48196E-01    3.87439E-01
    6.48300E+02    9.40710E-01    3.90351E-01
    6.48400E+02    9.36235E-01    3.92101E-01
    6.48500E+02    9.33221E-01    3.93285E-01
    6.48600E+02    9.30748E-01    3.94259E-01
    6.48700E+02    9.29012E-01    3.94944E-01
    6.48800E+02    9.27801E-01    3.95422E-01
    6.48900E+02    9.26558E-01    3.95914E-01
    6.49000E+02    9.25461E-01    3.96349E-01
    6.49100E+02    9.25015E-01    3.96526E-01
    6.49200E+02    9.24110E-01    3.96885E-01
    6.49300E+02    9.23249E-01    3.97226E-01
    6.49400E+02    9.22491E-01    3.97527E-01
    6.49500E+02    9.21956E-01    3.97740E-01
    6.49600E+02    9.21515E-01    3.97916E-01
    6.49700E+02    9.21178E-01    3.98050E-01
    6.49800E+02    9.21030E-01    3.98109E-01
    6.49900E+02    9.20929E-01    3.98149E-01
    6.50000E+02    9.21273E-01    3.98012E-01
    6.50100E+02    9.21131E-01    3.98069E-01
    6.50200E+02    9.21543E-01    3.97905E-01
    6.50300E+02    9.22321E-01    3.97595E-01
    6.50400E+02    9.23956E-01    3.96946E-01
    6.50500E+02    9.28165E-01    3.95278E-01
    6.50600E+02    9.35382E-01    3.92436E-01
    6.50700E+02    9.74316E-01    3.77450E-01
    6.50800E+02    9.53486E-01    3.85395E-01
    6.50900E+02    9.38327E-01    3.91282E-01
    6.51000E+02    9.38538E-01    3.91199E-01
    6.51100E+02    9.44649E-01    3.88816E-01
    6.51200E+02    9.60011E-01    3.82889E-01
    6.51300E+02    9.97311E-01    3.68870E-01
    6.51400E+02    1.12651E+00    3.24162E-01
    6.51500E+02    1.46004E+00    2.32228E-01
    6.51600E+02    1.15369E+00    3.15471E-01
    6.51700E+02    1.00070E+00    3.67623E-01
    6.51800E+02    9.64915E-01    3.81016E-01
    6.51900E+02    9.42905E-01    3.89495E-01
    6.52000E+02    9.32576E-01    3.93539E-01
    6.52100E+02    9.27603E-01    3.95501E-01
    6.52200E+02    9.27753E-01    3.95441E-01
    6.52300E+02    9.25286E-01    3.96418E-01
    6.52400E+02    9.20160E-01    3.98455E-01
    6.52500E+02    9.18693E-01    3.99040E-01
    6.52600E+02    9.18162E-01    3.99252E-01
    6.52700E+02    9.18162E-01    3.99252E-01
    6.52800E+02    9.19081E-01    3.98885E-01
    6.52900E+02    9.19422E-01    3.98750E-01
    6.53000E+02    9.20654E-01    3.98259E-01
    6.53100E+02    9.22782E-01    3.97412E-01
    6.53200E+02    9.26093E-01    3.96098E-01
    6.53300E+02    9.31490E-01    3.93966E-01
    6.53400E+02    9.41859E-01    3.89902E-01
    6.53500E+02    9.58828E-01    3.83342E-01
    6.53600E+02    9.94116E-01    3.70050E-01
    6.53700E+02    1.14026E+00    3.19736E-01
    6.53800E+02    1.25777E+00    2.84287E-01
    6.53900E+02    1.01956E+00    3.60752E-01
    6.54000E+02    9.75810E-01    3.76887E-01
    6.54100E+02    9.64205E-01    3.81286E-01
    6.54200E+02    9.63825E-01    3.81431E-01
    6.54300E+02    9.71080E-01    3.78674E-01
    6.54400E+02    9.88046E-01    3.72303E-01
    6.54500E+02    1.02252E+00    3.59687E-01
    6.54600E+02    1.10720E+00    3.30484E-01
    6.54700E+02    1.59853E+00    2.02193E-01
    6.54800E+02    1.41129E+00    2.43827E-01
    6.54900E+02    1.45135E+00    2.34253E-01
    6.55000E+02    1.87369E+00    1.53556E-01
    6.55100E+02    1.77429E+00    1.69604E-01
    6.55200E+02    2.17118E+00    1.14043E-01
    6.55300E+02    1.95548E+00    1.41497E-01
    6.55400E+02    1.25325E+00    2.85576E-01
    6.55500E+02    1.22083E+00    2.94986E-01
    6.55600E+02    1.80675E+00    1.64186E-01
    6.55700E+02    1.25382E+00    2.85414E-01
    6.55800E+02    1.32236E+00    2.66506E-01
    6.55900E+02    1.68882E+00    1.84738E-01
    6.56000E+02    1.99683E+00    1.35765E-01
    6.56100E+02    1.36364E+00    2.55729E-01
    6.56200E+02    1.68000E+00    1.86373E-01
    6.56300E+02    1.54918E+00    2.12422E-01
    6.56400E+02    1.80625E+00    1.64270E-01
    6.56500E+02    1.39609E+00    2.47562E-01
    6.56600E+02    1.10230E+00    3.32107E-01
    6.56700E+02    1.02550E+00    3.58618E-01
    6.56800E+02    9.87416E-01    3.72538E-01
    6.56900E+02    9.66158E-01    3.80542E-01
    6.57000E+02    9.53901E-01    3.85235E-01
    6.57100E+02    9.46662E-01    3.88034E-01
    6.57200E+02    9.41455E-01    3.90060E-01
    6.57300E+02    9.40055E-01    3.90606E-01
    6.57400E+02    9.48320E-01    3.87391E-01
    6.57500E+02    1.03185E+00    3.56347E-01
    6.57600E+02    9.55743E-01    3.84526E-01
    6.57700E+02    9.42258E-01    3.89747E-01
    6.57800E+02    9.44801E-01    3.88757E-01
    6.57900E+02    9.68933E-01    3.79488E-01
    6.58000E+02    1.10977E+00    3.29635E-01
    6.58100E+02    1.04349E+00    3.52222E-01
    6.58200E+02    9.53857E-01    3.85252E-01
    6.58300E+02    9.31561E-01    3.93938E-01
    6.58400E+02    9.22048E-01    3.97704E-01
    6.58500E+02    9.17733E-01    3.99424E-01
    6.58600E+02    9.15851E-01    4.00176E-01
    6.58700E+02    9.18985E-01    3.98924E-01
    6.58800E+02    9.63006E-01    3.81743E-01
    6.58900E+02    9.19777E-01    3.98608E-01
    6.59000E+02    9.08728E-01    4.03036E-01
    6.59100E+02    9.13078E-01    4.01287E-01
    6.59200E+02    9.01857E-01    4.05815E-01
    6.59300E+02    8.98490E-01    4.07184E-01
    6.59400E+02    8.96648E-01    4.07935E-01
    6.59500E+02    8.95259E-01    4.08502E-01
    6.59600E+02    8.93617E-01    4.09173E-01
    6.59700E+02    8.92407E-01    4.09669E-01
    6.59800E+02    8.91387E-01    4.10087E-01
    6.59900E+02    8.90579E-01    4.10418E-01
    6.60000E+02    8.89659E-01    4.10796E-01
    6.60100E+02    8.89105E-01    4.11023E-01
    6.60200E+02    8.88424E-01    4.11304E-01
    6.60300E+02    8.87678E-01    4.11611E-01
    6.60400E+02    8.87151E-01    4.11827E-01
    6.60500E+02    8.86797E-01    4.11973E-01
    6.60600E+02    8.86610E-01    4.12050E-01
    6.60700E+02    8.86648E-01    4.12035E-01
    6.60800E+02    8.86998E-01    4.11890E-01
    6.60900E+02    8.87949E-01    4.11499E-01
    6.61000E+02    8.89768E-01    4.10751E-01
    6.61100E+02    8.92691E-01    4.09552E-01
    6.61200E+02    8.99196E-01    4.06897E-01
    6.61300E+02    9.16976E-01    3.99726E-01
    6.61400E+02    9.93479E-01    3.70286E-01
    6.61500E+02    1.03116E+00    3.56593E-01
    6.61600E+02    9.21468E-01    3.97934E-01
    6.61700E+02    8.98824E-01    4.07048E-01
    6.61800E+02    8.90338E-01    4.10517E-01
    6.61900E+02    8.86097E-01    4.12262E-01
    6.62000E+02    8.83611E-01    4.13288E-01
    6.62100E+02    8.81973E-01    4.13965E-01
    6.62200E+02    8.80834E-01    4.14437E-01
    6.62300E+02    8.79997E-01    4.14784E-01
    6.62400E+02    8.79484E-01    4.14997E-01
    6.62500E+02    8.78863E-01    4.15255E-01
    6.62600E+02    8.78569E-01    4.15377E-01
    6.62700E+02    8.78843E-01    4.15263E-01
    6.62800E+02    8.83734E-01    4.13237E-01
    6.62900E+02    8.79015E-01    4.15192E-01
    6.63000E+02    8.77543E-01    4.15803E-01
    6.63100E+02    8.77035E-01    4.16014E-01
    6.63200E+02    8.76686E-01    4.16160E-01
    6.63300E+02    8.76421E-01    4.16270E-01
    6.63400E+02    8.76268E-01    4.16334E-01
    6.63500E+02    8.76165E-01    4.16376E-01
    6.63600E+02    8.76274E-01    4.16331E-01
    6.63700E+02    8.76324E-01    4.16310E-01
    6.63800E+02    8.76182E-01    4.16370E-01
    6.63900E+02    8.76222E-01    4.16353E-01
    6.64000E+02    8.76411E-01    4.16274E-01
    6.64100E+02    8.76364E-01    4.16294E-01
    6.64200E+02    8.76661E-01    4.16170E-01
    6.64300E+02    8.77332E-01    4.15891E-01
    6.64400E+02    8.79387E-01    4.15037E-01
    6.64500E+02    8.91468E-01    4.10053E-01
    6.64600E+02    8.79522E-01    4.14981E-01
    6.64700E+02    8.78956E-01    4.15216E-01
    6.64800E+02    8.79468E-01    4.15004E-01
    6.64900E+02    8.80662E-01    4.14508E-01
    6.65000E+02    8.83438E-01    4.13359E-01
    6.65100E+02    8.86522E-01    4.12086E-01
    6.65200E+02    8.91975E-01    4.09846E-01
    6.65300E+02    8.94220E-01    4.08926E-01
    6.65400E+02    9.06824E-01    4.03805E-01
    6.65500E+02    9.32097E-01    3.93727E-01
    6.65600E+02    1.02260E+00    3.59660E-01
    6.65700E+02    1.26508E+00    2.82218E-01
    6.65800E+02    9.74707E-01    3.77303E-01
    6.65900E+02    9.29734E-01    3.94659E-01
    6.66000E+02    9.05182E-01    4.04468E-01
    6.66100E+02    9.00725E-01    4.06275E-01
    6.66200E+02    9.01973E-01    4.05768E-01
    6.66300E+02    9.04764E-01    4.04637E-01
    6.66400E+02    9.03223E-01    4.05261E-01
    6.66500E+02    9.24415E-01    3.96763E-01
    6.66600E+02    1.04258E+00    3.52546E-01
    6.66700E+02    9.67291E-01    3.80111E-01
    6.66800E+02    9.20309E-01    3.98396E-01
    6.66900E+02    8.95647E-01    4.08343E-01
    6.67000E+02    8.89841E-01    4.10721E-01
    6.67100E+02    8.87689E-01    4.11606E-01
    6.67200E+02    8.83598E-01    4.13293E-01
    6.67300E+02    8.85812E-01    4.12379E-01
    6.67400E+02    8.88302E-01    4.11354E-01
    6.67500E+02    8.88396E-01    4.11315E-01
    6.67600E+02    8.81867E-01    4.14009E-01
    6.67700E+02    8.92291E-01    4.09716E-01
    6.67800E+02    8.83303E-01    4.13415E-01
    6.67900E+02    8.88689E-01    4.11195E-01
    6.68000E+02    8.80491E-01    4.14579E-01
    6.68100E+02    8.78280E-01    4.15497E-01
    6.68200E+02    8.77780E-01    4.15705E-01
    6.68300E+02    8.77688E-01    4.15743E-01
    6.68400E+02    8.77815E-01    4.15690E-01
    6.68500E+02    8.78073E-01    4.15583E-01
    6.68600E+02    8.78381E-01    4.15455E-01
    6.68700E+02    8.78857E-01    4.15257E-01
    6.68800E+02    8.79477E-01    4.15000E-01
    6.68900E+02    8.80300E-01    4.14659E-01
    6.69000E+02    8.81376E-01    4.14213E-01
    6.69100E+02    8.82817E-01    4.13616E-01
    6.69200E+02    8.84831E-01    4.12784E-01
    6.69300E+02    8.87782E-01    4.11568E-01
    6.69400E+02    8.92477E-01    4.09640E-01
    6.69500E+02    9.01027E-01    4.06152E-01
    6.69600E+02    9.20739E-01    3.98225E-01
    6.69700E+02    9.54420E-01    3.85035E-01
    6.69800E+02    1.11790E+00    3.26964E-01
    6.69900E+02    1.18509E+00    3.05720E-01
    6.70000E+02    9.64877E-01    3.81030E-01
    6.70100E+02    9.22075E-01    3.97693E-01
    6.70200E+02    9.05191E-01    4.04465E-01
    6.70300E+02    8.96731E-01    4.07901E-01
    6.70400E+02    8.91846E-01    4.09898E-01
    6.70500E+02    8.89516E-01    4.10855E-01
    6.70600E+02    8.88194E-01    4.11398E-01
    6.70700E+02    8.87697E-01    4.11603E-01
    6.70800E+02    8.87809E-01    4.11556E-01
    6.70900E+02    8.88804E-01    4.11147E-01
    6.71000E+02    8.89783E-01    4.10745E-01
    6.71100E+02    8.91988E-01    4.09840E-01
    6.71200E+02    8.95691E-01    4.08325E-01
    6.71300E+02    9.02155E-01    4.05694E-01
    6.71400E+02    9.14751E-01    4.00616E-01
    6.71500E+02    9.44682E-01    3.88803E-01
    6.71600E+02    1.05330E+00    3.48786E-01
    6.71700E+02    1.21312E+00    2.97270E-01
    6.71800E+02    1.08899E+00    3.36556E-01
    6.71900E+02    9.44453E-01    3.88892E-01
    6.72000E+02    9.15368E-01    4.00369E-01
    6.72100E+02    9.02748E-01    4.05454E-01
    6.72200E+02    8.97095E-01    4.07753E-01
    6.72300E+02    8.94271E-01    4.08906E-01
    6.72400E+02    8.93100E-01    4.09385E-01
    6.72500E+02    8.93584E-01    4.09187E-01
    6.72600E+02    8.96525E-01    4.07985E-01
    6.72700E+02    9.08752E-01    4.03027E-01
    6.72800E+02    1.01864E+00    3.61087E-01
    6.72900E+02    9.06004E-01    4.04136E-01
    6.73000E+02    8.95586E-01    4.08368E-01
    6.73100E+02    8.98900E-01    4.07017E-01
    6.73200E+02    8.91496E-01    4.10042E-01
    6.73300E+02    8.90714E-01    4.10362E-01
    6.73400E+02    8.91123E-01    4.10195E-01
    6.73500E+02    8.92441E-01    4.09655E-01
    6.73600E+02    8.95263E-01    4.08500E-01
    6.73700E+02    9.01701E-01    4.05879E-01
    6.73800E+02    9.21330E-01    3.97989E-01
    6.73900E+02    1.07510E+00    3.41264E-01
    6.74000E+02    9.35471E-01    3.92401E-01
    6.74100E+02    9.05597E-01    4.04300E-01
    6.74200E+02    8.97335E-01    4.07655E-01
    6.74300E+02    8.94008E-01    4.09013E-01
    6.74400E+02    8.92423E-01    4.09662E-01
    6.74500E+02    8.91676E-01    4.09968E-01
    6.74600E+02    8.91264E-01    4.10137E-01
    6.74700E+02    8.91061E-01    4.10220E-01
    6.74800E+02    8.91076E-01    4.10214E-01
    6.74900E+02    8.91361E-01    4.10097E-01
    6.75000E+02    8.91523E-01    4.10031E-01
    6.75100E+02    8.93069E-01    4.09397E-01
    6.75200E+02    8.92155E-01    4.09772E-01
    6.75300E+02    8.92425E-01    4.09661E-01
    6.75400E+02    8.92915E-01    4.09460E-01
    6.75500E+02    8.93601E-01    4.09180E-01
    6.75600E+02    8.94531E-01    4.08799E-01
    6.75700E+02    8.95946E-01    4.08221E-01
    6.75800E+02    8.98270E-01    4.07274E-01
    6.75900E+02    9.03682E-01    4.05075E-01
    6.76000E+02    9.24521E-01    3.96721E-01
    6.76100E+02    9.40309E-01    3.90507E-01
    6.76200E+02    9.07248E-01    4.03634E-01
    6.76300E+02    9.01015E-01    4.06157E-01
    6.76400E+02    8.99019E-01    4.06969E-01
    6.76500E+02    8.98373E-01    4.07232E-01
    6.76600E+02    8.98393E-01    4.07223E-01
    6.76700E+02    8.98936E-01    4.07003E-01
    6.76800E+02    9.00416E-01    4.06401E-01
    6.76900E+02    9.13861E-01    4.00973E-01
    6.77000E+02    9.04858E-01    4.04599E-01
    6.77100E+02    9.19069E-01    3.98890E-01
    6.77200E+02    9.14386E-01    4.00763E-01
    6.77300E+02    9.03831E-01    4.05015E-01
    6.77400E+02    9.01842E-01    4.05821E-01
    6.77500E+02    9.01316E-01    4.06035E-01
    6.77600E+02    9.01271E-01    4.06053E-01
    6.77700E+02    9.01460E-01    4.05977E-01
    6.77800E+02    9.01789E-01    4.05843E-01
    6.77900E+02    9.02265E-01    4.05650E-01
    6.78000E+02    9.02522E-01    4.05546E-01
    6.78100E+02    9.02969E-01    4.05364E-01
    6.78200E+02    9.03527E-01    4.05138E-01
    6.78300E+02    9.04404E-01    4.04783E-01
    6.78400E+02    9.09634E-01    4.02672E-01
    6.78500E+02    9.05587E-01    4.04304E-01
    6.78600E+02    9.05518E-01    4.04332E-01
    6.78700E+02    9.05966E-01    4.04151E-01
    6.78800E+02    9.06541E-01    4.03919E-01
    6.78900E+02    9.07319E-01    4.03605E-01
    6.79000E+02    9.09423E-01    4.02757E-01
    6.79100E+02    9.11648E-01    4.01861E-01
    6.79200E+02    9.09031E-01    4.02914E-01
    6.79300E+02    9.09091E-01    4.02890E-01
    6.79400E+02    9.09482E-01    4.02733E-01
    6.79500E+02    9.09974E-01    4.02535E-01
    6.79600E+02    9.10535E-01    4.02309E-01
    6.79700E+02    9.11265E-01    4.02015E-01
    6.79800E+02    9.12773E-01    4.01410E-01
    6.79900E+02    9.12220E-01    4.01632E-01
    6.80000E+02    9.12689E-01    4.01443E-01
    6.80100E+02    9.13244E-01    4.01221E-01
    6.80200E+02    9.13833E-01    4.00984E-01
    6.80300E+02    9.14551E-01    4.00697E-01
    6.80400E+02    9.15099E-01    4.00477E-01
    6.80500E+02    9.15637E-01    4.00262E-01
    6.80600E+02    9.16235E-01    4.00022E-01
    6.80700E+02    9.16851E-01    3.99776E-01
    6.80800E+02    9.17479E-01    3.99525E-01
    6.80900E+02    9.18115E-01    3.99271E-01
    6.81000E+02    9.18756E-01    3.99015E-01
    6.81100E+02    9.19415E-01    3.98752E-01
    6.81200E+02    9.20079E-01    3.98487E-01
    6.81300E+02    9.20752E-01    3.98219E-01
    6.81400E+02    9.21460E-01    3.97938E-01
    6.81500E+02    9.22192E-01    3.97646E-01
    6.81600E+02    9.23082E-01    3.97293E-01
    6.81700E+02    9.23631E-01    3.97075E-01
    6.81800E+02    9.24333E-01    3.96796E-01
    6.81900E+02    9.25393E-01    3.96375E-01
    6.82000E+02    9.26201E-01    3.96056E-01
    6.82100E+02    9.26742E-01    3.95841E-01
    6.82200E+02    9.27851E-01    3.95403E-01
    6.82300E+02    9.28744E-01    3.95049E-01
    6.82400E+02    9.29008E-01    3.94945E-01
    6.82500E+02    9.29749E-01    3.94653E-01
    6.82600E+02    9.30592E-01    3.94320E-01
    6.82700E+02    9.31510E-01    3.93958E-01
    6.82800E+02    9.32486E-01    3.93574E-01
    6.82900E+02    9.33565E-01    3.93150E-01
    6.83000E+02    9.34703E-01    3.92703E-01
    6.83100E+02    9.36178E-01    3.92124E-01
    6.83200E+02    9.38177E-01    3.91341E-01
    6.83300E+02    9.40826E-01    3.90305E-01
    6.83400E+02    9.45645E-01    3.88429E-01
    6.83500E+02    9.57519E-01    3.83844E-01
    6.83600E+02    1.01666E+00    3.61803E-01
    6.83700E+02    9.92320E-01    3.70716E-01
    6.83800E+02    9.58267E-01    3.83557E-01
    6.83900E+02    9.50894E-01    3.86396E-01
    6.84000E+02    9.50123E-01    3.86694E-01
    6.84100E+02    9.54040E-01    3.85182E-01
    6.84200E+02    9.77746E-01    3.76158E-01
    6.84300E+02    9.71684E-01    3.78445E-01
    6.84400E+02    9.53523E-01    3.85381E-01
    6.84500E+02    9.49758E-01    3.86834E-01
    6.84600E+02    9.48688E-01    3.87249E-01
    6.84700E+02    9.48536E-01    3.87308E-01
    6.84800E+02    9.48795E-01    3.87207E-01
    6.84900E+02    9.49246E-01    3.87033E-01
    6.85000E+02    9.49838E-01    3.86804E-01
    6.85100E+02    9.50501E-01    3.86547E-01
    6.85200E+02    9.51226E-01    3.86267E-01
    6.85300E+02    9.52012E-01    3.85964E-01
    6.85400E+02    9.52848E-01    3.85641E-01
    6.85500E+02    9.53798E-01    3.85275E-01
    6.85600E+02    9.55905E-01    3.84464E-01
    6.85700E+02    9.55719E-01    3.84535E-01
    6.85800E+02    9.56754E-01    3.84138E-01
    6.85900E+02    9.60224E-01    3.82807E-01
    6.86000E+02    9.58366E-01    3.83519E-01
    6.86100E+02    9.59083E-01    3.83244E-01
    6.86200E+02    9.59963E-01    3.82907E-01
    6.86300E+02    9.60840E-01    3.82572E-01
    6.86400E+02    9.61772E-01    3.82215E-01
    6.86500E+02    9.62799E-01    3.81822E-01
    6.86600E+02    9.64178E-01    3.81297E-01
    6.86700E+02    9.65099E-01    3.80946E-01
    6.86800E+02    9.65725E-01    3.80707E-01
    6.86900E+02    9.66669E-01    3.80348E-01
    6.87000E+02    9.67655E-01    3.79973E-01
    6.87100E+02    9.68681E-01    3.79583E-01
    6.87200E+02    9.69722E-01    3.79188E-01
    6.87300E+02    9.70814E-01    3.78775E-01
    6.87400E+02    9.71900E-01    3.78364E-01
    6.87500E+02    9.72915E-01    3.77979E-01
    6.87600E+02    9.74010E-01    3.77566E-01
    6.87700E+02    9.75313E-01    3.77074E-01
    6.87800E+02    9.76204E-01    3.76738E-01
    6.87900E+02    9.77324E-01    3.76317E-01
    6.88000E+02    9.78454E-01    3.75892E-01
    6.88100E+02    9.79611E-01    3.75457E-01
    6.88200E+02    9.80779E-01    3.75019E-01
    6.88300E+02    9.81971E-01    3.74572E-01
    6.88400E+02    9.83173E-01    3.74122E-01
    6.88500E+02    9.84394E-01    3.73666E-01
    6.88600E+02    9.85644E-01    3.73199E-01
    6.88700E+02    9.86900E-01    3.72730E-01
    6.88800E+02    9.88198E-01    3.72247E-01
    6.88900E+02    9.89561E-01    3.71740E-01
    6.89000E+02    9.90885E-01    3.71248E-01
    6.89100E+02    9.92239E-01    3.70746E-01
    6.89200E+02    9.93651E-01    3.70223E-01
    6.89300E+02    9.95265E-01    3.69625E-01
    6.89400E+02    9.96540E-01    3.69155E-01
    6.89500E+02    9.98025E-01    3.68607E-01
    6.89600E+02    9.99606E-01    3.68024E-01
    6.89700E+02    1.00146E+00    3.67342E-01
    6.89800E+02    1.00306E+00    3.66756E-01
    6.89900E+02    1.00447E+00    3.66239E-01
    6.90000E+02    1.00615E+00    3.65624E-01
    6.90100E+02    1.00792E+00    3.64979E-01
    6.90200E+02    1.00979E+00    3.64297E-01
    6.90300E+02    1.01176E+00    3.63580E-01
    6.90400E+02    1.01390E+00    3.62800E-01
    6.90500E+02    1.01606E+00    3.62017E-01
    6.90600E+02    1.01848E+00    3.61143E-01
    6.90700E+02    1.02170E+00    3.59981E-01
    6.90800E+02    1.02538E+00    3.58660E-01
    6.90900E+02    1.02644E+00    3.58280E-01
    6.91000E+02    1.02937E+00    3.57232E-01
    6.91100E+02    1.03353E+00    3.55750E-01
    6.91200E+02    1.03816E+00    3.54105E-01
    6.91300E+02    1.04998E+00    3.49946E-01
    6.91400E+02    1.05948E+00    3.46636E-01
    6.91500E+02    1.05489E+00    3.48232E-01
    6.91600E+02    1.05754E+00    3.47310E-01
    6.91700E+02    1.06614E+00    3.44335E-01
    6.91800E+02    1.06203E+00    3.45754E-01
    6.91900E+02    1.06795E+00    3.43713E-01
    6.92000E+02    1.08274E+00    3.38667E-01
    6.92100E+02    1.08727E+00    3.37137E-01
    6.92200E+02    1.11476E+00    3.27995E-01
    6.92300E+02    1.22116E+00    2.94888E-01
    6.92400E+02    1.36877E+00    2.54419E-01
    6.92500E+02    1.13801E+00    3.20456E-01
    6.92600E+02    1.09693E+00    3.33894E-01
    6.92700E+02    1.08254E+00    3.38735E-01
    6.92800E+02    1.07687E+00    3.40661E-01
    6.92900E+02    1.07520E+00    3.41231E-01
    6.93000E+02    1.07659E+00    3.40755E-01
    6.93100E+02    1.08164E+00    3.39040E-01
    6.93200E+02    1.09320E+00    3.35143E-01
    6.93300E+02    1.12235E+00    3.25513E-01
    6.93400E+02    1.22946E+00    2.92449E-01
    6.93500E+02    1.43556E+00    2.37982E-01
    6.93600E+02    1.15390E+00    3.15403E-01
    6.93700E+02    1.10463E+00    3.31333E-01
    6.93800E+02    1.08746E+00    3.37070E-01
    6.93900E+02    1.08006E+00    3.39574E-01
    6.94000E+02    1.07672E+00    3.40713E-01
    6.94100E+02    1.07554E+00    3.41115E-01
    6.94200E+02    1.07582E+00    3.41016E-01
    6.94300E+02    1.07750E+00    3.40444E-01
    6.94400E+02    1.08117E+00    3.39199E-01
    6.94500E+02    1.08856E+00    3.36702E-01
    6.94600E+02    1.10693E+00    3.30574E-01
    6.94700E+02    1.18174E+00    3.06743E-01
    6.94800E+02    1.23441E+00    2.91007E-01
    6.94900E+02    1.11750E+00    3.27097E-01
    6.95000E+02    1.09605E+00    3.34189E-01
    6.95100E+02    1.09003E+00    3.36208E-01
    6.95200E+02    1.08659E+00    3.37366E-01
    6.95300E+02    1.08627E+00    3.37473E-01
    6.95400E+02    1.08606E+00    3.37545E-01
    6.95500E+02    1.08671E+00    3.37325E-01
    6.95600E+02    1.08809E+00    3.36860E-01
    6.95700E+02    1.09017E+00    3.36159E-01
    6.95800E+02    1.09365E+00    3.34992E-01
    6.95900E+02    1.10020E+00    3.32805E-01
    6.96000E+02    1.11672E+00    3.27352E-01
    6.96100E+02    1.22587E+00    2.93503E-01
    6.96200E+02    1.11420E+00    3.28176E-01
    6.96300E+02    1.10355E+00    3.31692E-01
    6.96400E+02    1.10125E+00    3.32454E-01
    6.96500E+02    1.10114E+00    3.32493E-01
    6.96600E+02    1.10186E+00    3.32251E-01
    6.96700E+02    1.10308E+00    3.31847E-01
    6.96800E+02    1.10460E+00    3.31344E-01
    6.96900E+02    1.10655E+00    3.30697E-01
    6.97000E+02    1.10916E+00    3.29837E-01
    6.97100E+02    1.11920E+00    3.26540E-01
    6.97200E+02    1.11250E+00    3.28735E-01
    6.97300E+02    1.11369E+00    3.28345E-01
    6.97400E+02    1.11660E+00    3.27392E-01
    6.97500E+02    1.12839E+00    3.23554E-01
    6.97600E+02    1.11999E+00    3.26284E-01
    6.97700E+02    1.12153E+00    3.25782E-01
    6.97800E+02    1.12235E+00    3.25515E-01
    6.97900E+02    1.12401E+00    3.24975E-01
    6.98000E+02    1.12596E+00    3.24341E-01
    6.98100E+02    1.12813E+00    3.23637E-01
    6.98200E+02    1.13002E+00    3.23025E-01
    6.98300E+02    1.13225E+00    3.22307E-01
    6.98400E+02    1.13455E+00    3.21565E-01
    6.98500E+02    1.13706E+00    3.20760E-01
    6.98600E+02    1.14010E+00    3.19787E-01
    6.98700E+02    1.14442E+00    3.18409E-01
    6.98800E+02    1.14928E+00    3.16866E-01
    6.98900E+02    1.16425E+00    3.12157E-01
    6.99000E+02    1.20975E+00    2.98272E-01
    6.99100E+02    1.16112E+00    3.13134E-01
    6.99200E+02    1.15627E+00    3.14659E-01
    6.99300E+02    1.15645E+00    3.14601E-01
    6.99400E+02    1.15757E+00    3.14248E-01
    6.99500E+02    1.15944E+00    3.13661E-01
    6.99600E+02    1.16170E+00    3.12952E-01
    6.99700E+02    1.16413E+00    3.12194E-01
    6.99800E+02    1.16682E+00    3.11355E-01
    6.99900E+02    1.16975E+00    3.10444E-01
    7.00000E+02    1.17301E+00    3.09435E-01
    7.00100E+02    1.17663E+00    3.08315E-01
    7.00200E+02    1.18080E+00    3.07034E-01
    7.00300E+02    1.18606E+00    3.05421E-01
    7.00400E+02    1.19324E+00    3.03238E-01
    7.00500E+02    1.20320E+00    3.00232E-01
    7.00600E+02    1.22205E+00    2.94626E-01
    7.00700E+02    1.26975E+00    2.80903E-01
    7.00800E+02    1.44268E+00    2.36293E-01
    7.00900E+02    1.47306E+00    2.29224E-01
    7.01000E+02    1.27722E+00    2.78811E-01
    7.01100E+02    1.24001E+00    2.89380E-01
    7.01200E+02    1.23259E+00    2.91536E-01
    7.01300E+02    1.24927E+00    2.86714E-01
    7.01400E+02    1.27618E+00    2.79102E-01
    7.01500E+02    1.33300E+00    2.63685E-01
    7.01600E+02    1.23851E+00    2.89817E-01
    7.01700E+02    1.22456E+00    2.93888E-01
    7.01800E+02    1.22128E+00    2.94853E-01
    7.01900E+02    1.22091E+00    2.94962E-01
    7.02000E+02    1.22180E+00    2.94700E-01
    7.02100E+02    1.22372E+00    2.94134E-01
    7.02200E+02    1.22531E+00    2.93665E-01
    7.02300E+02    1.22744E+00    2.93041E-01
    7.02400E+02    1.22927E+00    2.92505E-01
    7.02500E+02    1.23162E+00    2.91819E-01
    7.02600E+02    1.23444E+00    2.90999E-01
    7.02700E+02    1.23965E+00    2.89485E-01
    7.02800E+02    1.23953E+00    2.89521E-01
    7.02900E+02    1.24208E+00    2.88783E-01
    7.03000E+02    1.24431E+00    2.88141E-01
    7.03100E+02    1.24672E+00    2.87445E-01
    7.03200E+02    1.24931E+00    2.86703E-01
    7.03300E+02    1.25205E+00    2.85919E-01
    7.03400E+02    1.25475E+00    2.85148E-01
    7.03500E+02    1.25746E+00    2.84375E-01
    7.03600E+02    1.26035E+00    2.83555E-01
    7.03700E+02    1.26331E+00    2.82717E-01
    7.03800E+02    1.26623E+00    2.81891E-01
    7.03900E+02    1.26916E+00    2.81067E-01
    7.04000E+02    1.27212E+00    2.80237E-01
    7.04100E+02    1.27522E+00    2.79369E-01
    7.04200E+02    1.27819E+00    2.78541E-01
    7.04300E+02    1.28140E+00    2.77649E-01
    7.04400E+02    1.28436E+00    2.76828E-01
    7.04500E+02    1.28745E+00    2.75974E-01
    7.04600E+02    1.29065E+00    2.75093E-01
    7.04700E+02    1.29386E+00    2.74211E-01
    7.04800E+02    1.29707E+00    2.73331E-01
    7.04900E+02    1.30030E+00    2.72450E-01
    7.05000E+02    1.30361E+00    2.71549E-01
    7.05100E+02    1.30702E+00    2.70626E-01
    7.05200E+02    1.31032E+00    2.69734E-01
    7.05300E+02    1.31373E+00    2.68816E-01
    7.05400E+02    1.31719E+00    2.67887E-01
    7.05500E+02    1.32084E+00    2.66911E-01
    7.05600E+02    1.32427E+00    2.65997E-01
    7.05700E+02    1.32783E+00    2.65050E-01
    7.05800E+02    1.33146E+00    2.64092E-01
    7.05900E+02    1.33516E+00    2.63117E-01
    7.06000E+02    1.33940E+00    2.62004E-01
    7.06100E+02    1.34229E+00    2.61247E-01
    7.06200E+02    1.34602E+00    2.60275E-01
    7.06300E+02    1.34981E+00    2.59289E-01
    7.06400E+02    1.35335E+00    2.58373E-01
    7.06500E+02    1.35715E+00    2.57394E-01
    7.06600E+02    1.36125E+00    2.56341E-01
    7.06700E+02    1.36509E+00    2.55358E-01
    7.06800E+02    1.36913E+00    2.54327E-01
    7.06900E+02    1.37308E+00    2.53326E-01
    7.07000E+02    1.37701E+00    2.52332E-01
    7.07100E+02    1.38166E+00    2.51162E-01
    7.07200E+02    1.38540E+00    2.50225E-01
    7.07300E+02    1.39001E+00    2.49073E-01
    7.07400E+02    1.39363E+00    2.48172E-01
    7.07500E+02    1.39816E+00    2.47050E-01
    7.07600E+02    1.40253E+00    2.45974E-01
    7.07700E+02    1.40727E+00    2.44810E-01
    7.07800E+02    1.41254E+00    2.43524E-01
    7.07900E+02    1.41873E+00    2.42021E-01
    7.08000E+02    1.42832E+00    2.39712E-01
    7.08100E+02    1.45889E+00    2.32495E-01
    7.08200E+02    1.45682E+00    2.32975E-01
    7.08300E+02    1.44148E+00    2.36578E-01
    7.08400E+02    1.44249E+00    2.36338E-01
    7.08500E+02    1.44481E+00    2.35791E-01
    7.08600E+02    1.44943E+00    2.34704E-01
    7.08700E+02    1.45357E+00    2.33734E-01
    7.08800E+02    1.45796E+00    2.32709E-01
    7.08900E+02    1.46289E+00    2.31566E-01
    7.09000E+02    1.46804E+00    2.30376E-01
    7.09100E+02    1.47342E+00    2.29141E-01
    7.09200E+02    1.47916E+00    2.27828E-01
    7.09300E+02    1.48545E+00    2.26401E-01
    7.09400E+02    1.49300E+00    2.24699E-01
    7.09500E+02    1.50425E+00    2.22184E-01
    7.09600E+02    1.53948E+00    2.14493E-01
    7.09700E+02    1.53198E+00    2.16107E-01
    7.09800E+02    1.51943E+00    2.18836E-01
    7.09900E+02    1.52088E+00    2.18521E-01
    7.10000E+02    1.52513E+00    2.17592E-01
    7.10100E+02    1.53045E+00    2.16438E-01
    7.10200E+02    1.53626E+00    2.15183E-01
    7.10300E+02    1.54239E+00    2.13870E-01
    7.10400E+02    1.54883E+00    2.12496E-01
    7.10500E+02    1.55555E+00    2.11074E-01
    7.10600E+02    1.56240E+00    2.09633E-01
    7.10700E+02    1.56960E+00    2.08128E-01
    7.10800E+02    1.57706E+00    2.06581E-01
    7.10900E+02    1.58482E+00    2.04984E-01
    7.11000E+02    1.59409E+00    2.03093E-01
    7.11100E+02    1.60157E+00    2.01581E-01
    7.11200E+02    1.61109E+00    1.99670E-01
    7.11300E+02    1.62278E+00    1.97350E-01
    7.11400E+02    1.64276E+00    1.93445E-01
    7.11500E+02    1.75600E+00    1.72735E-01
    7.11600E+02    1.65936E+00    1.90261E-01
    7.11700E+02    1.65965E+00    1.90205E-01
    7.11800E+02    1.66733E+00    1.88750E-01
    7.11900E+02    1.67641E+00    1.87044E-01
    7.12000E+02    1.68698E+00    1.85077E-01
    7.12100E+02    1.69841E+00    1.82975E-01
    7.12200E+02    1.71066E+00    1.80746E-01
    7.12300E+02    1.72375E+00    1.78396E-01
    7.12400E+02    1.73766E+00    1.75931E-01
    7.12500E+02    1.75253E+00    1.73334E-01
    7.12600E+02    1.76834E+00    1.70616E-01
    7.12700E+02    1.78535E+00    1.67738E-01
    7.12800E+02    1.80380E+00    1.64672E-01
    7.12900E+02    1.82404E+00    1.61372E-01
    7.13000E+02    1.84490E+00    1.58042E-01
    7.13100E+02    1.86831E+00    1.54385E-01
    7.13200E+02    1.89417E+00    1.50444E-01
    7.13300E+02    1.92252E+00    1.46237E-01
    7.13400E+02    1.95401E+00    1.41705E-01
    7.13500E+02    1.98782E+00    1.36993E-01
    7.13600E+02    2.02651E+00    1.31795E-01
    7.13700E+02    2.07022E+00    1.26158E-01
    7.13800E+02    2.11982E+00    1.20053E-01
    7.13900E+02    2.17655E+00    1.13433E-01
    7.14000E+02    2.24184E+00    1.06263E-01
    7.14100E+02    2.31777E+00    9.84934E-02
    7.14200E+02    2.40695E+00    9.00899E-02
    7.14300E+02    2.51446E+00    8.09068E-02
    7.14400E+02    2.63900E+00    7.14327E-02
    7.14500E+02    2.78819E+00    6.15325E-02
    7.14600E+02    2.97245E+00    5.11776E-02
    7.14700E+02    3.20155E+00    4.06991E-02
    7.14800E+02    3.49053E+00    3.04846E-02
    7.14900E+02    3.86351E+00    2.09941E-02
    7.15000E+02    4.35972E+00    1.27820E-02
    7.15100E+02    5.05088E+00    6.40368E-03
    7.15200E+02    6.09163E+00    2.26172E-03
    7.15300E+02    7.95455E+00    3.51060E-04
    7.15400E+02    1.37682E+01    1.04849E-06
    7.15500E+02    7.63175E+00    4.84810E-04
    7.15600E+02    5.95422E+00    2.59486E-03
    7.15700E+02    4.98996E+00    6.80593E-03
    7.15800E+02    4.34544E+00    1.29658E-02
    7.15900E+02    3.88266E+00    2.05959E-02
    7.16000E+02    3.53635E+00    2.91194E-02
    7.16100E+02    3.27008E+00    3.80032E-02
    7.16200E+02    3.06145E+00    4.68196E-02
    7.16300E+02    2.89540E+00    5.52771E-02
    7.16400E+02    2.76196E+00    6.31681E-02
    7.16500E+02    2.65394E+00    7.03732E-02
    7.16600E+02    2.56602E+00    7.68409E-02
    7.16700E+02    2.49600E+00    8.24144E-02
    7.16800E+02    2.45433E+00    8.59212E-02
    7.16900E+02    2.39126E+00    9.15147E-02
    7.17000E+02    2.34177E+00    9.61569E-02
    7.17100E+02    2.30504E+00    9.97548E-02
    7.17200E+02    2.27547E+00    1.02749E-01
    7.17300E+02    2.25112E+00    1.05282E-01
    7.17400E+02    2.23126E+00    1.07393E-01
    7.17500E+02    2.21526E+00    1.09125E-01
    7.17600E+02    2.20273E+00    1.10501E-01
    7.17700E+02    2.19342E+00    1.11534E-01
    7.17800E+02    2.18760E+00    1.12185E-01
    7.17900E+02    2.18616E+00    1.12347E-01
    7.18000E+02    2.19137E+00    1.11764E-01
    7.18100E+02    2.21172E+00    1.09513E-01
    7.18200E+02    2.29001E+00    1.01266E-01
    7.18300E+02    2.98834E+00    5.03709E-02
    7.18400E+02    2.28838E+00    1.01431E-01
    7.18500E+02    2.20661E+00    1.10073E-01
    7.18600E+02    2.18349E+00    1.12648E-01
    7.18700E+02    2.17494E+00    1.13614E-01
    7.18800E+02    2.17223E+00    1.13924E-01
    7.18900E+02    2.17320E+00    1.13813E-01
    7.19000E+02    2.17491E+00    1.13619E-01
    7.19100E+02    2.17867E+00    1.13192E-01
    7.19200E+02    2.18399E+00    1.12592E-01
    7.19300E+02    2.19103E+00    1.11801E-01
    7.19400E+02    2.20063E+00    1.10734E-01
    7.19500E+02    2.21515E+00    1.09137E-01
    7.19600E+02    2.24201E+00    1.06245E-01
    7.19700E+02    2.31844E+00    9.84272E-02
    7.19800E+02    2.79112E+00    6.13525E-02
    7.19900E+02    2.31282E+00    9.89813E-02
    7.20000E+02    2.26397E+00    1.03937E-01
    7.20100E+02    2.25322E+00    1.05060E-01
    7.20200E+02    2.25276E+00    1.05109E-01
    7.20300E+02    2.25645E+00    1.04721E-01
    7.20400E+02    2.26223E+00    1.04118E-01
    7.20500E+02    2.26993E+00    1.03319E-01
    7.20600E+02    2.27694E+00    1.02598E-01
    7.20700E+02    2.28496E+00    1.01779E-01
    7.20800E+02    2.29345E+00    1.00918E-01
    7.20900E+02    2.30199E+00    1.00059E-01
    7.21000E+02    2.31122E+00    9.91399E-02
    7.21100E+02    2.32085E+00    9.81896E-02
    7.21200E+02    2.33081E+00    9.72171E-02
    7.21300E+02    2.34052E+00    9.62776E-02
    7.21400E+02    2.35072E+00    9.53006E-02
    7.21500E+02    2.36130E+00    9.42980E-02
    7.21600E+02    2.37233E+00    9.32630E-02
    7.21700E+02    2.38387E+00    9.21932E-02
    7.21800E+02    2.39432E+00    9.12345E-02
    7.21900E+02    2.40541E+00    9.02288E-02
    7.22000E+02    2.41696E+00    8.91922E-02
    7.22100E+02    2.42893E+00    8.81313E-02
    7.22200E+02    2.44091E+00    8.70819E-02
    7.22300E+02    2.45331E+00    8.60086E-02
    7.22400E+02    2.46609E+00    8.49165E-02
    7.22500E+02    2.47931E+00    8.38011E-02
    7.22600E+02    2.49306E+00    8.26565E-02
    7.22700E+02    2.50745E+00    8.14759E-02
    7.22800E+02    2.52320E+00    8.02027E-02
    7.22900E+02    2.54127E+00    7.87664E-02
    7.23000E+02    2.57340E+00    7.62758E-02
    7.23100E+02    2.58798E+00    7.51719E-02
    7.23200E+02    2.63028E+00    7.20585E-02
    7.23300E+02    2.75208E+00    6.37952E-02
    7.23400E+02    3.03287E+00    4.81773E-02
    7.23500E+02    2.70966E+00    6.65597E-02
    7.23600E+02    2.66712E+00    6.94522E-02
    7.23700E+02    2.66125E+00    6.98605E-02
    7.23800E+02    2.66614E+00    6.95199E-02
    7.23900E+02    2.67564E+00    6.88626E-02
    7.24000E+02    2.68713E+00    6.80761E-02
    7.24100E+02    2.69995E+00    6.72088E-02
    7.24200E+02    2.71371E+00    6.62904E-02
    7.24300E+02    2.72807E+00    6.53454E-02
    7.24400E+02    2.74347E+00    6.43464E-02
    7.24500E+02    2.75813E+00    6.34101E-02
    7.24600E+02    2.77354E+00    6.24407E-02
    7.24700E+02    2.78900E+00    6.14825E-02
    7.24800E+02    2.80508E+00    6.05020E-02
    7.24900E+02    2.82126E+00    5.95310E-02
    7.25000E+02    2.83778E+00    5.85555E-02
    7.25100E+02    2.85453E+00    5.75827E-02
    7.25200E+02    2.87157E+00    5.66098E-02
    7.25300E+02    2.88881E+00    5.56425E-02
    7.25400E+02    2.90648E+00    5.46681E-02
    7.25500E+02    2.92569E+00    5.36277E-02
    7.25600E+02    2.94215E+00    5.27520E-02
    7.25700E+02    2.96024E+00    5.18064E-02
    7.25800E+02    2.97870E+00    5.08589E-02
    7.25900E+02    2.99747E+00    4.99133E-02
    7.26000E+02    3.01654E+00    4.89702E-02
    7.26100E+02    3.03601E+00    4.80261E-02
    7.26200E+02    3.05596E+00    4.70776E-02
    7.26300E+02    3.07662E+00    4.61149E-02
    7.26400E+02    3.09870E+00    4.51078E-02
    7.26500E+02    3.12458E+00    4.39554E-02
    7.26600E+02    3.17159E+00    4.19368E-02
    7.26700E+02    3.18544E+00    4.13602E-02
    7.26800E+02    3.18561E+00    4.13529E-02
    7.26900E+02    3.20237E+00    4.06657E-02
    7.27000E+02    3.22422E+00    3.97869E-02
    7.27100E+02    3.25874E+00    3.84369E-02
    7.27200E+02    3.26601E+00    3.81584E-02
    7.27300E+02    3.28566E+00    3.74160E-02
    7.27400E+02    3.30717E+00    3.66197E-02
    7.27500E+02    3.32975E+00    3.58021E-02
    7.27600E+02    3.35314E+00    3.49743E-02
    7.27700E+02    3.37574E+00    3.41927E-02
    7.27800E+02    3.39903E+00    3.34058E-02
    7.27900E+02    3.42298E+00    3.26151E-02
    7.28000E+02    3.44756E+00    3.18233E-02
    7.28100E+02    3.47191E+00    3.10578E-02
    7.28200E+02    3.49745E+00    3.02745E-02
    7.28300E+02    3.52298E+00    2.95114E-02
    7.28400E+02    3.54753E+00    2.87957E-02
    7.28500E+02    3.57332E+00    2.80626E-02
    7.28600E+02    3.59961E+00    2.73343E-02
    7.28700E+02    3.62636E+00    2.66130E-02
    7.28800E+02    3.65338E+00    2.59034E-02
    7.28900E+02    3.68084E+00    2.52017E-02
    7.29000E+02    3.70869E+00    2.45095E-02
    7.29100E+02    3.73720E+00    2.38208E-02
    7.29200E+02    3.76581E+00    2.31488E-02
    7.29300E+02    3.79511E+00    2.24805E-02
    7.29400E+02    3.82523E+00    2.18134E-02
    7.29500E+02    3.85545E+00    2.11640E-02
    7.29600E+02    3.88604E+00    2.05264E-02
    7.29700E+02    3.91786E+00    1.98836E-02
    7.29800E+02    3.95144E+00    1.92270E-02
    7.29900E+02    3.98985E+00    1.85025E-02
    7.30000E+02    4.08122E+00    1.68868E-02
    7.30100E+02    4.05924E+00    1.72621E-02
    7.30200E+02    4.08594E+00    1.68073E-02
    7.30300E+02    4.11682E+00    1.62962E-02
    7.30400E+02    4.15067E+00    1.57539E-02
    7.30500E+02    4.18720E+00    1.51888E-02
    7.30600E+02    4.23364E+00    1.44995E-02
    7.30700E+02    4.26203E+00    1.40936E-02
    7.30800E+02    4.30106E+00    1.35541E-02
    7.30900E+02    4.34286E+00    1.29993E-02
    7.31000E+02    4.38824E+00    1.24225E-02
    7.31100E+02    4.44106E+00    1.17834E-02
    7.31200E+02    4.51127E+00    1.09845E-02
    7.31300E+02    4.51029E+00    1.09953E-02
    7.31400E+02    4.53521E+00    1.07246E-02
    7.31500E+02    4.56584E+00    1.04011E-02
    7.31600E+02    4.59950E+00    1.00569E-02
    7.31700E+02    4.63511E+00    9.70503E-03
    7.31800E+02    4.67236E+00    9.35019E-03
    7.31900E+02    4.71088E+00    8.99682E-03
    7.32000E+02    4.75044E+00    8.64787E-03
    7.32100E+02    4.79115E+00    8.30294E-03
    7.32200E+02    4.83270E+00    7.96500E-03
    7.32300E+02    4.87526E+00    7.63311E-03
    7.32400E+02    4.91866E+00    7.30893E-03
    7.32500E+02    4.96318E+00    6.99065E-03
    7.32600E+02    5.00883E+00    6.67870E-03
    7.32700E+02    5.05410E+00    6.38313E-03
    7.32800E+02    5.10075E+00    6.09215E-03
    7.32900E+02    5.14835E+00    5.80900E-03
    7.33000E+02    5.19676E+00    5.53446E-03
    7.33100E+02    5.24612E+00    5.26793E-03
    7.33200E+02    5.29641E+00    5.00953E-03
    7.33300E+02    5.34757E+00    4.75969E-03
    7.33400E+02    5.39964E+00    4.51821E-03
    7.33500E+02    5.45289E+00    4.28390E-03
    7.33600E+02    5.50707E+00    4.05799E-03
    7.33700E+02    5.56228E+00    3.84001E-03
    7.33800E+02    5.61888E+00    3.62870E-03
    7.33900E+02    5.67723E+00    3.42304E-03
    7.34000E+02    5.73811E+00    3.22084E-03
    7.34100E+02    5.80177E+00    3.02220E-03
    7.34200E+02    5.87417E+00    2.81112E-03
    7.34300E+02    5.97780E+00    2.53440E-03
    7.34400E+02    6.26569E+00    1.90040E-03
    7.34500E+02    6.08744E+00    2.27121E-03
    7.34600E+02    6.11969E+00    2.19915E-03
    7.34700E+02    6.17502E+00    2.08077E-03
    7.34800E+02    6.23899E+00    1.95183E-03
    7.34900E+02    6.31303E+00    1.81253E-03
    7.35000E+02    6.47197E+00    1.54618E-03
    7.35100E+02    6.44967E+00    1.58105E-03
    7.35200E+02    6.50840E+00    1.49086E-03
    7.35300E+02    6.57639E+00    1.39286E-03
    7.35400E+02    6.64780E+00    1.29687E-03
    7.35500E+02    6.72179E+00    1.20439E-03
    7.35600E+02    6.79661E+00    1.11755E-03
    7.35700E+02    6.87328E+00    1.03508E-03
    7.35800E+02    6.95186E+00    9.56852E-04
    7.35900E+02    7.03171E+00    8.83420E-04
    7.36000E+02    7.11330E+00    8.14204E-04
    7.36100E+02    7.19666E+00    7.49082E-04
    7.36200E+02    7.28184E+00    6.87916E-04
    7.36300E+02    7.36952E+00    6.30170E-04
    7.36400E+02    7.46236E+00    5.74297E-04
    7.36500E+02    7.57198E+00    5.14671E-04
    7.36600E+02    7.64120E+00    4.80252E-04
    7.36700E+02    7.73166E+00    4.38713E-04
    7.36800E+02    7.82591E+00    3.99256E-04
    7.36900E+02    7.92228E+00    3.62573E-04
    7.37000E+02    8.02148E+00    3.28332E-04
    7.37100E+02    8.12243E+00    2.96805E-04
    7.37200E+02    8.22666E+00    2.67427E-04
    7.37300E+02    8.33098E+00    2.40935E-04
    7.37400E+02    8.43786E+00    2.16513E-04
    7.37500E+02    8.54715E+00    1.94097E-04
    7.37600E+02    8.65953E+00    1.73466E-04
    7.37700E+02    8.77348E+00    1.54784E-04
    7.37800E+02    8.88976E+00    1.37792E-04
    7.37900E+02    9.00914E+00    1.22287E-04
    7.38000E+02    9.13090E+00    1.08268E-04
    7.38100E+02    9.25477E+00    9.56539E-05
    7.38200E+02    9.38189E+00    8.42359E-05
    7.38300E+02    9.51194E+00    7.39633E-05
    7.38400E+02    9.64441E+00    6.47868E-05
    7.38500E+02    9.78002E+00    5.65706E-05
    7.38600E+02    9.91870E+00    4.92453E-05
    7.38700E+02    1.00605E+01    4.27354E-05
    7.38800E+02    1.02062E+01    3.69423E-05
    7.38900E+02    1.03542E+01    3.18587E-05
    7.39000E+02    1.05062E+01    2.73674E-05
    7.39100E+02    1.06621E+01    2.34164E-05
    7.39200E+02    1.08213E+01    1.99686E-05
    7.39300E+02    1.09847E+01    1.69591E-05
    7.39400E+02    1.11520E+01    1.43465E-05
    7.39500E+02    1.13227E+01    1.20953E-05
    7.39600E+02    1.14987E+01    1.01437E-05
    7.39700E+02    1.16785E+01    8.47406E-06
    7.39800E+02    1.18647E+01    7.03412E-06
    7.39900E+02    1.20568E+01    5.80494E-06
    7.40000E+02    1.22603E+01    4.73592E-06
    7.40100E+02    1.24693E+01    3.84285E-06
    7.40200E+02    1.27065E+01    3.03141E-06
    7.40300E+02    1.30479E+01    2.15460E-06
    7.40400E+02    1.34253E+01    1.47727E-06
    7.40500E+02    1.33694E+01    1.56217E-06
    7.40600E+02    1.35407E+01    1.31622E-06
    7.40700E+02    1.37517E+01    1.06585E-06
    7.40800E+02    1.39779E+01    8.50112E-07
    7.40900E+02    1.42155E+01    6.70359E-07
    7.41000E+02    1.44614E+01    5.24209E-07
    7.41100E+02    1.47147E+01    4.06883E-07
    7.41200E+02    1.49767E+01    3.13102E-07
    7.41300E+02    1.52467E+01    2.39015E-07
    7.41400E+02    1.55246E+01    1.81033E-07
    7.41500E+02    1.58101E+01    1.36071E-07
    7.41600E+02    1.61032E+01    1.01500E-07
    7.41700E+02    1.64051E+01    7.50545E-08
    7.41800E+02    1.67169E+01    5.49458E-08
    7.41900E+02    1.70387E+01    3.98267E-08
    7.42000E+02    1.73700E+01    2.85959E-08
    7.42100E+02    1.77132E+01    2.02891E-08
    7.42200E+02    1.80739E+01    1.41451E-08
    7.42300E+02    1.84501E+01    9.71011E-09
    7.42400E+02    1.88030E+01    6.82255E-09
    7.42500E+02    1.91855E+01    4.65426E-09
    7.42600E+02    1.95837E+01    3.12551E-09
    7.42700E+02    1.99953E+01    2.07086E-09
    7.42800E+02    2.04266E+01    1.34537E-09
    7.42900E+02    2.08622E+01    8.70313E-10
    7.43000E+02    2.13170E+01    5.52247E-10
    7.43100E+02    2.17968E+01    3.41786E-10
    7.43200E+02    2.22953E+01    2.07617E-10
    7.43300E+02    2.27767E+01    1.28299E-10
    7.43400E+02    2.32965E+01    7.62858E-11
    7.43500E+02    2.38326E+01    4.46292E-11
    7.43600E+02    2.43906E+01    2.55438E-11
    7.43700E+02    2.49702E+01    1.43087E-11
    7.43800E+02    2.55703E+01    7.85182E-12
    7.43900E+02    2.61932E+01    4.21155E-12
    7.44000E+02    2.68396E+01    2.20650E-12
    7.44100E+02    2.75103E+01    1.12833E-12
    7.44200E+02    2.82058E+01    5.62823E-13
    7.44300E+02    2.89275E+01    2.73484E-13
    7.44400E+02    2.96757E+01    1.29417E-13
    7.44500E+02    3.04516E+01    5.95696E-14
    7.44600E+02    3.12551E+01    2.66733E-14
    7.44700E+02    3.20885E+01    1.15918E-14
    7.44800E+02    3.29497E+01    4.89906E-15
    7.44900E+02    3.38415E+01    2.00824E-15
    7.45000E+02    3.47612E+01    8.00584E-16
    7.45100E+02    3.57103E+01    3.09906E-16
    7.45200E+02    3.66867E+01    1.16724E-16
    7.45300E+02    3.76900E+01    4.27980E-17
    7.45400E+02    3.87164E+01    1.53343E-17
    7.45500E+02    3.97708E+01    5.34263E-18
    7.45600E+02    4.08631E+01    1.79218E-18
    7.45700E+02    4.19983E+01    5.75923E-19
    7.45800E+02    4.31853E+01    1.75743E-19
    7.45900E+02    4.44360E+01    5.03154E-20
    7.46000E+02    4.56914E+01    1.43376E-20
    7.46100E+02    4.70329E+01    3.74873E-21
    7.46200E+02    4.84443E+01    9.13879E-22
    7.46300E+02    4.99292E+01    2.07033E-22
    7.46400E+02    5.14965E+01    4.31881E-23
    7.46500E+02    5.32379E+01    7.56941E-24
    7.46600E+02    5.48770E+01    1.46970E-24
    7.46700E+02    5.66993E+01    2.37583E-25
    7.46800E+02    5.87111E+01    3.17751E-26
    7.46900E+02    6.09526E+01    3.37777E-27
    7.47000E+02    6.27626E+01    5.52788E-28
    7.47100E+02    6.49482E+01    6.21357E-29
    7.47200E+02    6.72916E+01    5.96518E-30
    7.47300E+02    6.97813E+01    4.94720E-31
    7.47400E+02    7.24045E+01    3.59009E-32
    7.47500E+02    7.51857E+01    2.22474E-33
    7.47600E+02    7.81296E+01    1.17147E-34
    7.47700E+02    8.12517E+01    5.16206E-36
    7.47800E+02    8.45562E+01    1.89540E-37
    7.47900E+02    8.80576E+01    5.71597E-39
    7.48000E+02    9.17776E+01    1.38512E-40
    7.48100E+02    9.57313E+01    2.65728E-42
    7.48200E+02    9.99271E+01    4.00155E-44
    7.48300E+02    1.04392E+02    4.60244E-46
    7.48400E+02    1.09147E+02    3.96248E-48
    7.48500E+02    1.14244E+02    2.42386E-50
    7.48600E+02    1.19666E+02    1.07058E-52
    7.48700E+02    1.25835E+02    2.24184E-55
    7.48800E+02    1.31589E+02    7.10589E-58
    7.48900E+02    1.38088E+02    1.06914E-60
    7.49000E+02    1.45100E+02    9.64019E-64
    7.49100E+02    1.52626E+02    5.19175E-67
    7.49200E+02    1.60697E+02    1.62259E-70
    7.49300E+02    1.69363E+02    2.79683E-74
    7.49400E+02    1.78660E+02    2.56333E-78
    7.49500E+02    1.88657E+02    1.16798E-82
    7.49600E+02    1.99397E+02    2.52930E-87
    7.49700E+02    2.10947E+02    2.43600E-92
    7.49800E+02    2.23377E+02    9.74086E-98
    7.49900E+02    2.36738E+02    1.53528E-100

