#	Freq	Err	Trans
    5.49900E+02    3.62716E+02    2.98253E-100
    5.50000E+02    3.72345E+02    1.96101E-100
    5.50100E+02    3.82394E+02    8.47951E-100
    5.50200E+02    3.92881E+02    2.36473E-100
    5.50300E+02    4.03826E+02    4.17274E-100
    5.50400E+02    4.15259E+02    4.52346E-100
    5.50500E+02    4.27202E+02    2.94031E-100
    5.50600E+02    4.39678E+02    1.12315E-100
    5.50700E+02    4.52721E+02    2.43154E-100
    5.50800E+02    4.66372E+02    2.86593E-100
    5.50900E+02    4.80690E+02    1.73450E-100
    5.51000E+02    4.95903E+02    4.28595E-100
    5.51100E+02    5.11223E+02    9.52205E-100
    5.51200E+02    5.27521E+02    7.94960E-100
    5.51300E+02    5.44711E+02    2.72405E-100
    5.51400E+02    5.62705E+02    4.17067E-100
    5.51500E+02    5.81525E+02    2.79942E-100
    5.51600E+02    6.01295E+02    7.26072E-100
    5.51700E+02    6.22034E+02    7.14760E-100
    5.51800E+02    6.43870E+02    2.34904E-100
    5.51900E+02    6.66795E+02    2.59747E-100
    5.52000E+02    6.90902E+02    8.81115E-100
    5.52100E+02    7.16278E+02    8.39937E-100
    5.52200E+02    7.42981E+02    1.97626E-100
    5.52300E+02    7.71118E+02    0.00000E+00
    5.52400E+02    8.00844E+02    0.00000E+00
    5.52500E+02    8.32212E+02    0.00000E+00
    5.52600E+02    8.65377E+02    0.00000E+00
    5.52700E+02    9.00441E+02    0.00000E+00
    5.52800E+02    9.37606E+02    0.00000E+00
    5.52900E+02    9.76970E+02    0.00000E+00
    5.53000E+02    1.01874E+03    0.00000E+00
    5.53100E+02    1.06306E+03    0.00000E+00
    5.53200E+02    1.11014E+03    0.00000E+00
    5.53300E+02    1.16022E+03    0.00000E+00
    5.53400E+02    1.21351E+03    0.00000E+00
    5.53500E+02    1.27026E+03    0.00000E+00
    5.53600E+02    1.33075E+03    0.00000E+00
    5.53700E+02    1.39521E+03    0.00000E+00
    5.53800E+02    1.46407E+03    0.00000E+00
    5.53900E+02    1.53763E+03    0.00000E+00
    5.54000E+02    1.61625E+03    0.00000E+00
    5.54100E+02    1.70038E+03    0.00000E+00
    5.54200E+02    1.79036E+03    0.00000E+00
    5.54300E+02    1.88679E+03    0.00000E+00
    5.54400E+02    1.99008E+03    0.00000E+00
    5.54500E+02    2.10077E+03    0.00000E+00
    5.54600E+02    2.21941E+03    0.00000E+00
    5.54700E+02    2.34666E+03    0.00000E+00
    5.54800E+02    2.48306E+03    0.00000E+00
    5.54900E+02    2.62926E+03    0.00000E+00
    5.55000E+02    2.78587E+03    0.00000E+00
    5.55100E+02    2.95348E+03    0.00000E+00
    5.55200E+02    3.13269E+03    0.00000E+00
    5.55300E+02    3.32400E+03    0.00000E+00
    5.55400E+02    3.52781E+03    0.00000E+00
    5.55500E+02    3.74438E+03    0.00000E+00
    5.55600E+02    3.97369E+03    0.00000E+00
    5.55700E+02    4.21551E+03    0.00000E+00
    5.55800E+02    4.46918E+03    0.00000E+00
    5.55900E+02    4.73360E+03    0.00000E+00
    5.56000E+02    5.00693E+03    0.00000E+00
    5.56100E+02    5.28690E+03    0.00000E+00
    5.56200E+02    5.56988E+03    0.00000E+00
    5.56300E+02    5.85085E+03    0.00000E+00
    5.56400E+02    6.12483E+03    0.00000E+00
    5.56500E+02    6.38431E+03    0.00000E+00
    5.56600E+02    6.62029E+03    0.00000E+00
    5.56700E+02    6.82131E+03    0.00000E+00
    5.56800E+02    6.97526E+03    0.00000E+00
    5.56900E+02    7.06374E+03    0.00000E+00
    5.57000E+02    7.05022E+03    0.00000E+00
    5.57100E+02    6.94620E+03    0.00000E+00
    5.57200E+02    6.78218E+03    0.00000E+00
    5.57300E+02    6.57467E+03    0.00000E+00
    5.57400E+02    6.33516E+03    0.00000E+00
    5.57500E+02    6.07414E+03    0.00000E+00
    5.57600E+02    5.80063E+03    0.00000E+00
    5.57700E+02    5.52112E+03    0.00000E+00
    5.57800E+02    5.24061E+03    0.00000E+00
    5.57900E+02    4.96416E+03    0.00000E+00
    5.58000E+02    4.69447E+03    0.00000E+00
    5.58100E+02    4.43398E+03    0.00000E+00
    5.58200E+02    4.18436E+03    0.00000E+00
    5.58300E+02    3.94660E+03    0.00000E+00
    5.58400E+02    3.72124E+03    0.00000E+00
    5.58500E+02    3.50843E+03    0.00000E+00
    5.58600E+02    3.30822E+03    0.00000E+00
    5.58700E+02    3.12026E+03    0.00000E+00
    5.58800E+02    2.94410E+03    0.00000E+00
    5.58900E+02    2.77934E+03    0.00000E+00
    5.59000E+02    2.62534E+03    0.00000E+00
    5.59100E+02    2.48153E+03    0.00000E+00
    5.59200E+02    2.34727E+03    0.00000E+00
    5.59300E+02    2.22197E+03    0.00000E+00
    5.59400E+02    2.10501E+03    0.00000E+00
    5.59500E+02    1.99587E+03    0.00000E+00
    5.59600E+02    1.89396E+03    0.00000E+00
    5.59700E+02    1.79882E+03    0.00000E+00
    5.59800E+02    1.70996E+03    0.00000E+00
    5.59900E+02    1.62675E+03    0.00000E+00
    5.60000E+02    1.54889E+03    0.00000E+00
    5.60100E+02    1.47602E+03    0.00000E+00
    5.60200E+02    1.40776E+03    0.00000E+00
    5.60300E+02    1.34375E+03    0.00000E+00
    5.60400E+02    1.28370E+03    0.00000E+00
    5.60500E+02    1.22729E+03    0.00000E+00
    5.60600E+02    1.17429E+03    0.00000E+00
    5.60700E+02    1.12443E+03    0.00000E+00
    5.60800E+02    1.07753E+03    0.00000E+00
    5.60900E+02    1.03332E+03    0.00000E+00
    5.61000E+02    9.91615E+02    0.00000E+00
    5.61100E+02    9.52261E+02    0.00000E+00
    5.61200E+02    9.15106E+02    0.00000E+00
    5.61300E+02    8.80002E+02    0.00000E+00
    5.61400E+02    8.46748E+02    0.00000E+00
    5.61500E+02    8.15294E+02    0.00000E+00
    5.61600E+02    7.85490E+02    0.00000E+00
    5.61700E+02    7.57237E+02    0.00000E+00
    5.61800E+02    7.30433E+02    5.98455E-100
    5.61900E+02    7.04979E+02    6.78128E-100
    5.62000E+02    6.80776E+02    2.20236E-100
    5.62100E+02    6.57772E+02    2.15304E-100
    5.62200E+02    6.35869E+02    7.00805E-100
    5.62300E+02    6.15016E+02    7.97995E-100
    5.62400E+02    5.95163E+02    3.34244E-100
    5.62500E+02    5.76210E+02    5.69152E-100
    5.62600E+02    5.58157E+02    3.93939E-100
    5.62700E+02    5.40905E+02    1.22437E-100
    5.62800E+02    5.24403E+02    1.79667E-100
    5.62900E+02    5.08649E+02    1.24854E-100
    5.63000E+02    4.93607E+02    4.25800E-100
    5.63100E+02    4.79190E+02    7.77043E-100
    5.63200E+02    4.65382E+02    7.70867E-100
    5.63300E+02    4.52161E+02    4.25388E-100
    5.63400E+02    4.39491E+02    1.35327E-100
    5.63500E+02    4.27332E+02    2.58256E-100
    5.63600E+02    4.15659E+02    3.02992E-100
    5.63700E+02    4.04456E+02    2.22265E-100
    5.63800E+02    3.93699E+02    1.04416E-100
    5.63900E+02    3.83357E+02    3.23837E-100
    5.64000E+02    3.73420E+02    6.69680E-100
    5.64100E+02    3.63858E+02    9.51725E-100
    5.64200E+02    3.54656E+02    9.43500E-100
    5.64300E+02    3.45795E+02    6.65524E-100
    5.64400E+02    3.37264E+02    3.37449E-100
    5.64500E+02    3.29042E+02    1.25596E-100
    5.64600E+02    3.21115E+02    3.47815E-100
    5.64700E+02    3.13469E+02    7.27856E-100
    5.64800E+02    3.06093E+02    1.16253E-100
    5.64900E+02    2.98977E+02    1.43134E-100
    5.65000E+02    2.92102E+02    1.38619E-100
    5.65100E+02    2.85466E+02    1.05570E-100
    5.65200E+02    2.79051E+02    6.45002E-100
    5.65300E+02    2.72852E+02    3.17665E-100
    5.65400E+02    2.66858E+02    1.27315E-100
    5.65500E+02    2.61061E+02    4.19218E-100
    5.65600E+02    2.55456E+02    1.14010E-100
    5.65700E+02    2.50101E+02    2.41334E-100
    5.65800E+02    2.44768E+02    4.99403E-100
    5.65900E+02    2.39671E+02    8.16709E-100
    5.66000E+02    2.34747E+02    1.12405E-100
    5.66100E+02    2.29990E+02    1.30775E-100
    5.66200E+02    2.25445E+02    1.23180E-98
    5.66300E+02    2.21604E+02    5.73350E-97
    5.66400E+02    2.16567E+02    8.83465E-95
    5.66500E+02    2.12265E+02    6.52487E-93
    5.66600E+02    2.08150E+02    3.99581E-91
    5.66700E+02    2.04269E+02    1.93651E-89
    5.66800E+02    2.00331E+02    9.93692E-88
    5.66900E+02    1.96542E+02    4.39652E-86
    5.67000E+02    1.92821E+02    1.81591E-84
    5.67100E+02    1.89240E+02    6.51765E-83
    5.67200E+02    1.85768E+02    2.09956E-81
    5.67300E+02    1.82394E+02    6.12740E-80
    5.67400E+02    1.79118E+02    1.62265E-78
    5.67500E+02    1.75928E+02    3.94134E-77
    5.67600E+02    1.72824E+02    8.78219E-76
    5.67700E+02    1.69806E+02    1.79577E-74
    5.67800E+02    1.66870E+02    3.38153E-73
    5.67900E+02    1.64001E+02    5.96161E-72
    5.68000E+02    1.61212E+02    9.69407E-71
    5.68100E+02    1.58495E+02    1.46780E-69
    5.68200E+02    1.55848E+02    2.07129E-68
    5.68300E+02    1.53266E+02    2.73813E-67
    5.68400E+02    1.50749E+02    3.39135E-66
    5.68500E+02    1.48298E+02    3.93537E-65
    5.68600E+02    1.45902E+02    4.32158E-64
    5.68700E+02    1.43571E+02    4.44623E-63
    5.68800E+02    1.41290E+02    4.34936E-62
    5.68900E+02    1.39069E+02    4.00824E-61
    5.69000E+02    1.36899E+02    3.51228E-60
    5.69100E+02    1.34784E+02    2.91240E-59
    5.69200E+02    1.32713E+02    2.30892E-58
    5.69300E+02    1.30694E+02    1.73931E-57
    5.69400E+02    1.28724E+02    1.24737E-56
    5.69500E+02    1.26794E+02    8.59369E-56
    5.69600E+02    1.24911E+02    5.64943E-55
    5.69700E+02    1.23073E+02    3.54966E-54
    5.69800E+02    1.21278E+02    2.13510E-53
    5.69900E+02    1.19532E+02    1.22430E-52
    5.70000E+02    1.17855E+02    6.54748E-52
    5.70100E+02    1.16521E+02    2.48764E-51
    5.70200E+02    1.14523E+02    1.83426E-50
    5.70300E+02    1.12873E+02    9.54753E-50
    5.70400E+02    1.11287E+02    4.66447E-49
    5.70500E+02    1.09744E+02    2.18129E-48
    5.70600E+02    1.08237E+02    9.85107E-48
    5.70700E+02    1.06765E+02    4.29150E-47
    5.70800E+02    1.05344E+02    1.77772E-46
    5.70900E+02    1.04009E+02    6.75557E-46
    5.71000E+02    1.03393E+02    1.24965E-45
    5.71100E+02    1.01259E+02    1.05588E-44
    5.71200E+02    9.98440E+01    4.34804E-44
    5.71300E+02    9.85133E+01    1.64513E-43
    5.71400E+02    9.72265E+01    5.95736E-43
    5.71500E+02    9.59650E+01    2.10341E-42
    5.71600E+02    9.47360E+01    7.18932E-42
    5.71700E+02    9.35283E+01    2.40540E-41
    5.71800E+02    9.23464E+01    7.84291E-41
    5.71900E+02    9.11850E+01    2.50527E-40
    5.72000E+02    9.00490E+01    7.80193E-40
    5.72100E+02    8.89383E+01    2.36905E-39
    5.72200E+02    8.78429E+01    7.08431E-39
    5.72300E+02    8.67729E+01    2.06542E-38
    5.72400E+02    8.57234E+01    5.89940E-38
    5.72500E+02    8.46948E+01    1.65010E-37
    5.72600E+02    8.36831E+01    4.53810E-37
    5.72700E+02    8.27013E+01    1.21134E-36
    5.72800E+02    8.17516E+01    3.13146E-36
    5.72900E+02    8.08789E+01    7.49454E-36
    5.73000E+02    7.98367E+01    2.12509E-35
    5.73100E+02    7.88969E+01    5.43917E-35
    5.73200E+02    7.79872E+01    1.35075E-34
    5.73300E+02    7.70970E+01    3.29012E-34
    5.73400E+02    7.62261E+01    7.86036E-34
    5.73500E+02    7.53831E+01    1.82611E-33
    5.73600E+02    7.47180E+01    3.55126E-33
    5.73700E+02    7.37089E+01    9.74147E-33
    5.73800E+02    7.28740E+01    2.24497E-32
    5.73900E+02    7.20679E+01    5.02721E-32
    5.74000E+02    7.12803E+01    1.10498E-31
    5.74100E+02    7.05042E+01    2.40108E-31
    5.74200E+02    6.97440E+01    5.13521E-31
    5.74300E+02    6.89953E+01    1.08572E-30
    5.74400E+02    6.82652E+01    2.25325E-30
    5.74500E+02    6.75670E+01    4.52933E-30
    5.74600E+02    6.68461E+01    9.31322E-30
    5.74700E+02    6.61276E+01    1.91059E-29
    5.74800E+02    6.54329E+01    3.82685E-29
    5.74900E+02    6.47560E+01    7.53091E-29
    5.75000E+02    6.40900E+01    1.46577E-28
    5.75100E+02    6.34344E+01    2.82343E-28
    5.75200E+02    6.27890E+01    5.38360E-28
    5.75300E+02    6.21538E+01    1.01610E-27
    5.75400E+02    6.15288E+01    1.89841E-27
    5.75500E+02    6.09138E+01    3.51121E-27
    5.75600E+02    6.03090E+01    6.42863E-27
    5.75700E+02    5.97145E+01    1.16496E-26
    5.75800E+02    5.91298E+01    2.09048E-26
    5.75900E+02    5.85507E+01    3.73055E-26
    5.76000E+02    5.79820E+01    6.58791E-26
    5.76100E+02    5.74242E+01    1.15073E-25
    5.76200E+02    5.68784E+01    1.98612E-25
    5.76300E+02    5.63476E+01    3.37715E-25
    5.76400E+02    5.58393E+01    5.61439E-25
    5.76500E+02    5.54905E+01    7.95724E-25
    5.76600E+02    5.48135E+01    1.56609E-24
    5.76700E+02    5.42576E+01    2.73032E-24
    5.76800E+02    5.37471E+01    4.54934E-24
    5.76900E+02    5.32402E+01    7.55223E-24
    5.77000E+02    5.27523E+01    1.23015E-23
    5.77100E+02    5.22657E+01    2.00121E-23
    5.77200E+02    5.17898E+01    3.22099E-23
    5.77300E+02    5.13239E+01    5.13219E-23
    5.77400E+02    5.08599E+01    8.16284E-23
    5.77500E+02    5.04045E+01    1.28707E-22
    5.77600E+02    4.99558E+01    2.01585E-22
    5.77700E+02    4.95138E+01    3.13650E-22
    5.77800E+02    4.90786E+01    4.84672E-22
    5.77900E+02    4.86540E+01    7.41056E-22
    5.78000E+02    4.82250E+01    1.13796E-21
    5.78100E+02    4.78065E+01    1.72943E-21
    5.78200E+02    4.73943E+01    2.61155E-21
    5.78300E+02    4.69878E+01    3.92154E-21
    5.78400E+02    4.65869E+01    5.85568E-21
    5.78500E+02    4.61915E+01    8.69531E-21
    5.78600E+02    4.58027E+01    1.28276E-20
    5.78700E+02    4.54172E+01    1.88611E-20
    5.78800E+02    4.50372E+01    2.75789E-20
    5.78900E+02    4.46627E+01    4.01085E-20
    5.79000E+02    4.42933E+01    5.80335E-20
    5.79100E+02    4.39289E+01    8.35481E-20
    5.79200E+02    4.35690E+01    1.19732E-19
    5.79300E+02    4.32142E+01    1.70736E-19
    5.79400E+02    4.28638E+01    2.42370E-19
    5.79500E+02    4.25180E+01    3.42510E-19
    5.79600E+02    4.21767E+01    4.81823E-19
    5.79700E+02    4.18399E+01    6.74772E-19
    5.79800E+02    4.15072E+01    9.41166E-19
    5.79900E+02    4.11791E+01    1.30664E-18
    5.80000E+02    4.08570E+01    1.80312E-18
    5.80100E+02    4.05351E+01    2.48784E-18
    5.80200E+02    4.02197E+01    3.41030E-18
    5.80300E+02    3.99078E+01    4.65872E-18
    5.80400E+02    3.96003E+01    6.33614E-18
    5.80500E+02    3.92958E+01    8.59101E-18
    5.80600E+02    3.89956E+01    1.15989E-17
    5.80700E+02    3.86991E+01    1.56028E-17
    5.80800E+02    3.84061E+01    2.09144E-17
    5.80900E+02    3.81173E+01    2.79182E-17
    5.81000E+02    3.78323E+01    3.71218E-17
    5.81100E+02    3.75504E+01    4.92129E-17
    5.81200E+02    3.72720E+01    6.50101E-17
    5.81300E+02    3.70000E+01    8.53292E-17
    5.81400E+02    3.67270E+01    1.12113E-16
    5.81500E+02    3.64595E+01    1.46507E-16
    5.81600E+02    3.61957E+01    1.90732E-16
    5.81700E+02    3.59371E+01    2.47011E-16
    5.81800E+02    3.56849E+01    3.17853E-16
    5.81900E+02    3.54407E+01    4.05788E-16
    5.82000E+02    3.52196E+01    5.06224E-16
    5.82100E+02    3.51144E+01    5.62351E-16
    5.82200E+02    3.48369E+01    7.42242E-16
    5.82300E+02    3.45288E+01    1.01007E-15
    5.82400E+02    3.42158E+01    1.38129E-15
    5.82500E+02    3.39567E+01    1.78969E-15
    5.82600E+02    3.37121E+01    2.28564E-15
    5.82700E+02    3.34741E+01    2.89990E-15
    5.82800E+02    3.32403E+01    3.66386E-15
    5.82900E+02    3.30107E+01    4.60933E-15
    5.83000E+02    3.27847E+01    5.77825E-15
    5.83100E+02    3.25618E+01    7.22068E-15
    5.83200E+02    3.23443E+01    8.97511E-15
    5.83300E+02    3.21344E+01    1.10714E-14
    5.83400E+02    3.19524E+01    1.32818E-14
    5.83500E+02    3.18171E+01    1.52065E-14
    5.83600E+02    3.15033E+01    2.08103E-14
    5.83700E+02    3.12781E+01    2.60675E-14
    5.83800E+02    3.10666E+01    3.22082E-14
    5.83900E+02    3.08679E+01    3.92881E-14
    5.84000E+02    3.06565E+01    4.85365E-14
    5.84100E+02    3.04548E+01    5.93803E-14
    5.84200E+02    3.02564E+01    7.24135E-14
    5.84300E+02    3.00605E+01    8.80863E-14
    5.84400E+02    2.98668E+01    1.06908E-13
    5.84500E+02    2.96753E+01    1.29470E-13
    5.84600E+02    2.94868E+01    1.56325E-13
    5.84700E+02    2.92987E+01    1.88694E-13
    5.84800E+02    2.91128E+01    2.27226E-13
    5.84900E+02    2.89293E+01    2.72992E-13
    5.85000E+02    2.87479E+01    3.27289E-13
    5.85100E+02    2.85686E+01    3.91573E-13
    5.85200E+02    2.83908E+01    4.67759E-13
    5.85300E+02    2.82157E+01    5.57306E-13
    5.85400E+02    2.80417E+01    6.63212E-13
    5.85500E+02    2.78694E+01    7.87909E-13
    5.85600E+02    2.76993E+01    9.34022E-13
    5.85700E+02    2.75313E+01    1.10485E-12
    5.85800E+02    2.73644E+01    1.30554E-12
    5.85900E+02    2.71990E+01    1.54044E-12
    5.86000E+02    2.70358E+01    1.81341E-12
    5.86100E+02    2.68741E+01    2.13160E-12
    5.86200E+02    2.67138E+01    2.50230E-12
    5.86300E+02    2.65555E+01    2.93152E-12
    5.86400E+02    2.63989E+01    3.42845E-12
    5.86500E+02    2.62438E+01    4.00371E-12
    5.86600E+02    2.60901E+01    4.66868E-12
    5.86700E+02    2.59381E+01    5.43545E-12
    5.86800E+02    2.57885E+01    6.31215E-12
    5.86900E+02    2.56382E+01    7.33643E-12
    5.87000E+02    2.54911E+01    8.49892E-12
    5.87100E+02    2.53442E+01    9.84370E-12
    5.87200E+02    2.51994E+01    1.13777E-11
    5.87300E+02    2.50557E+01    1.31352E-11
    5.87400E+02    2.49140E+01    1.51351E-11
    5.87500E+02    2.47733E+01    1.74213E-11
    5.87600E+02    2.46342E+01    2.00220E-11
    5.87700E+02    2.44967E+01    2.29738E-11
    5.87800E+02    2.43602E+01    2.63326E-11
    5.87900E+02    2.42249E+01    3.01493E-11
    5.88000E+02    2.40908E+01    3.44747E-11
    5.88100E+02    2.39587E+01    3.93425E-11
    5.88200E+02    2.38271E+01    4.48771E-11
    5.88300E+02    2.36972E+01    5.11032E-11
    5.88400E+02    2.35690E+01    5.80934E-11
    5.88500E+02    2.34411E+01    6.60189E-11
    5.88600E+02    2.33145E+01    7.49292E-11
    5.88700E+02    2.31895E+01    8.49031E-11
    5.88800E+02    2.30657E+01    9.60908E-11
    5.88900E+02    2.29437E+01    1.08561E-10
    5.89000E+02    2.28234E+01    1.22442E-10
    5.89100E+02    2.27205E+01    1.35712E-10
    5.89200E+02    2.25844E+01    1.55491E-10
    5.89300E+02    2.24639E+01    1.75406E-10
    5.89400E+02    2.23465E+01    1.97269E-10
    5.89500E+02    2.22300E+01    2.21637E-10
    5.89600E+02    2.21150E+01    2.48655E-10
    5.89700E+02    2.20013E+01    2.78596E-10
    5.89800E+02    2.18885E+01    3.11852E-10
    5.89900E+02    2.17777E+01    3.48399E-10
    5.90000E+02    2.16678E+01    3.88848E-10
    5.90100E+02    2.15603E+01    4.33014E-10
    5.90200E+02    2.14579E+01    4.79671E-10
    5.90300E+02    2.13827E+01    5.17131E-10
    5.90400E+02    2.12601E+01    5.84574E-10
    5.90500E+02    2.11356E+01    6.62070E-10
    5.90600E+02    2.10271E+01    7.38013E-10
    5.90700E+02    2.09228E+01    8.19116E-10
    5.90800E+02    2.08221E+01    9.05933E-10
    5.90900E+02    2.07277E+01    9.95552E-10
    5.91000E+02    2.06923E+01    1.03142E-09
    5.91100E+02    2.05364E+01    1.20549E-09
    5.91200E+02    2.04611E+01    1.29971E-09
    5.91300E+02    2.03582E+01    1.44062E-09
    5.91400E+02    2.02285E+01    1.64020E-09
    5.91500E+02    2.01243E+01    1.82022E-09
    5.91600E+02    2.00257E+01    2.00880E-09
    5.91700E+02    1.99290E+01    2.21272E-09
    5.91800E+02    1.98341E+01    2.43304E-09
    5.91900E+02    1.97407E+01    2.67130E-09
    5.92000E+02    1.96482E+01    2.93010E-09
    5.92100E+02    1.95572E+01    3.20928E-09
    5.92200E+02    1.94676E+01    3.51033E-09
    5.92300E+02    1.93804E+01    3.82981E-09
    5.92400E+02    1.92985E+01    4.15674E-09
    5.92500E+02    1.92276E+01    4.46231E-09
    5.92600E+02    1.92472E+01    4.37564E-09
    5.92700E+02    1.90891E+01    5.12539E-09
    5.92800E+02    1.89556E+01    5.85746E-09
    5.92900E+02    1.88584E+01    6.45480E-09
    5.93000E+02    1.87684E+01    7.06272E-09
    5.93100E+02    1.86819E+01    7.70139E-09
    5.93200E+02    1.85974E+01    8.37995E-09
    5.93300E+02    1.85135E+01    9.11362E-09
    5.93400E+02    1.84315E+01    9.89246E-09
    5.93500E+02    1.83499E+01    1.07340E-08
    5.93600E+02    1.82690E+01    1.16382E-08
    5.93700E+02    1.81894E+01    1.26022E-08
    5.93800E+02    1.81100E+01    1.36439E-08
    5.93900E+02    1.80319E+01    1.47517E-08
    5.94000E+02    1.79548E+01    1.59342E-08
    5.94100E+02    1.78780E+01    1.72059E-08
    5.94200E+02    1.78035E+01    1.85370E-08
    5.94300E+02    1.77295E+01    1.99611E-08
    5.94400E+02    1.76542E+01    2.15214E-08
    5.94500E+02    1.75810E+01    2.31560E-08
    5.94600E+02    1.75094E+01    2.48759E-08
    5.94700E+02    1.74403E+01    2.66558E-08
    5.94800E+02    1.73761E+01    2.84234E-08
    5.94900E+02    1.73226E+01    2.99849E-08
    5.95000E+02    1.73152E+01    3.02073E-08
    5.95100E+02    1.74373E+01    2.67359E-08
    5.95200E+02    1.71391E+01    3.60221E-08
    5.95300E+02    1.70335E+01    4.00371E-08
    5.95400E+02    1.69521E+01    4.34300E-08
    5.95500E+02    1.68784E+01    4.67502E-08
    5.95600E+02    1.68080E+01    5.01599E-08
    5.95700E+02    1.67393E+01    5.37301E-08
    5.95800E+02    1.66725E+01    5.74407E-08
    5.95900E+02    1.66066E+01    6.13572E-08
    5.96000E+02    1.65416E+01    6.54729E-08
    5.96100E+02    1.64775E+01    6.98107E-08
    5.96200E+02    1.64142E+01    7.43731E-08
    5.96300E+02    1.63516E+01    7.91771E-08
    5.96400E+02    1.62897E+01    8.42280E-08
    5.96500E+02    1.62287E+01    8.95285E-08
    5.96600E+02    1.61684E+01    9.50944E-08
    5.96700E+02    1.61089E+01    1.00923E-07
    5.96800E+02    1.60507E+01    1.06975E-07
    5.96900E+02    1.59928E+01    1.13352E-07
    5.97000E+02    1.59357E+01    1.20011E-07
    5.97100E+02    1.58794E+01    1.26955E-07
    5.97200E+02    1.58241E+01    1.34180E-07
    5.97300E+02    1.57696E+01    1.41692E-07
    5.97400E+02    1.57161E+01    1.49484E-07
    5.97500E+02    1.56640E+01    1.57470E-07
    5.97600E+02    1.56120E+01    1.65874E-07
    5.97700E+02    1.55616E+01    1.74460E-07
    5.97800E+02    1.55123E+01    1.83277E-07
    5.97900E+02    1.54641E+01    1.92312E-07
    5.98000E+02    1.54172E+01    2.01555E-07
    5.98100E+02    1.53714E+01    2.11006E-07
    5.98200E+02    1.53263E+01    2.20730E-07
    5.98300E+02    1.52828E+01    2.30556E-07
    5.98400E+02    1.52404E+01    2.40527E-07
    5.98500E+02    1.51995E+01    2.50577E-07
    5.98600E+02    1.51601E+01    2.60658E-07
    5.98700E+02    1.51220E+01    2.70771E-07
    5.98800E+02    1.50849E+01    2.81009E-07
    5.98900E+02    1.50496E+01    2.91111E-07
    5.99000E+02    1.50150E+01    3.01353E-07
    5.99100E+02    1.49815E+01    3.11604E-07
    5.99200E+02    1.49489E+01    3.21936E-07
    5.99300E+02    1.49169E+01    3.32403E-07
    5.99400E+02    1.48851E+01    3.43152E-07
    5.99500E+02    1.48526E+01    3.54479E-07
    5.99600E+02    1.48204E+01    3.66073E-07
    5.99700E+02    1.47856E+01    3.79057E-07
    5.99800E+02    1.47503E+01    3.92686E-07
    5.99900E+02    1.47213E+01    4.04241E-07
    6.00000E+02    1.47111E+01    4.08359E-07
    6.00100E+02    1.46078E+01    4.52794E-07
    6.00200E+02    1.45406E+01    4.84264E-07
    6.00300E+02    1.44756E+01    5.16793E-07
    6.00400E+02    1.44104E+01    5.51617E-07
    6.00500E+02    1.43449E+01    5.88989E-07
    6.00600E+02    1.42796E+01    6.28686E-07
    6.00700E+02    1.42154E+01    6.70406E-07
    6.00800E+02    1.41506E+01    7.15271E-07
    6.00900E+02    1.40880E+01    7.61518E-07
    6.01000E+02    1.40270E+01    8.09389E-07
    6.01100E+02    1.39646E+01    8.61532E-07
    6.01200E+02    1.39038E+01    9.15498E-07
    6.01300E+02    1.38449E+01    9.71068E-07
    6.01400E+02    1.37879E+01    1.02795E-06
    6.01500E+02    1.37317E+01    1.08741E-06
    6.01600E+02    1.36766E+01    1.14899E-06
    6.01700E+02    1.36229E+01    1.21238E-06
    6.01800E+02    1.35699E+01    1.27838E-06
    6.01900E+02    1.35180E+01    1.34645E-06
    6.02000E+02    1.34675E+01    1.41628E-06
    6.02100E+02    1.34151E+01    1.49243E-06
    6.02200E+02    1.33672E+01    1.56560E-06
    6.02300E+02    1.33193E+01    1.64241E-06
    6.02400E+02    1.32732E+01    1.71994E-06
    6.02500E+02    1.32293E+01    1.79719E-06
    6.02600E+02    1.31832E+01    1.88186E-06
    6.02700E+02    1.31389E+01    1.96716E-06
    6.02800E+02    1.30978E+01    2.04977E-06
    6.02900E+02    1.30521E+01    2.14554E-06
    6.03000E+02    1.30101E+01    2.23770E-06
    6.03100E+02    1.29691E+01    2.33138E-06
    6.03200E+02    1.29270E+01    2.43154E-06
    6.03300E+02    1.28863E+01    2.53247E-06
    6.03400E+02    1.28466E+01    2.63495E-06
    6.03500E+02    1.28080E+01    2.73875E-06
    6.03600E+02    1.27691E+01    2.84748E-06
    6.03700E+02    1.27311E+01    2.95771E-06
    6.03800E+02    1.26933E+01    3.07159E-06
    6.03900E+02    1.26562E+01    3.18785E-06
    6.04000E+02    1.26198E+01    3.30586E-06
    6.04100E+02    1.25834E+01    3.42854E-06
    6.04200E+02    1.25481E+01    3.55152E-06
    6.04300E+02    1.25125E+01    3.68031E-06
    6.04400E+02    1.24781E+01    3.80932E-06
    6.04500E+02    1.24437E+01    3.94258E-06
    6.04600E+02    1.24100E+01    4.07773E-06
    6.04700E+02    1.23764E+01    4.21685E-06
    6.04800E+02    1.23432E+01    4.35943E-06
    6.04900E+02    1.22967E+01    4.56662E-06
    6.05000E+02    1.22648E+01    4.71477E-06
    6.05100E+02    1.22329E+01    4.86780E-06
    6.05200E+02    1.22016E+01    5.02231E-06
    6.05300E+02    1.21705E+01    5.18121E-06
    6.05400E+02    1.21405E+01    5.33898E-06
    6.05500E+02    1.21107E+01    5.50028E-06
    6.05600E+02    1.20803E+01    5.67013E-06
    6.05700E+02    1.20518E+01    5.83406E-06
    6.05800E+02    1.20229E+01    6.00487E-06
    6.05900E+02    1.19937E+01    6.18291E-06
    6.06000E+02    1.19663E+01    6.35480E-06
    6.06100E+02    1.19379E+01    6.53789E-06
    6.06200E+02    1.19106E+01    6.71863E-06
    6.06300E+02    1.18836E+01    6.90259E-06
    6.06400E+02    1.18571E+01    7.08814E-06
    6.06500E+02    1.18309E+01    7.27629E-06
    6.06600E+02    1.18050E+01    7.46704E-06
    6.06700E+02    1.17800E+01    7.65600E-06
    6.06800E+02    1.17547E+01    7.85203E-06
    6.06900E+02    1.17301E+01    8.04757E-06
    6.07000E+02    1.17064E+01    8.24072E-06
    6.07100E+02    1.16834E+01    8.43250E-06
    6.07200E+02    1.16740E+01    8.51200E-06
    6.07300E+02    1.16388E+01    8.81726E-06
    6.07400E+02    1.16152E+01    9.02776E-06
    6.07500E+02    1.15928E+01    9.23239E-06
    6.07600E+02    1.15724E+01    9.42240E-06
    6.07700E+02    1.15542E+01    9.59573E-06
    6.07800E+02    1.15480E+01    9.65494E-06
    6.07900E+02    1.15272E+01    9.85778E-06
    6.08000E+02    1.14932E+01    1.01993E-05
    6.08100E+02    1.14708E+01    1.04301E-05
    6.08200E+02    1.14510E+01    1.06390E-05
    6.08300E+02    1.14318E+01    1.08450E-05
    6.08400E+02    1.14147E+01    1.10322E-05
    6.08500E+02    1.13964E+01    1.12354E-05
    6.08600E+02    1.13793E+01    1.14295E-05
    6.08700E+02    1.13629E+01    1.16187E-05
    6.08800E+02    1.13476E+01    1.17973E-05
    6.08900E+02    1.13327E+01    1.19754E-05
    6.09000E+02    1.13185E+01    1.21466E-05
    6.09100E+02    1.13062E+01    1.22967E-05
    6.09200E+02    1.12934E+01    1.24545E-05
    6.09300E+02    1.12827E+01    1.25893E-05
    6.09400E+02    1.12751E+01    1.26844E-05
    6.09500E+02    1.12724E+01    1.27198E-05
    6.09600E+02    1.12869E+01    1.25367E-05
    6.09700E+02    1.14171E+01    1.10055E-05
    6.09800E+02    1.13199E+01    1.21288E-05
    6.09900E+02    1.12553E+01    1.29385E-05
    6.10000E+02    1.12419E+01    1.31134E-05
    6.10100E+02    1.12512E+01    1.29922E-05
    6.10200E+02    1.13139E+01    1.22016E-05
    6.10300E+02    1.14868E+01    1.02646E-05
    6.10400E+02    1.15764E+01    9.38489E-06
    6.10500E+02    1.12738E+01    1.27016E-05
    6.10600E+02    1.12108E+01    1.35266E-05
    6.10700E+02    1.11864E+01    1.38616E-05
    6.10800E+02    1.11757E+01    1.40112E-05
    6.10900E+02    1.11711E+01    1.40750E-05
    6.11000E+02    1.11749E+01    1.40219E-05
    6.11100E+02    1.11951E+01    1.37410E-05
    6.11200E+02    1.12776E+01    1.26535E-05
    6.11300E+02    1.14807E+01    1.03279E-05
    6.11400E+02    1.12223E+01    1.33724E-05
    6.11500E+02    1.11812E+01    1.39339E-05
    6.11600E+02    1.11692E+01    1.41014E-05
    6.11700E+02    1.11665E+01    1.41400E-05
    6.11800E+02    1.11679E+01    1.41202E-05
    6.11900E+02    1.11719E+01    1.40635E-05
    6.12000E+02    1.11785E+01    1.39716E-05
    6.12100E+02    1.11868E+01    1.38557E-05
    6.12200E+02    1.11968E+01    1.37178E-05
    6.12300E+02    1.12092E+01    1.35485E-05
    6.12400E+02    1.12275E+01    1.33036E-05
    6.12500E+02    1.12363E+01    1.31870E-05
    6.12600E+02    1.12521E+01    1.29799E-05
    6.12700E+02    1.12700E+01    1.27503E-05
    6.12800E+02    1.12894E+01    1.25044E-05
    6.12900E+02    1.13107E+01    1.22416E-05
    6.13000E+02    1.13346E+01    1.19520E-05
    6.13100E+02    1.13594E+01    1.16592E-05
    6.13200E+02    1.13865E+01    1.13473E-05
    6.13300E+02    1.14157E+01    1.10206E-05
    6.13400E+02    1.14470E+01    1.06811E-05
    6.13500E+02    1.14808E+01    1.03260E-05
    6.13600E+02    1.15172E+01    9.95776E-06
    6.13700E+02    1.15561E+01    9.57766E-06
    6.13800E+02    1.15975E+01    9.18864E-06
    6.13900E+02    1.16420E+01    8.78883E-06
    6.14000E+02    1.16897E+01    8.37984E-06
    6.14100E+02    1.17403E+01    7.96660E-06
    6.14200E+02    1.17944E+01    7.54698E-06
    6.14300E+02    1.18520E+01    7.12423E-06
    6.14400E+02    1.19143E+01    6.69374E-06
    6.14500E+02    1.19817E+01    6.25758E-06
    6.14600E+02    1.20580E+01    5.79806E-06
    6.14700E+02    1.21605E+01    5.23332E-06
    6.14800E+02    1.23179E+01    4.47079E-06
    6.14900E+02    1.23008E+01    4.54808E-06
    6.15000E+02    1.23749E+01    4.22340E-06
    6.15100E+02    1.24630E+01    3.86712E-06
    6.15200E+02    1.25603E+01    3.50849E-06
    6.15300E+02    1.26654E+01    3.15841E-06
    6.15400E+02    1.27759E+01    2.82821E-06
    6.15500E+02    1.28948E+01    2.51098E-06
    6.15600E+02    1.30215E+01    2.21231E-06
    6.15700E+02    1.31564E+01    1.93310E-06
    6.15800E+02    1.33005E+01    1.67361E-06
    6.15900E+02    1.34545E+01    1.43485E-06
    6.16000E+02    1.36187E+01    1.21755E-06
    6.16100E+02    1.37960E+01    1.01969E-06
    6.16200E+02    1.39923E+01    8.37975E-07
    6.16300E+02    1.42270E+01    6.62634E-07
    6.16400E+02    1.43968E+01    5.59172E-07
    6.16500E+02    1.46176E+01    4.48388E-07
    6.16600E+02    1.48580E+01    3.52569E-07
    6.16700E+02    1.51171E+01    2.72090E-07
    6.16800E+02    1.53953E+01    2.06022E-07
    6.16900E+02    1.56943E+01    1.52770E-07
    6.17000E+02    1.60158E+01    1.10773E-07
    6.17100E+02    1.63619E+01    7.83623E-08
    6.17200E+02    1.67387E+01    5.37624E-08
    6.17300E+02    1.72011E+01    3.38565E-08
    6.17400E+02    1.75827E+01    2.31168E-08
    6.17500E+02    1.80296E+01    1.47852E-08
    6.17600E+02    1.85296E+01    8.96804E-09
    6.17700E+02    1.90726E+01    5.21024E-09
    6.17800E+02    1.96595E+01    2.89712E-09
    6.17900E+02    2.02971E+01    1.53139E-09
    6.18000E+02    2.09898E+01    7.66016E-10
    6.18100E+02    2.17432E+01    3.60605E-10
    6.18200E+02    2.25632E+01    1.58834E-10
    6.18300E+02    2.34557E+01    6.50624E-11
    6.18400E+02    2.44291E+01    2.45795E-11
    6.18500E+02    2.54922E+01    8.48976E-12
    6.18600E+02    2.66532E+01    2.65858E-12
    6.18700E+02    2.79234E+01    7.46476E-13
    6.18800E+02    2.93123E+01    1.86145E-13
    6.18900E+02    3.08329E+01    4.06840E-14
    6.19000E+02    3.24953E+01    7.71770E-15
    6.19100E+02    3.43136E+01    1.25256E-15
    6.19200E+02    3.62997E+01    1.71881E-16
    6.19300E+02    3.84662E+01    1.96948E-17
    6.19400E+02    4.08233E+01    1.86494E-18
    6.19500E+02    4.33792E+01    1.44762E-19
    6.19600E+02    4.61360E+01    9.19178E-21
    6.19700E+02    4.90902E+01    4.79049E-22
    6.19800E+02    5.22291E+01    2.07587E-23
    6.19900E+02    5.55315E+01    7.63782E-25
    6.20000E+02    5.89459E+01    2.51249E-26
    6.20100E+02    6.24091E+01    7.87177E-28
    6.20200E+02    6.58286E+01    2.57646E-29
    6.20300E+02    6.90817E+01    9.95853E-31
    6.20400E+02    7.20160E+01    5.29477E-32
    6.20500E+02    7.44457E+01    4.66291E-33
    6.20600E+02    7.62013E+01    8.05762E-34
    6.20700E+02    7.72326E+01    2.87274E-34
    6.20800E+02    7.66271E+01    5.26370E-34
    6.20900E+02    7.46820E+01    3.68145E-33
    6.21000E+02    7.21641E+01    4.56576E-32
    6.21100E+02    6.92192E+01    8.67966E-31
    6.21200E+02    6.59623E+01    2.25383E-29
    6.21300E+02    6.25337E+01    6.94983E-28
    6.21400E+02    5.90589E+01    2.24413E-26
    6.21500E+02    5.56262E+01    6.94814E-25
    6.21600E+02    5.23047E+01    1.92459E-23
    6.21700E+02    4.91401E+01    4.55737E-22
    6.21800E+02    4.61528E+01    9.03829E-21
    6.21900E+02    4.33640E+01    1.46983E-19
    6.22000E+02    4.07750E+01    1.95716E-18
    6.22100E+02    3.83837E+01    2.13886E-17
    6.22200E+02    3.61819E+01    1.93379E-16
    6.22300E+02    3.41575E+01    1.46410E-15
    6.22400E+02    3.23018E+01    9.36503E-15
    6.22500E+02    3.06017E+01    5.12708E-14
    6.22600E+02    2.90440E+01    2.43414E-13
    6.22700E+02    2.76174E+01    1.01375E-12
    6.22800E+02    2.63099E+01    3.74777E-12
    6.22900E+02    2.51111E+01    1.24279E-11
    6.23000E+02    2.40109E+01    3.73408E-11
    6.23100E+02    2.30006E+01    1.02556E-10
    6.23200E+02    2.20722E+01    2.59520E-10
    6.23300E+02    2.12188E+01    6.09265E-10
    6.23400E+02    2.04352E+01    1.33384E-09
    6.23500E+02    1.97214E+01    2.72345E-09
    6.23600E+02    1.91020E+01    5.05959E-09
    6.23700E+02    1.87560E+01    7.15144E-09
    6.23800E+02    1.78746E+01    1.72649E-08
    6.23900E+02    1.72975E+01    3.07470E-08
    6.24000E+02    1.67841E+01    5.13767E-08
    6.24100E+02    1.63115E+01    8.24171E-08
    6.24200E+02    1.58729E+01    1.27786E-07
    6.24300E+02    1.54649E+01    1.92176E-07
    6.24400E+02    1.50837E+01    2.81346E-07
    6.24500E+02    1.47266E+01    4.02084E-07
    6.24600E+02    1.43923E+01    5.61695E-07
    6.24700E+02    1.40788E+01    7.68503E-07
    6.24800E+02    1.37846E+01    1.03142E-06
    6.24900E+02    1.35072E+01    1.36116E-06
    6.25000E+02    1.32469E+01    1.76573E-06
    6.25100E+02    1.30026E+01    2.25439E-06
    6.25200E+02    1.27738E+01    2.83399E-06
    6.25300E+02    1.25703E+01    3.47364E-06
    6.25400E+02    1.23901E+01    4.15973E-06
    6.25500E+02    1.21520E+01    5.27795E-06
    6.25600E+02    1.19574E+01    6.41149E-06
    6.25700E+02    1.17768E+01    7.68035E-06
    6.25800E+02    1.16068E+01    9.10378E-06
    6.25900E+02    1.14468E+01    1.06841E-05
    6.26000E+02    1.12918E+01    1.24742E-05
    6.26100E+02    1.11455E+01    1.44403E-05
    6.26200E+02    1.10062E+01    1.65990E-05
    6.26300E+02    1.08732E+01    1.89604E-05
    6.26400E+02    1.07466E+01    2.15187E-05
    6.26500E+02    1.06254E+01    2.42918E-05
    6.26600E+02    1.05093E+01    2.72814E-05
    6.26700E+02    1.03989E+01    3.04673E-05
    6.26800E+02    1.02915E+01    3.39203E-05
    6.26900E+02    1.01898E+01    3.75512E-05
    6.27000E+02    1.00919E+01    4.14132E-05
    6.27100E+02    9.99796E+00    4.54926E-05
    6.27200E+02    9.90832E+00    4.97588E-05
    6.27300E+02    9.82191E+00    5.42498E-05
    6.27400E+02    9.73951E+00    5.89095E-05
    6.27500E+02    9.66040E+00    6.37591E-05
    6.27600E+02    9.58559E+00    6.87114E-05
    6.27700E+02    9.51646E+00    7.36302E-05
    6.27800E+02    9.44542E+00    7.90512E-05
    6.27900E+02    9.36753E+00    8.54544E-05
    6.28000E+02    9.29655E+00    9.17402E-05
    6.28100E+02    9.22901E+00    9.81505E-05
    6.28200E+02    9.16669E+00    1.04462E-04
    6.28300E+02    9.10658E+00    1.10934E-04
    6.28400E+02    9.04064E+00    1.18496E-04
    6.28500E+02    8.98149E+00    1.25716E-04
    6.28600E+02    8.92450E+00    1.33089E-04
    6.28700E+02    8.86977E+00    1.40575E-04
    6.28800E+02    8.81674E+00    1.48231E-04
    6.28900E+02    8.76577E+00    1.55982E-04
    6.29000E+02    8.71491E+00    1.64121E-04
    6.29100E+02    8.66630E+00    1.72295E-04
    6.29200E+02    8.61895E+00    1.80651E-04
    6.29300E+02    8.57322E+00    1.89103E-04
    6.29400E+02    8.52918E+00    1.97618E-04
    6.29500E+02    8.48574E+00    2.06391E-04
    6.29600E+02    8.44315E+00    2.15371E-04
    6.29700E+02    8.40295E+00    2.24205E-04
    6.29800E+02    8.36216E+00    2.33538E-04
    6.29900E+02    8.32303E+00    2.42858E-04
    6.30000E+02    8.28556E+00    2.52131E-04
    6.30100E+02    8.24915E+00    2.61482E-04
    6.30200E+02    8.21164E+00    2.71475E-04
    6.30300E+02    8.17646E+00    2.81194E-04
    6.30400E+02    8.14203E+00    2.91046E-04
    6.30500E+02    8.10786E+00    3.01163E-04
    6.30600E+02    8.07542E+00    3.11091E-04
    6.30700E+02    8.04289E+00    3.21377E-04
    6.30800E+02    8.01130E+00    3.31694E-04
    6.30900E+02    7.98081E+00    3.41963E-04
    6.31000E+02    7.95096E+00    3.52323E-04
    6.31100E+02    7.92179E+00    3.62752E-04
    6.31200E+02    7.89321E+00    3.73268E-04
    6.31300E+02    7.86478E+00    3.84033E-04
    6.31400E+02    7.83780E+00    3.94537E-04
    6.31500E+02    7.81157E+00    4.05022E-04
    6.31600E+02    7.78579E+00    4.15601E-04
    6.31700E+02    7.76182E+00    4.25681E-04
    6.31800E+02    7.74001E+00    4.35066E-04
    6.31900E+02    7.72176E+00    4.43081E-04
    6.32000E+02    7.71034E+00    4.48170E-04
    6.32100E+02    7.73978E+00    4.35166E-04
    6.32200E+02    7.85516E+00    3.87745E-04
    6.32300E+02    7.65748E+00    4.72497E-04
    6.32400E+02    7.60733E+00    4.96799E-04
    6.32500E+02    7.57551E+00    5.12856E-04
    6.32600E+02    7.54929E+00    5.26484E-04
    6.32700E+02    7.52512E+00    5.39365E-04
    6.32800E+02    7.50305E+00    5.51400E-04
    6.32900E+02    7.48176E+00    5.63262E-04
    6.33000E+02    7.46135E+00    5.74878E-04
    6.33100E+02    7.44234E+00    5.85911E-04
    6.33200E+02    7.42628E+00    5.95401E-04
    6.33300E+02    7.42108E+00    5.98503E-04
    6.33400E+02    7.40510E+00    6.08145E-04
    6.33500E+02    7.36851E+00    6.30809E-04
    6.33600E+02    7.34812E+00    6.43802E-04
    6.33700E+02    7.32714E+00    6.57453E-04
    6.33800E+02    7.30984E+00    6.68925E-04
    6.33900E+02    7.29330E+00    6.80080E-04
    6.34000E+02    7.27805E+00    6.90532E-04
    6.34100E+02    7.26567E+00    6.99130E-04
    6.34200E+02    7.25863E+00    7.04069E-04
    6.34300E+02    7.26979E+00    6.96261E-04
    6.34400E+02    7.35779E+00    6.37604E-04
    6.34500E+02    7.42821E+00    5.94251E-04
    6.34600E+02    7.23261E+00    7.22629E-04
    6.34700E+02    7.18023E+00    7.61493E-04
    6.34800E+02    7.15087E+00    7.84180E-04
    6.34900E+02    7.12898E+00    8.01537E-04
    6.35000E+02    7.10988E+00    8.16995E-04
    6.35100E+02    7.09259E+00    8.31242E-04
    6.35200E+02    7.07615E+00    8.45020E-04
    6.35300E+02    7.06133E+00    8.57640E-04
    6.35400E+02    7.04483E+00    8.71905E-04
    6.35500E+02    7.03010E+00    8.84842E-04
    6.35600E+02    7.01514E+00    8.98181E-04
    6.35700E+02    7.00072E+00    9.11226E-04
    6.35800E+02    6.98639E+00    9.24382E-04
    6.35900E+02    6.97257E+00    9.37238E-04
    6.36000E+02    6.95894E+00    9.50103E-04
    6.36100E+02    6.94594E+00    9.62535E-04
    6.36200E+02    6.93224E+00    9.75814E-04
    6.36300E+02    6.91894E+00    9.88878E-04
    6.36400E+02    6.90600E+00    1.00176E-03
    6.36500E+02    6.89277E+00    1.01510E-03
    6.36600E+02    6.88025E+00    1.02788E-03
    6.36700E+02    6.86795E+00    1.04061E-03
    6.36800E+02    6.85509E+00    1.05407E-03
    6.36900E+02    6.84305E+00    1.06684E-03
    6.37000E+02    6.83116E+00    1.07960E-03
    6.37100E+02    6.81909E+00    1.09271E-03
    6.37200E+02    6.80715E+00    1.10584E-03
    6.37300E+02    6.79576E+00    1.11851E-03
    6.37400E+02    6.78440E+00    1.13128E-03
    6.37500E+02    6.77311E+00    1.14413E-03
    6.37600E+02    6.76243E+00    1.15642E-03
    6.37700E+02    6.75112E+00    1.16957E-03
    6.37800E+02    6.74057E+00    1.18197E-03
    6.37900E+02    6.73016E+00    1.19434E-03
    6.38000E+02    6.72024E+00    1.20625E-03
    6.38100E+02    6.71019E+00    1.21844E-03
    6.38200E+02    6.70108E+00    1.22958E-03
    6.38300E+02    6.69281E+00    1.23979E-03
    6.38400E+02    6.68585E+00    1.24846E-03
    6.38500E+02    6.68355E+00    1.25133E-03
    6.38600E+02    6.68056E+00    1.25507E-03
    6.38700E+02    6.68751E+00    1.24638E-03
    6.38800E+02    6.73704E+00    1.18615E-03
    6.38900E+02    7.28692E+00    6.84432E-04
    6.39000E+02    6.72501E+00    1.20051E-03
    6.39100E+02    6.64979E+00    1.29429E-03
    6.39200E+02    6.62035E+00    1.33296E-03
    6.39300E+02    6.60411E+00    1.35479E-03
    6.39400E+02    6.58984E+00    1.37426E-03
    6.39500E+02    6.57704E+00    1.39196E-03
    6.39600E+02    6.56684E+00    1.40623E-03
    6.39700E+02    6.55657E+00    1.42074E-03
    6.39800E+02    6.54823E+00    1.43265E-03
    6.39900E+02    6.54347E+00    1.43948E-03
    6.40000E+02    6.55174E+00    1.42763E-03
    6.40100E+02    6.66818E+00    1.27071E-03
    6.40200E+02    6.53167E+00    1.45657E-03
    6.40300E+02    6.52974E+00    1.45938E-03
    6.40400E+02    6.49785E+00    1.50668E-03
    6.40500E+02    6.48415E+00    1.52745E-03
    6.40600E+02    6.47476E+00    1.54187E-03
    6.40700E+02    6.46415E+00    1.55832E-03
    6.40800E+02    6.45564E+00    1.57164E-03
    6.40900E+02    6.44694E+00    1.58536E-03
    6.41000E+02    6.43898E+00    1.59804E-03
    6.41100E+02    6.43130E+00    1.61036E-03
    6.41200E+02    6.42420E+00    1.62184E-03
    6.41300E+02    6.41754E+00    1.63266E-03
    6.41400E+02    6.41333E+00    1.63956E-03
    6.41500E+02    6.42306E+00    1.62369E-03
    6.41600E+02    6.40690E+00    1.65013E-03
    6.41700E+02    6.39233E+00    1.67436E-03
    6.41800E+02    6.38455E+00    1.68743E-03
    6.41900E+02    6.38029E+00    1.69463E-03
    6.42000E+02    6.37820E+00    1.69817E-03
    6.42100E+02    6.38526E+00    1.68623E-03
    6.42200E+02    6.41240E+00    1.64108E-03
    6.42300E+02    6.55676E+00    1.42047E-03
    6.42400E+02    6.54686E+00    1.43461E-03
    6.42500E+02    6.38967E+00    1.67881E-03
    6.42600E+02    6.34893E+00    1.74862E-03
    6.42700E+02    6.32883E+00    1.78411E-03
    6.42800E+02    6.31541E+00    1.80822E-03
    6.42900E+02    6.30501E+00    1.82713E-03
    6.43000E+02    6.29621E+00    1.84328E-03
    6.43100E+02    6.28837E+00    1.85778E-03
    6.43200E+02    6.28134E+00    1.87090E-03
    6.43300E+02    6.27559E+00    1.88168E-03
    6.43400E+02    6.26793E+00    1.89614E-03
    6.43500E+02    6.26151E+00    1.90837E-03
    6.43600E+02    6.25340E+00    1.92390E-03
    6.43700E+02    6.24599E+00    1.93821E-03
    6.43800E+02    6.23944E+00    1.95094E-03
    6.43900E+02    6.23338E+00    1.96280E-03
    6.44000E+02    6.22780E+00    1.97379E-03
    6.44100E+02    6.22252E+00    1.98425E-03
    6.44200E+02    6.21756E+00    1.99410E-03
    6.44300E+02    6.21399E+00    2.00123E-03
    6.44400E+02    6.21271E+00    2.00380E-03
    6.44500E+02    6.21534E+00    1.99854E-03
    6.44600E+02    6.22772E+00    1.97395E-03
    6.44700E+02    6.27628E+00    1.88037E-03
    6.44800E+02    6.73457E+00    1.18908E-03
    6.44900E+02    6.27519E+00    1.88242E-03
    6.45000E+02    6.20614E+00    2.01701E-03
    6.45100E+02    6.18169E+00    2.06692E-03
    6.45200E+02    6.16772E+00    2.09602E-03
    6.45300E+02    6.15987E+00    2.11254E-03
    6.45400E+02    6.15709E+00    2.11841E-03
    6.45500E+02    6.14928E+00    2.13502E-03
    6.45600E+02    6.16116E+00    2.10981E-03
    6.45700E+02    6.18433E+00    2.06147E-03
    6.45800E+02    6.13389E+00    2.16814E-03
    6.45900E+02    6.12416E+00    2.18932E-03
    6.46000E+02    6.11817E+00    2.20249E-03
    6.46100E+02    6.10736E+00    2.22643E-03
    6.46200E+02    6.10113E+00    2.24033E-03
    6.46300E+02    6.09912E+00    2.24483E-03
    6.46400E+02    6.09143E+00    2.26216E-03
    6.46500E+02    6.08733E+00    2.27147E-03
    6.46600E+02    6.07940E+00    2.28954E-03
    6.46700E+02    6.07401E+00    2.30193E-03
    6.46800E+02    6.06894E+00    2.31363E-03
    6.46900E+02    6.06480E+00    2.32321E-03
    6.47000E+02    6.06070E+00    2.33276E-03
    6.47100E+02    6.05769E+00    2.33980E-03
    6.47200E+02    6.05529E+00    2.34543E-03
    6.47300E+02    6.05445E+00    2.34740E-03
    6.47400E+02    6.05310E+00    2.35057E-03
    6.47500E+02    6.05675E+00    2.34200E-03
    6.47600E+02    6.06798E+00    2.31585E-03
    6.47700E+02    6.10392E+00    2.23409E-03
    6.47800E+02    6.30757E+00    1.82245E-03
    6.47900E+02    6.21843E+00    1.99236E-03
    6.48000E+02    6.07526E+00    2.29904E-03
    6.48100E+02    6.03642E+00    2.39011E-03
    6.48200E+02    6.01815E+00    2.43417E-03
    6.48300E+02    6.00685E+00    2.46182E-03
    6.48400E+02    5.99865E+00    2.48209E-03
    6.48500E+02    5.99192E+00    2.49887E-03
    6.48600E+02    5.98572E+00    2.51440E-03
    6.48700E+02    5.98035E+00    2.52794E-03
    6.48800E+02    5.97550E+00    2.54023E-03
    6.48900E+02    5.97066E+00    2.55255E-03
    6.49000E+02    5.96602E+00    2.56444E-03
    6.49100E+02    5.96202E+00    2.57471E-03
    6.49200E+02    5.95761E+00    2.58610E-03
    6.49300E+02    5.95328E+00    2.59732E-03
    6.49400E+02    5.94910E+00    2.60820E-03
    6.49500E+02    5.94514E+00    2.61854E-03
    6.49600E+02    5.94136E+00    2.62845E-03
    6.49700E+02    5.93769E+00    2.63812E-03
    6.49800E+02    5.93420E+00    2.64733E-03
    6.49900E+02    5.93085E+00    2.65622E-03
    6.50000E+02    5.92756E+00    2.66498E-03
    6.50100E+02    5.92421E+00    2.67393E-03
    6.50200E+02    5.92141E+00    2.68141E-03
    6.50300E+02    5.91907E+00    2.68769E-03
    6.50400E+02    5.91759E+00    2.69169E-03
    6.50500E+02    5.91872E+00    2.68864E-03
    6.50600E+02    5.92290E+00    2.67742E-03
    6.50700E+02    5.95880E+00    2.58300E-03
    6.50800E+02    5.93503E+00    2.64515E-03
    6.50900E+02    5.91692E+00    2.69348E-03
    6.51000E+02    5.91423E+00    2.70074E-03
    6.51100E+02    5.91744E+00    2.69209E-03
    6.51200E+02    5.92998E+00    2.65853E-03
    6.51300E+02    5.96446E+00    2.56842E-03
    6.51400E+02    6.09085E+00    2.26348E-03
    6.51500E+02    6.42164E+00    1.62598E-03
    6.51600E+02    6.11257E+00    2.21485E-03
    6.51700E+02    5.95689E+00    2.58794E-03
    6.51800E+02    5.91847E+00    2.68932E-03
    6.51900E+02    5.89386E+00    2.75632E-03
    6.52000E+02    5.88098E+00    2.79206E-03
    6.52100E+02    5.87345E+00    2.81316E-03
    6.52200E+02    5.87109E+00    2.81980E-03
    6.52300E+02    5.86615E+00    2.83375E-03
    6.52400E+02    5.85861E+00    2.85521E-03
    6.52500E+02    5.85476E+00    2.86622E-03
    6.52600E+02    5.85190E+00    2.87444E-03
    6.52700E+02    5.84961E+00    2.88103E-03
    6.52800E+02    5.84824E+00    2.88498E-03
    6.52900E+02    5.84638E+00    2.89035E-03
    6.53000E+02    5.84545E+00    2.89303E-03
    6.53100E+02    5.84547E+00    2.89298E-03
    6.53200E+02    5.84667E+00    2.88951E-03
    6.53300E+02    5.85004E+00    2.87977E-03
    6.53400E+02    5.85839E+00    2.85583E-03
    6.53500E+02    5.87343E+00    2.81321E-03
    6.53600E+02    5.90683E+00    2.72079E-03
    6.53700E+02    6.05113E+00    2.35519E-03
    6.53800E+02    6.16685E+00    2.09784E-03
    6.53900E+02    5.92694E+00    2.66664E-03
    6.54000E+02    5.88148E+00    2.79065E-03
    6.54100E+02    5.86826E+00    2.82778E-03
    6.54200E+02    5.86636E+00    2.83317E-03
    6.54300E+02    5.87214E+00    2.81684E-03
    6.54400E+02    5.88768E+00    2.77341E-03
    6.54500E+02    5.92086E+00    2.68289E-03
    6.54600E+02    6.00429E+00    2.46814E-03
    6.54700E+02    6.49443E+00    1.51183E-03
    6.54800E+02    6.30609E+00    1.82515E-03
    6.54900E+02    6.34514E+00    1.75525E-03
    6.55000E+02    6.76656E+00    1.15165E-03
    6.55100E+02    6.66631E+00    1.27309E-03
    6.55200E+02    7.06247E+00    8.56657E-04
    6.55300E+02    6.84614E+00    1.06355E-03
    6.55400E+02    6.14339E+00    2.14763E-03
    6.55500E+02    6.11059E+00    2.21925E-03
    6.55600E+02    6.69623E+00    1.23556E-03
    6.55700E+02    6.14316E+00    2.14812E-03
    6.55800E+02    6.21167E+00    2.00588E-03
    6.55900E+02    6.57821E+00    1.39033E-03
    6.56000E+02    6.88646E+00    1.02152E-03
    6.56100E+02    6.25366E+00    1.92341E-03
    6.56200E+02    6.57052E+00    1.40106E-03
    6.56300E+02    6.44033E+00    1.59588E-03
    6.56400E+02    6.69819E+00    1.23314E-03
    6.56500E+02    6.28896E+00    1.85670E-03
    6.56600E+02    5.99622E+00    2.48815E-03
    6.56700E+02    5.92057E+00    2.68367E-03
    6.56800E+02    5.88378E+00    2.78423E-03
    6.56900E+02    5.86385E+00    2.84030E-03
    6.57000E+02    5.85298E+00    2.87132E-03
    6.57100E+02    5.84717E+00    2.88806E-03
    6.57200E+02    5.84343E+00    2.89887E-03
    6.57300E+02    5.84342E+00    2.89892E-03
    6.57400E+02    5.85307E+00    2.87107E-03
    6.57500E+02    5.93782E+00    2.63777E-03
    6.57600E+02    5.86285E+00    2.84314E-03
    6.57700E+02    5.85030E+00    2.87902E-03
    6.57800E+02    5.85349E+00    2.86988E-03
    6.57900E+02    5.87801E+00    2.80036E-03
    6.58000E+02    6.01880E+00    2.43258E-03
    6.58100E+02    5.95206E+00    2.60047E-03
    6.58200E+02    5.86141E+00    2.84722E-03
    6.58300E+02    5.83753E+00    2.91602E-03
    6.58400E+02    5.82570E+00    2.95074E-03
    6.58500E+02    5.81822E+00    2.97289E-03
    6.58600E+02    5.81259E+00    2.98967E-03
    6.58700E+02    5.81147E+00    2.99303E-03
    6.58800E+02    5.85096E+00    2.87714E-03
    6.58900E+02    5.80296E+00    3.01861E-03
    6.59000E+02    5.78701E+00    3.06714E-03
    6.59100E+02    5.78651E+00    3.06866E-03
    6.59200E+02    5.77045E+00    3.11836E-03
    6.59300E+02    5.76234E+00    3.14374E-03
    6.59400E+02    5.75593E+00    3.16396E-03
    6.59500E+02    5.75006E+00    3.18260E-03
    6.59600E+02    5.74415E+00    3.20146E-03
    6.59700E+02    5.73884E+00    3.21850E-03
    6.59800E+02    5.73389E+00    3.23447E-03
    6.59900E+02    5.72931E+00    3.24931E-03
    6.60000E+02    5.72482E+00    3.26394E-03
    6.60100E+02    5.72085E+00    3.27694E-03
    6.60200E+02    5.71697E+00    3.28966E-03
    6.60300E+02    5.71313E+00    3.30232E-03
    6.60400E+02    5.70968E+00    3.31372E-03
    6.60500E+02    5.70654E+00    3.32417E-03
    6.60600E+02    5.70368E+00    3.33368E-03
    6.60700E+02    5.70121E+00    3.34192E-03
    6.60800E+02    5.69913E+00    3.34889E-03
    6.60900E+02    5.69783E+00    3.35323E-03
    6.61000E+02    5.69748E+00    3.35439E-03
    6.61100E+02    5.69831E+00    3.35164E-03
    6.61200E+02    5.70282E+00    3.33655E-03
    6.61300E+02    5.71871E+00    3.28396E-03
    6.61400E+02    5.79342E+00    3.04755E-03
    6.61500E+02    5.82937E+00    2.93994E-03
    6.61600E+02    5.71808E+00    3.28600E-03
    6.61700E+02    5.69386E+00    3.36657E-03
    6.61800E+02    5.68389E+00    3.40030E-03
    6.61900E+02    5.67818E+00    3.41978E-03
    6.62000E+02    5.67436E+00    3.43287E-03
    6.62100E+02    5.67137E+00    3.44315E-03
    6.62200E+02    5.66904E+00    3.45119E-03
    6.62300E+02    5.66697E+00    3.45831E-03
    6.62400E+02    5.66533E+00    3.46402E-03
    6.62500E+02    5.66362E+00    3.46994E-03
    6.62600E+02    5.66224E+00    3.47472E-03
    6.62700E+02    5.66152E+00    3.47721E-03
    6.62800E+02    5.66547E+00    3.46351E-03
    6.62900E+02    5.65990E+00    3.48287E-03
    6.63000E+02    5.65753E+00    3.49112E-03
    6.63100E+02    5.65618E+00    3.49585E-03
    6.63200E+02    5.65507E+00    3.49973E-03
    6.63300E+02    5.65405E+00    3.50330E-03
    6.63400E+02    5.65323E+00    3.50617E-03
    6.63500E+02    5.65242E+00    3.50901E-03
    6.63600E+02    5.65189E+00    3.51089E-03
    6.63700E+02    5.65132E+00    3.51288E-03
    6.63800E+02    5.65060E+00    3.51539E-03
    6.63900E+02    5.65007E+00    3.51725E-03
    6.64000E+02    5.64982E+00    3.51814E-03
    6.64100E+02    5.64930E+00    3.52000E-03
    6.64200E+02    5.64911E+00    3.52064E-03
    6.64300E+02    5.64939E+00    3.51966E-03
    6.64400E+02    5.65105E+00    3.51381E-03
    6.64500E+02    5.66275E+00    3.47297E-03
    6.64600E+02    5.65050E+00    3.51577E-03
    6.64700E+02    5.64963E+00    3.51882E-03
    6.64800E+02    5.64988E+00    3.51793E-03
    6.64900E+02    5.65082E+00    3.51464E-03
    6.65000E+02    5.65338E+00    3.50564E-03
    6.65100E+02    5.65630E+00    3.49544E-03
    6.65200E+02    5.66158E+00    3.47702E-03
    6.65300E+02    5.66366E+00    3.46981E-03
    6.65400E+02    5.67613E+00    3.42678E-03
    6.65500E+02    5.70133E+00    3.34153E-03
    6.65600E+02    5.79179E+00    3.05252E-03
    6.65700E+02    6.03423E+00    2.39534E-03
    6.65800E+02    5.74380E+00    3.20257E-03
    6.65900E+02    5.69883E+00    3.34987E-03
    6.66000E+02    5.67433E+00    3.43296E-03
    6.66100E+02    5.66997E+00    3.44797E-03
    6.66200E+02    5.67127E+00    3.44350E-03
    6.66300E+02    5.67415E+00    3.43358E-03
    6.66400E+02    5.67275E+00    3.43840E-03
    6.66500E+02    5.69408E+00    3.36584E-03
    6.66600E+02    5.81246E+00    2.99006E-03
    6.66700E+02    5.73736E+00    3.22327E-03
    6.66800E+02    5.69056E+00    3.37771E-03
    6.66900E+02    5.66659E+00    3.45965E-03
    6.67000E+02    5.66105E+00    3.47886E-03
    6.67100E+02    5.65921E+00    3.48527E-03
    6.67200E+02    5.65543E+00    3.49847E-03
    6.67300E+02    5.65795E+00    3.48965E-03
    6.67400E+02    5.66080E+00    3.47974E-03
    6.67500E+02    5.66125E+00    3.47818E-03
    6.67600E+02    5.65516E+00    3.49942E-03
    6.67700E+02    5.66598E+00    3.46175E-03
    6.67800E+02    5.65743E+00    3.49147E-03
    6.67900E+02    5.66330E+00    3.47104E-03
    6.68000E+02    5.65559E+00    3.49792E-03
    6.68100E+02    5.65390E+00    3.50381E-03
    6.68200E+02    5.65393E+00    3.50372E-03
    6.68300E+02    5.65437E+00    3.50219E-03
    6.68400E+02    5.65506E+00    3.49975E-03
    6.68500E+02    5.65593E+00    3.49671E-03
    6.68600E+02    5.65686E+00    3.49349E-03
    6.68700E+02    5.65799E+00    3.48953E-03
    6.68800E+02    5.65922E+00    3.48523E-03
    6.68900E+02    5.66078E+00    3.47979E-03
    6.69000E+02    5.66256E+00    3.47361E-03
    6.69100E+02    5.66470E+00    3.46619E-03
    6.69200E+02    5.66746E+00    3.45665E-03
    6.69300E+02    5.67115E+00    3.44390E-03
    6.69400E+02    5.67667E+00    3.42494E-03
    6.69500E+02    5.68605E+00    3.39297E-03
    6.69600E+02    5.70655E+00    3.32413E-03
    6.69700E+02    5.74110E+00    3.21124E-03
    6.69800E+02    5.90550E+00    2.72443E-03
    6.69900E+02    5.97355E+00    2.54519E-03
    6.70000E+02    5.75425E+00    3.16927E-03
    6.70100E+02    5.71237E+00    3.30484E-03
    6.70200E+02    5.69648E+00    3.35776E-03
    6.70300E+02    5.68898E+00    3.38305E-03
    6.70400E+02    5.68509E+00    3.39622E-03
    6.70500E+02    5.68376E+00    3.40074E-03
    6.70600E+02    5.68353E+00    3.40154E-03
    6.70700E+02    5.68411E+00    3.39954E-03
    6.70800E+02    5.68527E+00    3.39562E-03
    6.70900E+02    5.68739E+00    3.38842E-03
    6.71000E+02    5.68954E+00    3.38114E-03
    6.71100E+02    5.69287E+00    3.36989E-03
    6.71200E+02    5.69775E+00    3.35350E-03
    6.71300E+02    5.70538E+00    3.32800E-03
    6.71400E+02    5.71926E+00    3.28213E-03
    6.71500E+02    5.75041E+00    3.18149E-03
    6.71600E+02    5.86028E+00    2.85045E-03
    6.71700E+02    6.02135E+00    2.42638E-03
    6.71800E+02    5.89857E+00    2.74336E-03
    6.71900E+02    5.75538E+00    3.16571E-03
    6.72000E+02    5.72759E+00    3.25491E-03
    6.72100E+02    5.71636E+00    3.29168E-03
    6.72200E+02    5.71213E+00    3.30562E-03
    6.72300E+02    5.71069E+00    3.31038E-03
    6.72400E+02    5.71095E+00    3.30953E-03
    6.72500E+02    5.71290E+00    3.30309E-03
    6.72600E+02    5.71731E+00    3.28855E-03
    6.72700E+02    5.73101E+00    3.24381E-03
    6.72800E+02    5.84240E+00    2.90186E-03
    6.72900E+02    5.73137E+00    3.24263E-03
    6.73000E+02    5.72251E+00    3.27149E-03
    6.73100E+02    5.72738E+00    3.25559E-03
    6.73200E+02    5.72158E+00    3.27454E-03
    6.73300E+02    5.72248E+00    3.27158E-03
    6.73400E+02    5.72453E+00    3.26488E-03
    6.73500E+02    5.72749E+00    3.25523E-03
    6.73600E+02    5.73207E+00    3.24037E-03
    6.73700E+02    5.74023E+00    3.21402E-03
    6.73800E+02    5.76159E+00    3.14610E-03
    6.73900E+02    5.91709E+00    2.69302E-03
    6.74000E+02    5.77927E+00    3.09096E-03
    6.74100E+02    5.75122E+00    3.17892E-03
    6.74200E+02    5.74477E+00    3.19948E-03
    6.74300E+02    5.74334E+00    3.20405E-03
    6.74400E+02    5.74361E+00    3.20318E-03
    6.74500E+02    5.74476E+00    3.19949E-03
    6.74600E+02    5.74625E+00    3.19473E-03
    6.74700E+02    5.74803E+00    3.18904E-03
    6.74800E+02    5.74999E+00    3.18280E-03
    6.74900E+02    5.75226E+00    3.17558E-03
    6.75000E+02    5.75445E+00    3.16864E-03
    6.75100E+02    5.75805E+00    3.15725E-03
    6.75200E+02    5.75917E+00    3.15373E-03
    6.75300E+02    5.76155E+00    3.14622E-03
    6.75400E+02    5.76416E+00    3.13804E-03
    6.75500E+02    5.76696E+00    3.12926E-03
    6.75600E+02    5.77004E+00    3.11962E-03
    6.75700E+02    5.77366E+00    3.10836E-03
    6.75800E+02    5.77814E+00    3.09446E-03
    6.75900E+02    5.78580E+00    3.07086E-03
    6.76000E+02    5.80888E+00    3.00079E-03
    6.76100E+02    5.82695E+00    2.94704E-03
    6.76200E+02    5.79618E+00    3.03915E-03
    6.76300E+02    5.79230E+00    3.05096E-03
    6.76400E+02    5.79263E+00    3.04994E-03
    6.76500E+02    5.79432E+00    3.04481E-03
    6.76600E+02    5.79679E+00    3.03728E-03
    6.76700E+02    5.79971E+00    3.02843E-03
    6.76800E+02    5.80361E+00    3.01666E-03
    6.76900E+02    5.81951E+00    2.96906E-03
    6.77000E+02    5.81301E+00    2.98843E-03
    6.77100E+02    5.82972E+00    2.93890E-03
    6.77200E+02    5.82758E+00    2.94519E-03
    6.77300E+02    5.81961E+00    2.96875E-03
    6.77400E+02    5.82019E+00    2.96703E-03
    6.77500E+02    5.82230E+00    2.96079E-03
    6.77600E+02    5.82488E+00    2.95315E-03
    6.77700E+02    5.82775E+00    2.94471E-03
    6.77800E+02    5.83071E+00    2.93600E-03
    6.77900E+02    5.83394E+00    2.92652E-03
    6.78000E+02    5.83692E+00    2.91783E-03
    6.78100E+02    5.84012E+00    2.90848E-03
    6.78200E+02    5.84348E+00    2.89872E-03
    6.78300E+02    5.84719E+00    2.88801E-03
    6.78400E+02    5.85522E+00    2.86490E-03
    6.78500E+02    5.85406E+00    2.86822E-03
    6.78600E+02    5.85684E+00    2.86026E-03
    6.78700E+02    5.86022E+00    2.85060E-03
    6.78800E+02    5.86373E+00    2.84062E-03
    6.78900E+02    5.86749E+00    2.82998E-03
    6.79000E+02    5.87257E+00    2.81564E-03
    6.79100E+02    5.87781E+00    2.80091E-03
    6.79200E+02    5.87824E+00    2.79971E-03
    6.79300E+02    5.88136E+00    2.79098E-03
    6.79400E+02    5.88486E+00    2.78124E-03
    6.79500E+02    5.88846E+00    2.77125E-03
    6.79600E+02    5.89217E+00    2.76098E-03
    6.79700E+02    5.89609E+00    2.75018E-03
    6.79800E+02    5.90079E+00    2.73728E-03
    6.79900E+02    5.90343E+00    2.73006E-03
    6.80000E+02    5.90721E+00    2.71978E-03
    6.80100E+02    5.91104E+00    2.70936E-03
    6.80200E+02    5.91491E+00    2.69890E-03
    6.80300E+02    5.91900E+00    2.68790E-03
    6.80400E+02    5.92291E+00    2.67739E-03
    6.80500E+02    5.92686E+00    2.66684E-03
    6.80600E+02    5.93087E+00    2.65617E-03
    6.80700E+02    5.93492E+00    2.64543E-03
    6.80800E+02    5.93905E+00    2.63454E-03
    6.80900E+02    5.94318E+00    2.62366E-03
    6.81000E+02    5.94732E+00    2.61282E-03
    6.81100E+02    5.95157E+00    2.60176E-03
    6.81200E+02    5.95582E+00    2.59072E-03
    6.81300E+02    5.96008E+00    2.57971E-03
    6.81400E+02    5.96449E+00    2.56837E-03
    6.81500E+02    5.96889E+00    2.55707E-03
    6.81600E+02    5.97350E+00    2.54532E-03
    6.81700E+02    5.97777E+00    2.53448E-03
    6.81800E+02    5.98223E+00    2.52319E-03
    6.81900E+02    5.98710E+00    2.51094E-03
    6.82000E+02    5.99174E+00    2.49931E-03
    6.82100E+02    5.99613E+00    2.48836E-03
    6.82200E+02    6.00114E+00    2.47594E-03
    6.82300E+02    6.00593E+00    2.46411E-03
    6.82400E+02    6.01017E+00    2.45366E-03
    6.82500E+02    6.01486E+00    2.44220E-03
    6.82600E+02    6.01968E+00    2.43044E-03
    6.82700E+02    6.02470E+00    2.41828E-03
    6.82800E+02    6.02975E+00    2.40610E-03
    6.82900E+02    6.03490E+00    2.39373E-03
    6.83000E+02    6.03965E+00    2.38239E-03
    6.83100E+02    6.04529E+00    2.36899E-03
    6.83200E+02    6.05150E+00    2.35433E-03
    6.83300E+02    6.05838E+00    2.33818E-03
    6.83400E+02    6.06746E+00    2.31705E-03
    6.83500E+02    6.08363E+00    2.27988E-03
    6.83600E+02    6.14707E+00    2.13974E-03
    6.83700E+02    6.12713E+00    2.18284E-03
    6.83800E+02    6.09749E+00    2.24850E-03
    6.83900E+02    6.09451E+00    2.25521E-03
    6.84000E+02    6.09822E+00    2.24685E-03
    6.84100E+02    6.10663E+00    2.22805E-03
    6.84200E+02    6.13486E+00    2.16602E-03
    6.84300E+02    6.13338E+00    2.16924E-03
    6.84400E+02    6.11982E+00    2.19885E-03
    6.84500E+02    6.12073E+00    2.19686E-03
    6.84600E+02    6.12429E+00    2.18905E-03
    6.84700E+02    6.12885E+00    2.17908E-03
    6.84800E+02    6.13388E+00    2.16816E-03
    6.84900E+02    6.13908E+00    2.15691E-03
    6.85000E+02    6.14453E+00    2.14519E-03
    6.85100E+02    6.15001E+00    2.13345E-03
    6.85200E+02    6.15561E+00    2.12155E-03
    6.85300E+02    6.16135E+00    2.10940E-03
    6.85400E+02    6.16718E+00    2.09715E-03
    6.85500E+02    6.17314E+00    2.08468E-03
    6.85600E+02    6.18031E+00    2.06979E-03
    6.85700E+02    6.18523E+00    2.05962E-03
    6.85800E+02    6.19134E+00    2.04708E-03
    6.85900E+02    6.20000E+00    2.02943E-03
    6.86000E+02    6.20336E+00    2.02262E-03
    6.86100E+02    6.20935E+00    2.01055E-03
    6.86200E+02    6.21554E+00    1.99813E-03
    6.86300E+02    6.22171E+00    1.98585E-03
    6.86400E+02    6.22805E+00    1.97331E-03
    6.86500E+02    6.23455E+00    1.96051E-03
    6.86600E+02    6.24137E+00    1.94718E-03
    6.86700E+02    6.24784E+00    1.93463E-03
    6.86800E+02    6.25402E+00    1.92271E-03
    6.86900E+02    6.26064E+00    1.91002E-03
    6.87000E+02    6.26725E+00    1.89743E-03
    6.87100E+02    6.27401E+00    1.88466E-03
    6.87200E+02    6.28084E+00    1.87184E-03
    6.87300E+02    6.28773E+00    1.85897E-03
    6.87400E+02    6.29475E+00    1.84596E-03
    6.87500E+02    6.30170E+00    1.83318E-03
    6.87600E+02    6.30883E+00    1.82015E-03
    6.87700E+02    6.31620E+00    1.80679E-03
    6.87800E+02    6.32321E+00    1.79418E-03
    6.87900E+02    6.33058E+00    1.78101E-03
    6.88000E+02    6.33794E+00    1.76793E-03
    6.88100E+02    6.34546E+00    1.75470E-03
    6.88200E+02    6.35302E+00    1.74149E-03
    6.88300E+02    6.36075E+00    1.72807E-03
    6.88400E+02    6.36852E+00    1.71470E-03
    6.88500E+02    6.37639E+00    1.70125E-03
    6.88600E+02    6.38444E+00    1.68762E-03
    6.88700E+02    6.39252E+00    1.67403E-03
    6.88800E+02    6.40082E+00    1.66019E-03
    6.88900E+02    6.40921E+00    1.64632E-03
    6.89000E+02    6.41777E+00    1.63230E-03
    6.89100E+02    6.42642E+00    1.61823E-03
    6.89200E+02    6.43529E+00    1.60395E-03
    6.89300E+02    6.44450E+00    1.58924E-03
    6.89400E+02    6.45353E+00    1.57495E-03
    6.89500E+02    6.46293E+00    1.56022E-03
    6.89600E+02    6.47258E+00    1.54523E-03
    6.89700E+02    6.48275E+00    1.52959E-03
    6.89800E+02    6.49284E+00    1.51424E-03
    6.89900E+02    6.50309E+00    1.49880E-03
    6.90000E+02    6.51377E+00    1.48289E-03
    6.90100E+02    6.52485E+00    1.46654E-03
    6.90200E+02    6.53631E+00    1.44982E-03
    6.90300E+02    6.54828E+00    1.43257E-03
    6.90400E+02    6.56074E+00    1.41483E-03
    6.90500E+02    6.57367E+00    1.39666E-03
    6.90600E+02    6.58743E+00    1.37758E-03
    6.90700E+02    6.60233E+00    1.35720E-03
    6.90800E+02    6.61823E+00    1.33579E-03
    6.90900E+02    6.63202E+00    1.31750E-03
    6.91000E+02    6.64834E+00    1.29617E-03
    6.91100E+02    6.66641E+00    1.27296E-03
    6.91200E+02    6.68555E+00    1.24883E-03
    6.91300E+02    6.71238E+00    1.21577E-03
    6.91400E+02    6.73733E+00    1.18581E-03
    6.91500E+02    6.74847E+00    1.17267E-03
    6.91600E+02    6.76686E+00    1.15131E-03
    6.91700E+02    6.79088E+00    1.12398E-03
    6.91800E+02    6.80150E+00    1.11211E-03
    6.91900E+02    6.82078E+00    1.09087E-03
    6.92000E+02    6.84702E+00    1.06262E-03
    6.92100E+02    6.86015E+00    1.04875E-03
    6.92200E+02    6.89289E+00    1.01498E-03
    6.92300E+02    7.00213E+00    9.09941E-04
    6.92400E+02    7.15091E+00    7.84154E-04
    6.92500E+02    6.92015E+00    9.87685E-04
    6.92600E+02    6.87852E+00    1.02967E-03
    6.92700E+02    6.86330E+00    1.04546E-03
    6.92800E+02    6.85736E+00    1.05169E-03
    6.92900E+02    6.85526E+00    1.05390E-03
    6.93000E+02    6.85705E+00    1.05202E-03
    6.93100E+02    6.86303E+00    1.04574E-03
    6.93200E+02    6.87601E+00    1.03225E-03
    6.93300E+02    6.90719E+00    1.00056E-03
    6.93400E+02    7.01678E+00    8.96706E-04
    6.93500E+02    7.22590E+00    7.27500E-04
    6.93600E+02    6.94770E+00    9.60843E-04
    6.93700E+02    6.90276E+00    1.00501E-03
    6.93800E+02    6.88984E+00    1.01807E-03
    6.93900E+02    6.88754E+00    1.02042E-03
    6.94000E+02    6.88955E+00    1.01838E-03
    6.94100E+02    6.89405E+00    1.01380E-03
    6.94200E+02    6.90024E+00    1.00755E-03
    6.94300E+02    6.90811E+00    9.99641E-04
    6.94400E+02    6.91854E+00    9.89269E-04
    6.94500E+02    6.93251E+00    9.75553E-04
    6.94600E+02    6.95802E+00    9.50976E-04
    6.94700E+02    7.04016E+00    8.75988E-04
    6.94800E+02    7.10028E+00    8.24876E-04
    6.94900E+02    6.99093E+00    9.20194E-04
    6.95000E+02    6.97716E+00    9.32947E-04
    6.95100E+02    6.97889E+00    9.31340E-04
    6.95200E+02    6.98377E+00    9.26798E-04
    6.95300E+02    6.99138E+00    9.19779E-04
    6.95400E+02    6.99963E+00    9.12220E-04
    6.95500E+02    7.00877E+00    9.03923E-04
    6.95600E+02    7.01876E+00    8.94934E-04
    6.95700E+02    7.02945E+00    8.85419E-04
    6.95800E+02    7.04162E+00    8.74704E-04
    6.95900E+02    7.05732E+00    8.61079E-04
    6.96000E+02    7.08263E+00    8.39560E-04
    6.96100E+02    7.20099E+00    7.45844E-04
    6.96200E+02    7.09864E+00    8.26226E-04
    6.96300E+02    7.09727E+00    8.27363E-04
    6.96400E+02    7.10433E+00    8.21544E-04
    6.96500E+02    7.11357E+00    8.13984E-04
    6.96600E+02    7.12371E+00    8.05775E-04
    6.96700E+02    7.13474E+00    7.96934E-04
    6.96800E+02    7.14616E+00    7.87885E-04
    6.96900E+02    7.15797E+00    7.78631E-04
    6.97000E+02    7.17050E+00    7.68941E-04
    6.97100E+02    7.19051E+00    7.53708E-04
    6.97200E+02    7.19372E+00    7.51291E-04
    6.97300E+02    7.20530E+00    7.42639E-04
    6.97400E+02    7.21817E+00    7.33140E-04
    6.97500E+02    7.24039E+00    7.17032E-04
    6.97600E+02    7.24238E+00    7.15606E-04
    6.97700E+02    7.25440E+00    7.07060E-04
    6.97800E+02    7.26606E+00    6.98861E-04
    6.97900E+02    7.27819E+00    6.90435E-04
    6.98000E+02    7.29103E+00    6.81629E-04
    6.98100E+02    7.30369E+00    6.73050E-04
    6.98200E+02    7.31649E+00    6.64493E-04
    6.98300E+02    7.33007E+00    6.55527E-04
    6.98400E+02    7.34331E+00    6.46904E-04
    6.98500E+02    7.35675E+00    6.38269E-04
    6.98600E+02    7.37117E+00    6.29133E-04
    6.98700E+02    7.38683E+00    6.19357E-04
    6.98800E+02    7.40310E+00    6.09359E-04
    6.98900E+02    7.42943E+00    5.93525E-04
    6.99000E+02    7.48633E+00    5.60694E-04
    6.99100E+02    7.44952E+00    5.81718E-04
    6.99200E+02    7.45608E+00    5.77917E-04
    6.99300E+02    7.46811E+00    5.71007E-04
    6.99400E+02    7.48106E+00    5.63658E-04
    6.99500E+02    7.49478E+00    5.55977E-04
    6.99600E+02    7.50931E+00    5.47960E-04
    6.99700E+02    7.52359E+00    5.40187E-04
    6.99800E+02    7.53853E+00    5.32178E-04
    6.99900E+02    7.55378E+00    5.24125E-04
    7.00000E+02    7.56933E+00    5.16036E-04
    7.00100E+02    7.58564E+00    5.07690E-04
    7.00200E+02    7.60213E+00    4.99385E-04
    7.00300E+02    7.62009E+00    4.90498E-04
    7.00400E+02    7.64002E+00    4.80819E-04
    7.00500E+02    7.66268E+00    4.70048E-04
    7.00600E+02    7.69427E+00    4.55432E-04
    7.00700E+02    7.75516E+00    4.28527E-04
    7.00800E+02    7.94080E+00    3.55923E-04
    7.00900E+02    7.98434E+00    3.40757E-04
    7.01000E+02    7.80166E+00    4.09054E-04
    7.01100E+02    7.77806E+00    4.18826E-04
    7.01200E+02    7.78379E+00    4.16430E-04
    7.01300E+02    7.81408E+00    4.04007E-04
    7.01400E+02    7.85459E+00    3.87966E-04
    7.01500E+02    7.92501E+00    3.61586E-04
    7.01600E+02    7.84413E+00    3.92047E-04
    7.01700E+02    7.84420E+00    3.92020E-04
    7.01800E+02    7.85496E+00    3.87823E-04
    7.01900E+02    7.86859E+00    3.82573E-04
    7.02000E+02    7.88355E+00    3.76894E-04
    7.02100E+02    7.89951E+00    3.70924E-04
    7.02200E+02    7.91556E+00    3.65018E-04
    7.02300E+02    7.93216E+00    3.59008E-04
    7.02400E+02    7.94843E+00    3.53216E-04
    7.02500E+02    7.96570E+00    3.47167E-04
    7.02600E+02    7.98299E+00    3.41216E-04
    7.02700E+02    8.00310E+00    3.34425E-04
    7.02800E+02    8.01788E+00    3.29518E-04
    7.02900E+02    8.03529E+00    3.23829E-04
    7.03000E+02    8.05288E+00    3.18184E-04
    7.03100E+02    8.07063E+00    3.12586E-04
    7.03200E+02    8.08853E+00    3.07040E-04
    7.03300E+02    8.10661E+00    3.01540E-04
    7.03400E+02    8.12461E+00    2.96161E-04
    7.03500E+02    8.14311E+00    2.90731E-04
    7.03600E+02    8.16176E+00    2.85359E-04
    7.03700E+02    8.18047E+00    2.80070E-04
    7.03800E+02    8.19959E+00    2.74766E-04
    7.03900E+02    8.21827E+00    2.69681E-04
    7.04000E+02    8.23742E+00    2.64566E-04
    7.04100E+02    8.25714E+00    2.59399E-04
    7.04200E+02    8.27629E+00    2.54479E-04
    7.04300E+02    8.29612E+00    2.49483E-04
    7.04400E+02    8.31573E+00    2.44638E-04
    7.04500E+02    8.33540E+00    2.39872E-04
    7.04600E+02    8.35565E+00    2.35064E-04
    7.04700E+02    8.37589E+00    2.30354E-04
    7.04800E+02    8.39616E+00    2.25732E-04
    7.04900E+02    8.41647E+00    2.21194E-04
    7.05000E+02    8.43722E+00    2.16651E-04
    7.05100E+02    8.45813E+00    2.12168E-04
    7.05200E+02    8.47887E+00    2.07813E-04
    7.05300E+02    8.50021E+00    2.03426E-04
    7.05400E+02    8.52158E+00    1.99125E-04
    7.05500E+02    8.54310E+00    1.94886E-04
    7.05600E+02    8.56446E+00    1.90766E-04
    7.05700E+02    8.58636E+00    1.86634E-04
    7.05800E+02    8.60830E+00    1.82583E-04
    7.05900E+02    8.63034E+00    1.78604E-04
    7.06000E+02    8.65333E+00    1.74545E-04
    7.06100E+02    8.67498E+00    1.70806E-04
    7.06200E+02    8.69750E+00    1.67002E-04
    7.06300E+02    8.72002E+00    1.63284E-04
    7.06400E+02    8.74275E+00    1.59614E-04
    7.06500E+02    8.76576E+00    1.55983E-04
    7.06600E+02    8.78944E+00    1.52333E-04
    7.06700E+02    8.81293E+00    1.48797E-04
    7.06800E+02    8.83659E+00    1.45317E-04
    7.06900E+02    8.86014E+00    1.41935E-04
    7.07000E+02    8.88412E+00    1.38572E-04
    7.07100E+02    8.90879E+00    1.35195E-04
    7.07200E+02    8.93301E+00    1.31961E-04
    7.07300E+02    8.95770E+00    1.28743E-04
    7.07400E+02    8.98175E+00    1.25683E-04
    7.07500E+02    9.00718E+00    1.22527E-04
    7.07600E+02    9.03247E+00    1.19467E-04
    7.07700E+02    9.05808E+00    1.16447E-04
    7.07800E+02    9.08470E+00    1.13388E-04
    7.07900E+02    9.11179E+00    1.10356E-04
    7.08000E+02    9.14312E+00    1.06953E-04
    7.08100E+02    9.19502E+00    1.01544E-04
    7.08200E+02    9.21474E+00    9.95614E-05
    7.08300E+02    9.22153E+00    9.88872E-05
    7.08400E+02    9.24431E+00    9.66599E-05
    7.08500E+02    9.26881E+00    9.43203E-05
    7.08600E+02    9.29602E+00    9.17884E-05
    7.08700E+02    9.32278E+00    8.93653E-05
    7.08800E+02    9.34981E+00    8.69822E-05
    7.08900E+02    9.37773E+00    8.45871E-05
    7.09000E+02    9.40594E+00    8.22340E-05
    7.09100E+02    9.43436E+00    7.99301E-05
    7.09200E+02    9.46355E+00    7.76303E-05
    7.09300E+02    9.49330E+00    7.53548E-05
    7.09400E+02    9.52477E+00    7.30208E-05
    7.09500E+02    9.55987E+00    7.05018E-05
    7.09600E+02    9.61944E+00    6.64247E-05
    7.09700E+02    9.63627E+00    6.53165E-05
    7.09800E+02    9.64802E+00    6.45533E-05
    7.09900E+02    9.67421E+00    6.28846E-05
    7.10000E+02    9.70324E+00    6.10853E-05
    7.10100E+02    9.73369E+00    5.92535E-05
    7.10200E+02    9.76470E+00    5.74440E-05
    7.10300E+02    9.79600E+00    5.56740E-05
    7.10400E+02    9.82802E+00    5.39192E-05
    7.10500E+02    9.86077E+00    5.21822E-05
    7.10600E+02    9.89324E+00    5.05148E-05
    7.10700E+02    9.92686E+00    4.88449E-05
    7.10800E+02    9.96080E+00    4.72148E-05
    7.10900E+02    9.99502E+00    4.56267E-05
    7.11000E+02    1.00311E+01    4.40075E-05
    7.11100E+02    1.00655E+01    4.25212E-05
    7.11200E+02    1.01024E+01    4.09825E-05
    7.11300E+02    1.01413E+01    3.94167E-05
    7.11400E+02    1.01891E+01    3.75790E-05
    7.11500E+02    1.03300E+01    3.26379E-05
    7.11600E+02    1.02616E+01    3.49501E-05
    7.11700E+02    1.02900E+01    3.39711E-05
    7.11800E+02    1.03263E+01    3.27602E-05
    7.11900E+02    1.03640E+01    3.15491E-05
    7.12000E+02    1.04035E+01    3.03250E-05
    7.12100E+02    1.04440E+01    2.91231E-05
    7.12200E+02    1.04857E+01    2.79329E-05
    7.12300E+02    1.05286E+01    2.67595E-05
    7.12400E+02    1.05724E+01    2.56126E-05
    7.12500E+02    1.06172E+01    2.44918E-05
    7.12600E+02    1.06633E+01    2.33877E-05
    7.12700E+02    1.07110E+01    2.22984E-05
    7.12800E+02    1.07602E+01    2.12279E-05
    7.12900E+02    1.08116E+01    2.01645E-05
    7.13000E+02    1.08636E+01    1.91430E-05
    7.13100E+02    1.09186E+01    1.81183E-05
    7.13200E+02    1.09765E+01    1.70996E-05
    7.13300E+02    1.10368E+01    1.60982E-05
    7.13400E+02    1.11007E+01    1.51014E-05
    7.13500E+02    1.11670E+01    1.41330E-05
    7.13600E+02    1.12385E+01    1.31572E-05
    7.13700E+02    1.13155E+01    1.21824E-05
    7.13800E+02    1.13984E+01    1.12133E-05
    7.13900E+02    1.14889E+01    1.02434E-05
    7.14000E+02    1.15878E+01    9.27825E-06
    7.14100E+02    1.16979E+01    8.31098E-06
    7.14200E+02    1.18217E+01    7.34359E-06
    7.14300E+02    1.19642E+01    6.36808E-06
    7.14400E+02    1.21237E+01    5.42913E-06
    7.14500E+02    1.23083E+01    4.51392E-06
    7.14600E+02    1.25281E+01    3.62355E-06
    7.14700E+02    1.27934E+01    2.77898E-06
    7.14800E+02    1.31187E+01    2.00740E-06
    7.14900E+02    1.35279E+01    1.33320E-06
    7.15000E+02    1.40613E+01    7.82097E-07
    7.15100E+02    1.47895E+01    3.77558E-07
    7.15200E+02    1.58674E+01    1.28486E-07
    7.15300E+02    1.77684E+01    1.91996E-08
    7.15400E+02    2.36200E+01    5.52049E-11
    7.15500E+02    1.75220E+01    2.45646E-08
    7.15600E+02    1.58833E+01    1.26469E-07
    7.15700E+02    1.49583E+01    3.18930E-07
    7.15800E+02    1.43530E+01    5.84191E-07
    7.15900E+02    1.39299E+01    8.91876E-07
    7.16000E+02    1.36238E+01    1.21136E-06
    7.16100E+02    1.33981E+01    1.51810E-06
    7.16200E+02    1.32304E+01    1.79515E-06
    7.16300E+02    1.31053E+01    2.03443E-06
    7.16400E+02    1.30133E+01    2.23050E-06
    7.16500E+02    1.29475E+01    2.38211E-06
    7.16600E+02    1.29014E+01    2.49452E-06
    7.16700E+02    1.28741E+01    2.56360E-06
    7.16800E+02    1.28755E+01    2.55992E-06
    7.16900E+02    1.28560E+01    2.61035E-06
    7.17000E+02    1.28500E+01    2.62602E-06
    7.17100E+02    1.28573E+01    2.60704E-06
    7.17200E+02    1.28726E+01    2.56753E-06
    7.17300E+02    1.28930E+01    2.51551E-06
    7.17400E+02    1.29184E+01    2.45249E-06
    7.17500E+02    1.29481E+01    2.38079E-06
    7.17600E+02    1.29817E+01    2.30213E-06
    7.17700E+02    1.30189E+01    2.21803E-06
    7.17800E+02    1.30601E+01    2.12859E-06
    7.17900E+02    1.31060E+01    2.03305E-06
    7.18000E+02    1.31590E+01    1.92808E-06
    7.18100E+02    1.32276E+01    1.80023E-06
    7.18200E+02    1.33546E+01    1.58560E-06
    7.18300E+02    1.41020E+01    7.50927E-07
    7.18400E+02    1.34515E+01    1.43904E-06
    7.18500E+02    1.34201E+01    1.48493E-06
    7.18600E+02    1.34478E+01    1.44437E-06
    7.18700E+02    1.34901E+01    1.38467E-06
    7.18800E+02    1.35386E+01    1.31907E-06
    7.18900E+02    1.35917E+01    1.25089E-06
    7.19000E+02    1.36459E+01    1.18487E-06
    7.19100E+02    1.37026E+01    1.11958E-06
    7.19200E+02    1.37613E+01    1.05575E-06
    7.19300E+02    1.38221E+01    9.93440E-07
    7.19400E+02    1.38859E+01    9.32002E-07
    7.19500E+02    1.39555E+01    8.69346E-07
    7.19600E+02    1.40374E+01    8.00973E-07
    7.19700E+02    1.41698E+01    7.01661E-07
    7.19800E+02    1.46993E+01    4.13224E-07
    7.19900E+02    1.42778E+01    6.29849E-07
    7.20000E+02    1.42865E+01    6.24371E-07
    7.20100E+02    1.43339E+01    5.95501E-07
    7.20200E+02    1.43919E+01    5.61918E-07
    7.20300E+02    1.44549E+01    5.27589E-07
    7.20400E+02    1.45205E+01    4.94103E-07
    7.20500E+02    1.45888E+01    4.61479E-07
    7.20600E+02    1.46565E+01    4.31298E-07
    7.20700E+02    1.47260E+01    4.02332E-07
    7.20800E+02    1.47968E+01    3.74814E-07
    7.20900E+02    1.48681E+01    3.49018E-07
    7.21000E+02    1.49410E+01    3.24503E-07
    7.21100E+02    1.50142E+01    3.01582E-07
    7.21200E+02    1.50891E+01    2.79826E-07
    7.21300E+02    1.51642E+01    2.59591E-07
    7.21400E+02    1.52401E+01    2.40604E-07
    7.21500E+02    1.53173E+01    2.22735E-07
    7.21600E+02    1.53958E+01    2.05914E-07
    7.21700E+02    1.54752E+01    1.90192E-07
    7.21800E+02    1.55545E+01    1.75706E-07
    7.21900E+02    1.56347E+01    1.62151E-07
    7.22000E+02    1.57163E+01    1.49454E-07
    7.22100E+02    1.57992E+01    1.37568E-07
    7.22200E+02    1.58825E+01    1.26571E-07
    7.22300E+02    1.59670E+01    1.16307E-07
    7.22400E+02    1.60529E+01    1.06742E-07
    7.22500E+02    1.61399E+01    9.78425E-08
    7.22600E+02    1.62280E+01    8.95932E-08
    7.22700E+02    1.63176E+01    8.19174E-08
    7.22800E+02    1.64093E+01    7.47350E-08
    7.22900E+02    1.65043E+01    6.79647E-08
    7.23000E+02    1.66141E+01    6.08951E-08
    7.23100E+02    1.67073E+01    5.54786E-08
    7.23200E+02    1.68286E+01    4.91398E-08
    7.23300E+02    1.70307E+01    4.01474E-08
    7.23400E+02    1.73926E+01    2.79558E-08
    7.23500E+02    1.71510E+01    3.55963E-08
    7.23600E+02    1.71913E+01    3.41906E-08
    7.23700E+02    1.72692E+01    3.16299E-08
    7.23800E+02    1.73582E+01    2.89351E-08
    7.23900E+02    1.74536E+01    2.63031E-08
    7.24000E+02    1.75513E+01    2.38534E-08
    7.24100E+02    1.76513E+01    2.15849E-08
    7.24200E+02    1.77535E+01    1.94880E-08
    7.24300E+02    1.78571E+01    1.75697E-08
    7.24400E+02    1.79626E+01    1.58097E-08
    7.24500E+02    1.80683E+01    1.42245E-08
    7.24600E+02    1.81760E+01    1.27722E-08
    7.24700E+02    1.82845E+01    1.14585E-08
    7.24800E+02    1.83951E+01    1.02596E-08
    7.24900E+02    1.85065E+01    9.17755E-09
    7.25000E+02    1.86196E+01    8.19644E-09
    7.25100E+02    1.87337E+01    7.31209E-09
    7.25200E+02    1.88495E+01    6.51295E-09
    7.25300E+02    1.89662E+01    5.79540E-09
    7.25400E+02    1.90847E+01    5.14774E-09
    7.25500E+02    1.92060E+01    4.55954E-09
    7.25600E+02    1.93259E+01    4.04460E-09
    7.25700E+02    1.94482E+01    3.57881E-09
    7.25800E+02    1.95722E+01    3.16144E-09
    7.25900E+02    1.96978E+01    2.78830E-09
    7.26000E+02    1.98250E+01    2.45546E-09
    7.26100E+02    1.99538E+01    2.15858E-09
    7.26200E+02    2.00844E+01    1.89425E-09
    7.26300E+02    2.02170E+01    1.65902E-09
    7.26400E+02    2.03524E+01    1.44904E-09
    7.26500E+02    2.04928E+01    1.25922E-09
    7.26600E+02    2.06556E+01    1.07003E-09
    7.26700E+02    2.07869E+01    9.38346E-10
    7.26800E+02    2.09059E+01    8.33084E-10
    7.26900E+02    2.10427E+01    7.26531E-10
    7.27000E+02    2.11859E+01    6.29596E-10
    7.27100E+02    2.13440E+01    5.37563E-10
    7.27200E+02    2.14756E+01    4.71256E-10
    7.27300E+02    2.16213E+01    4.07359E-10
    7.27400E+02    2.17706E+01    3.50874E-10
    7.27500E+02    2.19227E+01    3.01370E-10
    7.27600E+02    2.20769E+01    2.58308E-10
    7.27700E+02    2.22319E+01    2.21201E-10
    7.27800E+02    2.23895E+01    1.88966E-10
    7.27900E+02    2.25493E+01    1.61045E-10
    7.28000E+02    2.27111E+01    1.36991E-10
    7.28100E+02    2.28748E+01    1.16309E-10
    7.28200E+02    2.30414E+01    9.84587E-11
    7.28300E+02    2.32101E+01    8.31712E-11
    7.28400E+02    2.33791E+01    7.02373E-11
    7.28500E+02    2.35516E+01    5.91132E-11
    7.28600E+02    2.37262E+01    4.96406E-11
    7.28700E+02    2.39034E+01    4.15783E-11
    7.28800E+02    2.40831E+01    3.47419E-11
    7.28900E+02    2.42648E+01    2.89678E-11
    7.29000E+02    2.44488E+01    2.41014E-11
    7.29100E+02    2.46359E+01    1.99882E-11
    7.29200E+02    2.48248E+01    1.65471E-11
    7.29300E+02    2.50170E+01    1.36536E-11
    7.29400E+02    2.52118E+01    1.12374E-11
    7.29500E+02    2.54092E+01    9.22423E-12
    7.29600E+02    2.56091E+01    7.55285E-12
    7.29700E+02    2.58124E+01    6.16340E-12
    7.29800E+02    2.60200E+01    5.00801E-12
    7.29900E+02    2.62346E+01    4.04075E-12
    7.30000E+02    2.65047E+01    3.08427E-12
    7.30100E+02    2.66641E+01    2.62993E-12
    7.30200E+02    2.68742E+01    2.13139E-12
    7.30300E+02    2.70916E+01    1.71500E-12
    7.30400E+02    2.73141E+01    1.37296E-12
    7.30500E+02    2.75422E+01    1.09287E-12
    7.30600E+02    2.77829E+01    8.59134E-13
    7.30700E+02    2.80080E+01    6.85947E-13
    7.30800E+02    2.82468E+01    5.40243E-13
    7.30900E+02    2.84913E+01    4.23032E-13
    7.31000E+02    2.87421E+01    3.29217E-13
    7.31100E+02    2.90037E+01    2.53440E-13
    7.31200E+02    2.92852E+01    1.91251E-13
    7.31300E+02    2.94990E+01    1.54436E-13
    7.31400E+02    2.97417E+01    1.21155E-13
    7.31500E+02    2.99931E+01    9.42219E-14
    7.31600E+02    3.02510E+01    7.28060E-14
    7.31700E+02    3.05138E+01    5.59802E-14
    7.31800E+02    3.07821E+01    4.28055E-14
    7.31900E+02    3.10552E+01    3.25774E-14
    7.32000E+02    3.13322E+01    2.46933E-14
    7.32100E+02    3.16147E+01    1.86163E-14
    7.32200E+02    3.19011E+01    1.39804E-14
    7.32300E+02    3.21928E+01    1.04435E-14
    7.32400E+02    3.24887E+01    7.76816E-15
    7.32500E+02    3.27901E+01    5.74707E-15
    7.32600E+02    3.30964E+01    4.23056E-15
    7.32700E+02    3.34063E+01    3.10338E-15
    7.32800E+02    3.37218E+01    2.26362E-15
    7.32900E+02    3.40425E+01    1.64256E-15
    7.33000E+02    3.43679E+01    1.18629E-15
    7.33100E+02    3.46991E+01    8.51898E-16
    7.33200E+02    3.50358E+01    6.08312E-16
    7.33300E+02    3.53778E+01    4.32140E-16
    7.33400E+02    3.57254E+01    3.05261E-16
    7.33500E+02    3.60793E+01    2.14279E-16
    7.33600E+02    3.64388E+01    1.49561E-16
    7.33700E+02    3.68042E+01    1.03789E-16
    7.33800E+02    3.71761E+01    7.15555E-17
    7.33900E+02    3.75553E+01    4.89723E-17
    7.34000E+02    3.79422E+01    3.32600E-17
    7.34100E+02    3.83375E+01    2.24002E-17
    7.34200E+02    3.87467E+01    1.48777E-17
    7.34300E+02    3.91931E+01    9.52068E-18
    7.34400E+02    3.98298E+01    5.03663E-18
    7.34500E+02    4.00064E+01    4.22129E-18
    7.34600E+02    4.03991E+01    2.85031E-18
    7.34700E+02    4.08218E+01    1.86777E-18
    7.34800E+02    4.12591E+01    1.20610E-18
    7.34900E+02    4.17130E+01    7.66057E-19
    7.35000E+02    4.22587E+01    4.43893E-19
    7.35100E+02    4.26300E+01    3.06212E-19
    7.35200E+02    4.30893E+01    1.93450E-19
    7.35300E+02    4.35651E+01    1.20202E-19
    7.35400E+02    4.40517E+01    7.38906E-20
    7.35500E+02    4.45482E+01    4.49740E-20
    7.35600E+02    4.50537E+01    2.71283E-20
    7.35700E+02    4.55684E+01    1.62139E-20
    7.35800E+02    4.60937E+01    9.58905E-21
    7.35900E+02    4.66284E+01    5.61761E-21
    7.36000E+02    4.71730E+01    3.25842E-21
    7.36100E+02    4.77285E+01    1.86964E-21
    7.36200E+02    4.82945E+01    1.06163E-21
    7.36300E+02    4.88724E+01    5.95650E-22
    7.36400E+02    4.94650E+01    3.29319E-22
    7.36500E+02    5.00839E+01    1.77349E-22
    7.36600E+02    5.06719E+01    9.85035E-23
    7.36700E+02    5.12920E+01    5.29854E-23
    7.36800E+02    5.19258E+01    2.81130E-23
    7.36900E+02    5.25709E+01    1.47490E-23
    7.37000E+02    5.32334E+01    7.60374E-24
    7.37100E+02    5.39064E+01    3.87926E-24
    7.37200E+02    5.45956E+01    1.94723E-24
    7.37300E+02    5.52979E+01    9.64740E-25
    7.37400E+02    5.60115E+01    4.72602E-25
    7.37500E+02    5.67405E+01    2.27983E-25
    7.37600E+02    5.74899E+01    1.07760E-25
    7.37700E+02    5.82496E+01    5.04103E-26
    7.37800E+02    5.90247E+01    2.32224E-26
    7.37900E+02    5.98202E+01    1.04818E-26
    7.38000E+02    6.06311E+01    4.65864E-27
    7.38100E+02    6.14572E+01    2.03930E-27
    7.38200E+02    6.23039E+01    8.74522E-28
    7.38300E+02    6.31709E+01    3.67480E-28
    7.38400E+02    6.40534E+01    1.52034E-28
    7.38500E+02    6.49566E+01    6.16204E-29
    7.38600E+02    6.58802E+01    2.44686E-29
    7.38700E+02    6.68243E+01    9.51842E-30
    7.38800E+02    6.77941E+01    3.60915E-30
    7.38900E+02    6.87795E+01    1.34727E-30
    7.39000E+02    6.97906E+01    4.90165E-31
    7.39100E+02    7.08274E+01    1.73798E-31
    7.39200E+02    7.18852E+01    6.03456E-32
    7.39300E+02    7.29690E+01    2.04159E-32
    7.39400E+02    7.40786E+01    6.73093E-33
    7.39500E+02    7.52136E+01    2.16353E-33
    7.39600E+02    7.63800E+01    6.73867E-34
    7.39700E+02    7.75682E+01    2.05390E-34
    7.39800E+02    7.87933E+01    6.03287E-35
    7.39900E+02    8.00464E+01    1.72307E-35
    7.40000E+02    8.13416E+01    4.71840E-36
    7.40100E+02    8.26688E+01    1.25139E-36
    7.40200E+02    8.40508E+01    3.14206E-37
    7.40300E+02    8.55637E+01    6.92110E-38
    7.40400E+02    8.71477E+01    1.41979E-38
    7.40500E+02    8.83253E+01    4.37343E-39
    7.40600E+02    8.97654E+01    1.03601E-39
    7.40700E+02    9.12807E+01    2.27654E-40
    7.40800E+02    9.28426E+01    4.77502E-41
    7.40900E+02    9.44558E+01    9.51428E-42
    7.41000E+02    9.61132E+01    1.81377E-42
    7.41100E+02    9.78139E+01    3.31087E-43
    7.41200E+02    9.95679E+01    5.73049E-44
    7.41300E+02    1.01370E+02    9.44833E-45
    7.41400E+02    1.03222E+02    1.48405E-45
    7.41500E+02    1.05130E+02    2.20175E-46
    7.41600E+02    1.07091E+02    3.09827E-47
    7.41700E+02    1.09106E+02    4.12932E-48
    7.41800E+02    1.11186E+02    5.16080E-49
    7.41900E+02    1.13330E+02    6.04697E-50
    7.42000E+02    1.15534E+02    6.67242E-51
    7.42100E+02    1.17809E+02    6.85665E-52
    7.42200E+02    1.20162E+02    6.52132E-53
    7.42300E+02    1.22594E+02    5.72648E-54
    7.42400E+02    1.25064E+02    4.84465E-55
    7.42500E+02    1.27633E+02    3.71259E-56
    7.42600E+02    1.30292E+02    2.60046E-57
    7.42700E+02    1.33034E+02    1.67505E-58
    7.42800E+02    1.35876E+02    9.77141E-60
    7.42900E+02    1.38797E+02    5.26142E-61
    7.43000E+02    1.41827E+02    2.54205E-62
    7.43100E+02    1.44968E+02    1.09970E-63
    7.43200E+02    1.48222E+02    4.24729E-65
    7.43300E+02    1.51554E+02    1.51698E-66
    7.43400E+02    1.55025E+02    4.71535E-68
    7.43500E+02    1.58622E+02    1.29252E-69
    7.43600E+02    1.62346E+02    3.11758E-71
    7.43700E+02    1.66212E+02    6.53160E-73
    7.43800E+02    1.70214E+02    1.19423E-74
    7.43900E+02    1.74367E+02    1.87667E-76
    7.44000E+02    1.78677E+02    2.52167E-78
    7.44100E+02    1.83148E+02    2.88365E-80
    7.44200E+02    1.87784E+02    2.79446E-82
    7.44300E+02    1.92595E+02    2.27436E-84
    7.44400E+02    1.97583E+02    1.55155E-86
    7.44500E+02    2.02755E+02    8.80487E-89
    7.44600E+02    2.08110E+02    4.15694E-91
    7.44700E+02    2.13665E+02    1.60837E-93
    7.44800E+02    2.19405E+02    5.16904E-96
    7.44900E+02    2.25348E+02    1.35766E-98
    7.45000E+02    2.31478E+02    2.95318E-100
    7.45100E+02    2.37801E+02    5.30063E-100
    7.45200E+02    2.44311E+02    7.88656E-100
    7.45300E+02    2.50997E+02    9.84423E-100
    7.45400E+02    2.57836E+02    1.05477E-100
    7.45500E+02    2.64859E+02    9.39848E-100
    7.45600E+02    2.72129E+02    6.54437E-100
    7.45700E+02    2.79671E+02    3.47028E-100
    7.45800E+02    2.87528E+02    1.34377E-100
    7.45900E+02    2.95735E+02    3.66426E-100
    7.46000E+02    3.04268E+02    7.21240E-100
    7.46100E+02    3.13228E+02    9.26354E-100
    7.46200E+02    3.22631E+02    7.64206E-100
    7.46300E+02    3.32505E+02    3.93564E-100
    7.46400E+02    3.42884E+02    1.22276E-100
    7.46500E+02    3.53888E+02    2.03420E-100
    7.46600E+02    3.65276E+02    2.30547E-100
    7.46700E+02    3.77355E+02    1.30856E-100
    7.46800E+02    3.90175E+02    3.54048E-100
    7.46900E+02    4.03806E+02    4.25718E-100
    7.47000E+02    4.17625E+02    4.24198E-100
    7.47100E+02    4.32477E+02    1.50461E-100
    7.47200E+02    4.48191E+02    2.25554E-100
    7.47300E+02    4.64804E+02    1.37458E-100
    7.47400E+02    4.82351E+02    3.29459E-100
    7.47500E+02    5.00909E+02    2.87061E-100
    7.47600E+02    5.20543E+02    8.53531E-100
    7.47700E+02    5.41363E+02    7.74418E-100
    7.47800E+02    5.63395E+02    2.09329E-100
    7.47900E+02    5.86735E+02    1.52871E-100
    7.48000E+02    6.11531E+02    2.60290E-100
    7.48100E+02    6.37881E+02    9.37166E-100
    7.48200E+02    6.65833E+02    6.79763E-100
    7.48300E+02    6.95582E+02    8.17807E-100
    7.48400E+02    7.27229E+02    1.47429E-100
    7.48500E+02    7.60990E+02    0.00000E+00
    7.48600E+02    7.96974E+02    0.00000E+00
    7.48700E+02    8.35736E+02    0.00000E+00
    7.48800E+02    8.76332E+02    0.00000E+00
    7.48900E+02    9.20049E+02    0.00000E+00
    7.49000E+02    9.66912E+02    0.00000E+00
    7.49100E+02    1.01714E+03    0.00000E+00
    7.49200E+02    1.07097E+03    0.00000E+00
    7.49300E+02    1.12876E+03    0.00000E+00
    7.49400E+02    1.19075E+03    0.00000E+00
    7.49500E+02    1.25740E+03    0.00000E+00
    7.49600E+02    1.32900E+03    0.00000E+00
    7.49700E+02    1.40601E+03    0.00000E+00
    7.49800E+02    1.48887E+03    0.00000E+00
    7.49900E+02    1.57794E+03    0.00000E+00

